1 0.532366 0.292220 0.129464 0.094877
1 0.251116 0.227704 0.081473 0.069260
1 0.411830 0.249526 0.102679 0.069260
1 0.129464 0.156546 0.050223 0.052182
1 0.306920 0.199241 0.062500 0.058824
1 0.349330 0.192600 0.072545 0.062619
1 0.241071 0.178368 0.063616 0.058824
1 0.285714 0.154649 0.056920 0.047438
1 0.190848 0.142315 0.045759 0.060721
1 0.726563 0.381404 0.155134 0.092030
1 0.436384 0.320683 0.119420 0.085389
1 0.277902 0.475332 0.135045 0.141366
1 0.957310 0.490512 0.085379 0.116698
1 0.011998 0.229602 0.023996 0.080645
