0 0.609656 0.198459 0.157119 0.201349
1 0.863339 0.161850 0.081015 0.096339
2 0.795417 0.198459 0.082651 0.118497
1 0.596563 0.327553 0.091653 0.109827
2 0.788871 0.132948 0.072013 0.084778
1 0.711948 0.295761 0.074468 0.109827
1 0.040712 0.384393 0.081424 0.116570
1 0.027005 0.510597 0.054010 0.142582
3 0.337971 0.297688 0.313421 0.353565
1 0.196399 0.340077 0.069558 0.109827
1 0.400164 0.464355 0.124386 0.146435
2 0.573650 0.423892 0.089198 0.171484
1 0.123568 0.313102 0.095745 0.118497
1 0.205401 0.237958 0.085106 0.105010
1 0.285597 0.233141 0.072013 0.100193
1 0.414894 0.657996 0.137480 0.193642
1 0.072831 0.895713 0.145663 0.208574
1 0.280687 0.177264 0.059738 0.088632
1 0.360884 0.164740 0.049100 0.079961
