1 0.407767 0.209742 0.116505 0.099404
1 0.612621 0.165010 0.094175 0.080517
1 0.518447 0.162028 0.093204 0.077535
1 0.757282 0.078529 0.054369 0.068588
1 0.618447 0.111332 0.068932 0.072565
1 0.789320 0.043738 0.038835 0.051690
1 0.583495 0.094433 0.059223 0.061630
1 0.679612 0.082505 0.057281 0.063618
1 0.637864 0.062624 0.058252 0.056660
1 0.726214 0.049702 0.050485 0.063618
1 0.214563 0.310139 0.136893 0.101392
1 0.431068 0.279324 0.124272 0.101392
1 0.807767 0.216700 0.082524 0.101392
1 0.032282 0.412525 0.064563 0.106362
1 0.974029 0.085487 0.051942 0.065606
