1 0.763158 0.354265 0.115984 0.126777
1 0.526316 0.274882 0.076998 0.084123
1 0.659844 0.298578 0.085770 0.086493
1 0.410331 0.186019 0.043860 0.065166
1 0.564327 0.235782 0.057505 0.075829
1 0.601365 0.228673 0.065302 0.075829
1 0.504873 0.208531 0.053606 0.084123
1 0.544834 0.181280 0.050682 0.067536
1 0.461014 0.162322 0.039961 0.073460
1 0.938840 0.463270 0.122320 0.118483
1 0.696881 0.401659 0.108187 0.112559
1 0.489279 0.510664 0.110136 0.154028
1 0.260234 0.253555 0.066277 0.092417
1 0.167641 0.206161 0.063353 0.081754
