1 0.771591 0.044148 0.037500 0.041068
1 0.522727 0.924025 0.154546 0.151951
1 0.289773 0.940452 0.172727 0.119097
1 0.057386 0.927105 0.114773 0.145790
1 0.519318 0.708419 0.119318 0.204312
1 0.321591 0.713552 0.122727 0.195072
1 0.126136 0.740246 0.146591 0.221766
1 0.365909 0.509240 0.109091 0.184805
1 0.190909 0.577002 0.109091 0.160164
1 0.033523 0.590349 0.067045 0.211499
1 0.230682 0.472279 0.095455 0.131417
1 0.096591 0.471253 0.098864 0.140657
1 0.252273 0.389117 0.082955 0.111910
1 0.152273 0.373717 0.082955 0.106776
1 0.296591 0.314168 0.064773 0.094456
1 0.181818 0.308008 0.067045 0.092402
1 0.287500 0.260780 0.053409 0.087269
1 0.200000 0.260780 0.059091 0.083162
1 0.232955 0.217659 0.051136 0.074949
1 0.257955 0.177618 0.054545 0.072895
3 0.321591 0.172485 0.089773 0.182751
3 0.040341 0.417864 0.080682 0.392197
3 0.069602 0.244353 0.139205 0.223819
3 0.143182 0.159138 0.092045 0.170431
3 0.220455 0.086242 0.113636 0.160164
3 0.338636 0.095483 0.068182 0.109856
1 0.713636 0.039014 0.032954 0.041068
1 0.495455 0.059548 0.030682 0.044148
0 0.998580 0.233060 0.002841 0.133470
1 0.742045 0.078029 0.037500 0.048255
1 0.707955 0.124230 0.059091 0.063655
1 0.588636 0.087269 0.042045 0.048255
1 0.530682 0.123203 0.044318 0.053388
1 0.906818 0.248460 0.073864 0.085216
