1 0.704581 0.664463 0.256714 0.257025
1 0.324645 0.467769 0.135071 0.154545
3 0.089455 0.342975 0.178910 0.227273
1 0.978673 0.622314 0.042654 0.170248
2 0.792259 0.511570 0.204581 0.247107
1 0.552133 0.446281 0.163507 0.152893
2 0.394945 0.379339 0.119273 0.157025
1 0.270142 0.355372 0.107425 0.107438
3 0.147709 0.291736 0.182464 0.178512
1 0.062401 0.292562 0.062401 0.074380
1 0.661927 0.388430 0.186414 0.157025
1 0.780411 0.275207 0.157188 0.135537
1 0.263033 0.206612 0.065561 0.062810
2 0.228278 0.261983 0.075039 0.085950
1 0.980253 0.207438 0.039494 0.101653
1 0.872828 0.207438 0.126382 0.098347
1 0.725908 0.186777 0.112954 0.088430
1 0.590837 0.175207 0.097156 0.076033
3 0.435229 0.128926 0.195103 0.138843
1 0.939179 0.172727 0.121643 0.084298
1 0.789100 0.161983 0.112954 0.078512
1 0.658768 0.145455 0.098736 0.074380
1 0.547393 0.130579 0.076619 0.068595
1 0.296209 0.128099 0.050553 0.052893
1 0.263033 0.153719 0.057662 0.052893
1 0.211690 0.130579 0.049763 0.045455
1 0.180885 0.147107 0.041864 0.047107
