2 0.602515 0.037713 0.030948 0.075427
2 0.053433 0.415560 0.106867 0.200190
1 0.013781 0.792220 0.027563 0.285579
1 0.190522 0.418406 0.104449 0.150854
1 0.362669 0.343454 0.091876 0.162239
2 0.053191 0.221063 0.088008 0.150854
1 0.624758 0.188805 0.061895 0.087286
1 0.428433 0.166983 0.050290 0.080645
1 0.318182 0.166034 0.060928 0.074004
1 0.871373 0.233397 0.073501 0.103416
1 0.869439 0.483871 0.120890 0.166034
0 0.964700 0.163188 0.070600 0.139469
1 0.398453 0.026091 0.038685 0.052182
1 0.786267 0.830171 0.161509 0.240987
