3 0.951810 0.715625 0.096380 0.409375
1 0.474560 0.940365 0.114481 0.119271
1 0.396282 0.239583 0.044031 0.073958
1 0.242661 0.200000 0.036203 0.052083
2 0.175147 0.192708 0.040117 0.068750
1 0.750489 0.675000 0.109589 0.229167
2 0.669276 0.949219 0.145793 0.101563
1 0.216243 0.276042 0.040117 0.068750
1 0.812133 0.556250 0.086106 0.138542
1 0.648728 0.358333 0.067515 0.126042
2 0.734834 0.371875 0.069472 0.120833
1 0.143836 0.385417 0.054795 0.095833
1 0.102740 0.298958 0.049902 0.071875
1 0.587084 0.286458 0.040117 0.068750
1 0.175147 0.600000 0.089041 0.142708
1 0.041341 0.613542 0.082681 0.142708
1 0.535225 0.252083 0.039139 0.066667
1 0.623288 0.241667 0.042074 0.064583
1 0.564579 0.225000 0.038160 0.071875
1 0.065313 0.931250 0.130626 0.137500
1 0.506849 0.206250 0.031311 0.059375
