1 0.312212 0.189354 0.061060 0.082897
1 0.740783 0.041012 0.040323 0.049738
1 0.813364 0.061082 0.044931 0.055846
1 0.781106 0.094241 0.058756 0.072426
1 0.542627 0.255672 0.081797 0.113438
1 0.868664 0.112565 0.063364 0.074171
1 0.385945 0.312391 0.097926 0.119546
1 0.501152 0.096859 0.047235 0.063700
1 0.585253 0.166667 0.067972 0.072426
1 0.851382 0.229494 0.086406 0.107330
1 0.976382 0.246073 0.047235 0.099476
1 0.577189 0.090750 0.042627 0.054101
1 0.480415 0.065445 0.038018 0.054101
1 0.533410 0.041012 0.036866 0.043630
