1 0.603314 0.235426 0.093567 0.098655
1 0.531189 0.182735 0.082846 0.087444
1 0.462963 0.139013 0.073099 0.077354
1 0.412281 0.108744 0.061404 0.073991
1 0.707602 0.297085 0.110136 0.103139
1 0.871345 0.334081 0.133528 0.116592
1 0.730020 0.258969 0.098441 0.103139
1 0.620858 0.199552 0.086745 0.090807
2 0.550682 0.142377 0.075049 0.087444
1 0.470760 0.102018 0.069201 0.073991
1 0.533138 0.100897 0.065302 0.066144
1 0.991715 0.426009 0.016569 0.151345
1 0.829435 0.384529 0.139376 0.133408
1 0.982943 0.820628 0.034113 0.321749
1 0.964425 0.492152 0.071150 0.151345
1 0.607212 0.144619 0.078947 0.073991
1 0.973441 0.946188 0.053119 0.107623
1 0.692982 0.188341 0.082846 0.079596
1 0.604288 0.341928 0.109162 0.137892
1 0.451267 0.313901 0.097466 0.137892
2 0.313840 0.141256 0.070175 0.114350
1 0.157895 0.103139 0.066277 0.079596
