1 0.686102 0.147788 0.026358 0.050442
1 0.636581 0.144248 0.023163 0.044248
1 0.323482 0.899336 0.134185 0.201327
1 0.657348 0.185841 0.031949 0.061062
1 0.739617 0.144248 0.029553 0.038053
1 0.710064 0.203540 0.034345 0.056637
1 0.646965 0.229204 0.035942 0.069027
1 0.769169 0.191150 0.035942 0.056637
1 0.801118 0.152212 0.032748 0.044248
1 0.676518 0.330973 0.048722 0.081416
1 0.470447 0.339823 0.054313 0.090265
1 0.826677 0.284956 0.054313 0.071681
1 0.799521 0.394690 0.067093 0.108850
1 0.892172 0.262832 0.058307 0.075221
1 0.446486 0.198230 0.038339 0.056637
1 0.922524 0.408850 0.079073 0.105310
1 0.772364 0.769912 0.103035 0.205310
2 0.967252 0.856637 0.065495 0.276991
1 0.981629 0.383186 0.036741 0.085841
