1 0.808554 0.930785 0.190428 0.138430
1 0.144603 0.177686 0.040733 0.080579
1 0.058045 0.212810 0.040733 0.066116
1 0.726069 0.586777 0.104888 0.144628
1 0.097760 0.257231 0.048880 0.075413
1 0.570265 0.346074 0.062118 0.090909
1 0.157841 0.341942 0.053972 0.085744
1 0.046843 0.379132 0.070265 0.098140
1 0.453157 0.326446 0.057026 0.095041
1 0.363544 0.320248 0.049898 0.090909
1 0.469450 0.228306 0.039715 0.058884
1 0.418534 0.263430 0.044807 0.071281
2 0.044552 0.884039 0.089104 0.231921
1 0.328921 0.186983 0.035642 0.058884
