1 0.020505 0.595577 0.041009 0.142180
2 0.221609 0.494471 0.197950 0.233807
1 0.458202 0.432859 0.164038 0.150079
2 0.615931 0.365719 0.119874 0.142180
1 0.740536 0.342812 0.106467 0.101106
3 0.860410 0.282780 0.188486 0.170616
1 0.947950 0.281991 0.059148 0.069510
1 0.980875 0.271722 0.038249 0.065561
2 0.167192 0.413902 0.221609 0.203791
1 0.399842 0.366509 0.142745 0.132701
1 0.552839 0.310427 0.126972 0.114534
1 0.677445 0.285150 0.104101 0.095577
1 0.759464 0.266983 0.069401 0.076619
1 0.847003 0.239337 0.059937 0.061611
1 0.572555 0.254344 0.100158 0.075039
1 0.847792 0.195103 0.056782 0.050553
1 0.958202 0.226698 0.044953 0.050553
1 0.026814 0.200632 0.053628 0.097946
1 0.138801 0.199052 0.125394 0.091627
1 0.285489 0.181675 0.110410 0.075039
1 0.418770 0.169826 0.094637 0.076619
3 0.570978 0.130332 0.194795 0.125592
1 0.047319 0.173776 0.094637 0.082149
1 0.253155 0.154028 0.117508 0.080569
1 0.402997 0.135071 0.089117 0.072670
1 0.518139 0.131122 0.066246 0.057662
1 0.701104 0.154818 0.063880 0.054502
1 0.667981 0.135861 0.056782 0.056082
1 0.769716 0.145340 0.051262 0.045024
1 0.735016 0.127962 0.041009 0.037125
1 0.820978 0.143760 0.046530 0.045024
1 0.782334 0.121643 0.048107 0.043444
