1 0.578063 0.146727 0.068182 0.125282
1 0.515810 0.469526 0.113636 0.232506
1 0.474308 0.108352 0.063241 0.138826
1 0.374506 0.256208 0.082016 0.171558
1 0.360672 0.082393 0.056324 0.115124
1 0.433794 0.039786 0.051383 0.079571
1 0.103755 0.098194 0.079051 0.117381
1 0.148221 0.231377 0.094862 0.150113
1 0.357708 0.027370 0.048419 0.054740
2 0.421937 0.003104 0.048419 0.006208
2 0.032362 0.211061 0.064723 0.208804
1 0.642292 0.103837 0.093874 0.101580
1 0.000000 0.546275 0.000000 0.253950
3 0.558300 0.054740 0.158103 0.109481
