1 0.995663 0.533674 0.008673 0.128571
1 0.969643 0.593878 0.060714 0.109184
1 0.876531 0.448980 0.138775 0.091837
1 0.829592 0.494898 0.146939 0.096939
1 0.718367 0.380612 0.102041 0.093878
1 0.702041 0.417347 0.118367 0.082653
1 0.678571 0.316327 0.082653 0.063265
1 0.615306 0.330612 0.086735 0.074490
1 0.597959 0.359184 0.093878 0.074490
1 0.600000 0.274490 0.074490 0.058163
1 0.535714 0.274490 0.077551 0.070408
1 0.520408 0.315306 0.088775 0.067347
1 0.509184 0.232653 0.069388 0.058163
1 0.457143 0.239796 0.069388 0.074490
1 0.413265 0.254082 0.070408 0.063265
1 0.354082 0.225510 0.058163 0.060204
1 0.389796 0.408163 0.093878 0.111225
