1 0.002037 0.276820 0.004073 0.172414
2 0.146640 0.189655 0.162933 0.140805
1 0.453157 0.106322 0.093686 0.077586
1 0.540733 0.080460 0.069246 0.068008
1 0.465377 0.155172 0.090631 0.097701
2 0.117617 0.723180 0.235234 0.412835
1 0.364562 0.522988 0.204684 0.213602
3 0.620163 0.189655 0.239308 0.251916
1 0.293279 0.425287 0.211813 0.177203
1 0.570265 0.384100 0.147658 0.152299
2 0.082230 0.512452 0.164460 0.263410
1 0.095978 0.389847 0.191955 0.163793
1 0.316701 0.284483 0.155805 0.127395
1 0.748473 0.235632 0.090631 0.120690
1 0.667006 0.303640 0.104888 0.122605
1 0.462322 0.215517 0.108961 0.120690
1 0.743381 0.159962 0.057026 0.068008
1 0.798371 0.137931 0.052953 0.063218
1 0.810591 0.200192 0.061100 0.084291
