1 0.055201 0.667849 0.110401 0.165485
1 0.082117 0.743499 0.164234 0.167849
1 0.210766 0.560284 0.130474 0.126478
1 0.253650 0.622931 0.141423 0.126478
1 0.343978 0.479905 0.097628 0.114657
1 0.367701 0.526005 0.113139 0.114657
1 0.387774 0.408983 0.077555 0.083924
1 0.445255 0.419622 0.088504 0.092199
1 0.461679 0.457447 0.095803 0.100473
1 0.458942 0.361702 0.075730 0.081560
1 0.513686 0.360520 0.072993 0.092199
1 0.532847 0.406619 0.083942 0.089834
1 0.533759 0.316785 0.065693 0.078014
1 0.586679 0.315603 0.062956 0.089835
1 0.597628 0.359338 0.076642 0.092199
1 0.641423 0.325059 0.064781 0.086288
1 0.835766 0.332151 0.068431 0.092199
1 0.696168 0.460993 0.083029 0.126478
1 0.562956 0.587470 0.110402 0.173759
