3 0.275720 0.690432 0.551440 0.619137
0 0.720165 0.444653 0.241770 0.280488
1 0.878601 0.437148 0.120370 0.121951
1 0.960391 0.392120 0.079218 0.104128
1 0.010288 0.427767 0.020576 0.168856
1 0.212963 0.364916 0.201646 0.139775
3 0.505144 0.258912 0.348765 0.227017
3 0.208076 0.242026 0.416152 0.259850
1 0.731482 0.270169 0.089506 0.082552
3 0.663580 0.204503 0.246914 0.166979
1 0.818930 0.257974 0.090535 0.077861
3 0.881687 0.179174 0.205761 0.113508
2 0.099280 0.575985 0.198560 0.273921
1 0.377572 0.503752 0.213992 0.175422
2 0.580247 0.421201 0.155350 0.168856
1 0.743827 0.396811 0.138889 0.121951
3 0.891461 0.319887 0.217078 0.206379
