1 0.069926 0.279835 0.139851 0.144033
1 0.212046 0.170782 0.098185 0.104938
1 0.764026 0.019290 0.058581 0.038580
2 0.710396 0.030864 0.042079 0.061728
1 0.131188 0.328189 0.137789 0.146091
1 0.309406 0.113169 0.069307 0.092593
1 0.667492 0.025206 0.042079 0.050412
3 0.668317 0.014146 0.159241 0.028292
1 0.316832 0.208848 0.082508 0.122428
1 0.671617 0.085391 0.045380 0.073045
1 0.391914 0.051440 0.056106 0.092593
1 0.439769 0.084362 0.055281 0.080247
2 0.424918 0.027778 0.049505 0.055556
1 0.505776 0.027521 0.040429 0.055041
1 0.471122 0.013117 0.035479 0.026235
