1 0.389292 0.144309 0.031760 0.055894
1 0.847550 0.513211 0.093466 0.151423
1 0.999546 0.685976 0.000907 0.188008
1 0.235935 0.154472 0.033575 0.050813
1 0.310345 0.202236 0.039927 0.070122
1 0.693285 0.429878 0.078947 0.156504
1 0.561706 0.373984 0.058076 0.110772
1 0.639746 0.305894 0.060799 0.108740
1 0.703267 0.274390 0.051724 0.082317
1 0.349365 0.404472 0.058984 0.105691
1 0.735027 0.232724 0.047187 0.074187
1 0.580762 0.215447 0.043557 0.077236
1 0.509074 0.194106 0.036298 0.070122
1 0.567151 0.155488 0.036298 0.057927
1 0.215063 0.928354 0.153357 0.143293
1 0.611615 0.141260 0.033575 0.063008
