0 0.338164 0.282334 0.078100 0.102524
1 0.646538 0.661672 0.132045 0.215300
1 0.623994 0.353312 0.044283 0.087539
1 0.334138 0.773659 0.224638 0.263407
1 0.712560 0.414038 0.054750 0.102524
1 0.424316 0.553628 0.139291 0.147476
1 0.646538 0.279968 0.038647 0.074921
3 0.698068 0.243691 0.084541 0.181388
3 0.784219 0.251577 0.132850 0.179811
3 0.751208 0.177445 0.086957 0.070978
1 0.533816 0.391956 0.061192 0.134858
1 0.596618 0.234227 0.036232 0.057571
1 0.540258 0.238170 0.034622 0.061514
1 0.530596 0.197161 0.035427 0.044953
1 0.575684 0.182177 0.028180 0.044953
3 0.638486 0.160883 0.054750 0.108044
3 0.872786 0.251577 0.154589 0.141956
1 0.863929 0.372240 0.070048 0.078864
1 0.590177 0.294953 0.035427 0.069401
1 0.537037 0.149842 0.031401 0.050473
1 0.504831 0.160095 0.036232 0.044953
1 0.603865 0.142744 0.019324 0.031546
1 0.977254 0.354101 0.045491 0.072555
3 0.923913 0.494479 0.152174 0.351735
