1 0.191275 0.292196 0.144295 0.127042
1 0.951342 0.740472 0.097315 0.245009
1 0.012025 0.187840 0.024049 0.116152
1 0.998322 0.352995 0.003356 0.139746
1 0.661074 0.220508 0.133110 0.103448
1 0.799776 0.321234 0.183445 0.128857
1 0.699105 0.334846 0.215884 0.146098
1 0.218121 0.441016 0.246085 0.169691
1 0.376958 0.257713 0.183445 0.128857
1 0.338926 0.151543 0.124161 0.083485
1 0.414989 0.201452 0.152125 0.131579
1 0.166667 0.570780 0.263982 0.204174
1 0.670022 0.747731 0.366890 0.273140
1 0.123042 0.800363 0.246085 0.307622
1 0.105145 0.147005 0.129754 0.097096
1 0.126398 0.119782 0.110738 0.081670
