1 0.602778 0.287910 0.159259 0.136271
3 0.700694 0.601434 0.598611 0.687500
0 0.290741 0.349385 0.206481 0.318648
1 0.153704 0.346311 0.108333 0.133197
1 0.069444 0.287910 0.095370 0.121926
3 0.018981 0.218238 0.037963 0.194672
1 0.964120 0.337090 0.071759 0.179303
1 0.750926 0.265369 0.182407 0.155738
3 0.489815 0.151639 0.313889 0.247951
3 0.762037 0.137551 0.384259 0.275102
1 0.286111 0.156762 0.081481 0.092213
3 0.347222 0.092213 0.222222 0.182377
1 0.207407 0.150615 0.081481 0.085041
3 0.150926 0.064549 0.185185 0.123975
2 0.882870 0.497951 0.234259 0.299180
1 0.604630 0.419057 0.192593 0.191598
2 0.422222 0.328893 0.139815 0.184426
1 0.275000 0.302254 0.125000 0.133197
3 0.130556 0.218238 0.218519 0.225410
