1 0.890968 0.370265 0.218064 0.170455
1 0.548902 0.284091 0.180639 0.137311
1 0.210579 0.204545 0.111776 0.103220
3 0.669411 0.565341 0.661178 0.635417
0 0.219561 0.332386 0.222555 0.294508
1 0.071856 0.329545 0.116766 0.123106
1 0.016218 0.275568 0.032435 0.112689
1 0.953343 0.321023 0.093313 0.165720
1 0.715569 0.254735 0.196607 0.143939
3 0.434132 0.149621 0.338323 0.229167
3 0.727545 0.132576 0.414172 0.262311
1 0.214571 0.154356 0.087824 0.085227
3 0.280439 0.094697 0.239521 0.168561
1 0.129741 0.148674 0.087824 0.078598
3 0.084331 0.069129 0.168663 0.114583
2 0.859281 0.469697 0.255489 0.276515
1 0.557884 0.396780 0.207585 0.177083
2 0.361277 0.313447 0.150699 0.170455
1 0.202595 0.288826 0.134731 0.123106
3 0.082335 0.211174 0.164671 0.208333
