1 0.496779 0.573132 0.160225 0.201908
1 0.324477 0.061208 0.036232 0.045310
1 0.314815 0.085851 0.041063 0.043720
3 0.392915 0.042130 0.092593 0.082671
2 0.295491 0.218601 0.071659 0.092210
1 0.346216 0.126391 0.049114 0.046900
1 0.605475 0.169316 0.074074 0.067568
1 0.559581 0.237679 0.082931 0.069952
1 0.577295 0.203498 0.083736 0.073132
2 0.141707 0.098569 0.035427 0.056439
1 0.076490 0.101749 0.032206 0.049285
1 0.015499 0.120827 0.030998 0.045310
1 0.852657 0.264706 0.112721 0.097774
1 0.101449 0.069952 0.029791 0.037361
1 0.050725 0.073927 0.028986 0.037361
