1 0.609779 0.509494 0.135609 0.180380
3 0.401291 0.167722 0.158672 0.177215
1 0.474170 0.496835 0.119004 0.160338
1 0.480627 0.388186 0.100554 0.117089
1 0.343173 0.378692 0.088561 0.107595
1 0.538745 0.280591 0.080258 0.082279
1 0.628229 0.334388 0.102399 0.089662
1 0.392066 0.312236 0.093173 0.107595
1 0.297970 0.186709 0.055351 0.060127
1 0.761070 0.420886 0.130074 0.109705
1 0.922279 0.504219 0.155443 0.129747
1 0.422509 0.589662 0.132841 0.184599
1 0.305351 0.246835 0.072878 0.082278
2 0.379151 0.226793 0.080258 0.094937
1 0.318266 0.452532 0.113469 0.157173
3 0.455950 0.996835 0.911900 0.006329
1 0.215867 0.313291 0.070111 0.107595
2 0.534133 0.329114 0.088561 0.114979
1 0.428967 0.947785 0.288745 0.104430
1 0.157749 0.214135 0.065498 0.080169
1 0.891836 0.950158 0.216328 0.099684
1 0.029520 0.172996 0.059041 0.062236
1 0.970249 0.765823 0.059502 0.187764
