1 0.664729 0.017224 0.061047 0.034449
1 0.528101 0.040354 0.062984 0.049213
1 0.592054 0.048228 0.078488 0.056102
0 0.793605 0.161417 0.089147 0.139764
1 0.972141 0.626969 0.055717 0.284449
1 0.855620 0.502953 0.101744 0.195866
1 0.840116 0.348425 0.088178 0.144685
1 0.873062 0.227362 0.077519 0.125984
1 0.919574 0.154528 0.057170 0.093504
1 0.906250 0.855315 0.187500 0.268701
1 0.120155 0.248032 0.125000 0.098425
1 0.528101 0.113189 0.095930 0.081693
1 0.978440 0.088583 0.043120 0.079724
1 0.550388 0.790354 0.243217 0.226378
1 0.205426 0.137795 0.086240 0.062992
1 0.843992 0.050197 0.082364 0.062992
2 0.036095 0.187992 0.072190 0.071850
1 0.052810 0.839567 0.105620 0.195866
1 0.993459 0.030512 0.013081 0.056102
