1 0.980388 0.584790 0.039224 0.105769
2 0.596552 0.277098 0.064655 0.097028
2 0.642241 0.329545 0.080172 0.104021
1 0.747414 0.388986 0.100000 0.104021
1 0.887069 0.440559 0.133621 0.136364
1 0.991379 0.504371 0.017241 0.078671
1 0.185345 0.241259 0.073276 0.054196
1 0.718966 0.256993 0.055172 0.057692
3 0.314655 0.341783 0.241379 0.223776
1 0.517241 0.200175 0.056034 0.048077
1 0.833621 0.259615 0.062931 0.057692
1 0.597414 0.815559 0.243966 0.178322
1 0.823276 0.233392 0.059483 0.054196
1 0.550862 0.215909 0.064655 0.039336
1 0.705172 0.960664 0.275862 0.078671
1 0.216379 0.823427 0.233621 0.192308
3 0.202802 0.960009 0.405603 0.079983
1 0.771552 0.208042 0.066379 0.039336
1 0.032974 0.949301 0.065948 0.101399
