1 0.561555 0.216797 0.057235 0.089844
1 0.379050 0.645508 0.147948 0.258789
2 0.475162 0.332031 0.126350 0.182617
1 0.452484 0.254883 0.077754 0.113281
1 0.218143 0.483398 0.167387 0.248047
1 0.320734 0.019287 0.038877 0.038574
1 0.413607 0.140625 0.064795 0.094727
3 0.562635 0.051514 0.060475 0.103027
1 0.238661 0.050781 0.050756 0.067383
1 0.493521 0.047852 0.035637 0.045898
1 0.413607 0.073242 0.047516 0.057617
1 0.166307 0.241211 0.100432 0.123047
1 0.458963 0.030273 0.038877 0.057617
3 0.644708 0.550781 0.234341 0.643555
