1 0.216727 0.098060 0.035971 0.066810
1 0.279676 0.086207 0.038669 0.066810
1 0.202338 0.147629 0.045863 0.084052
1 0.642986 0.947198 0.165468 0.105603
2 0.142986 0.107759 0.038669 0.084052
1 0.250899 0.232759 0.051259 0.096983
1 0.102518 0.085129 0.039568 0.068966
1 0.580036 0.375000 0.079137 0.137931
1 0.708633 0.389009 0.076439 0.130388
1 0.642986 0.284483 0.062050 0.102371
1 0.670863 0.197198 0.051259 0.087284
1 0.209532 0.412716 0.071942 0.147629
1 0.056655 0.274784 0.071043 0.109914
1 0.046088 0.533405 0.092176 0.168103
1 0.193345 0.649784 0.094424 0.197198
1 0.557554 0.133621 0.042266 0.081897
