1 0.288553 0.415921 0.131161 0.159213
1 0.821940 0.491055 0.224960 0.220930
2 0.447536 0.333631 0.134340 0.171735
1 0.267091 0.288014 0.105723 0.116279
3 0.143879 0.220930 0.190779 0.194991
1 0.054849 0.220036 0.058029 0.078712
1 0.019475 0.209302 0.038951 0.076029
2 0.841017 0.367621 0.224960 0.233453
1 0.606518 0.313059 0.143084 0.150268
1 0.452305 0.251342 0.127981 0.129696
1 0.326709 0.221825 0.104134 0.106440
1 0.242448 0.203936 0.073132 0.086762
1 0.160572 0.174419 0.060413 0.069767
1 0.944555 0.250447 0.110890 0.131485
1 0.075517 0.168157 0.047695 0.069767
1 0.360095 0.144007 0.073927 0.078712
1 0.276630 0.165474 0.075517 0.072451
1 0.059618 0.159213 0.042130 0.059034
1 0.146264 0.115385 0.050874 0.061717
1 0.874404 0.121646 0.127981 0.099284
1 0.731320 0.108229 0.112083 0.086762
1 0.589825 0.094812 0.094595 0.082290
3 0.436407 0.054562 0.194754 0.109123
1 0.902226 0.087657 0.123211 0.093023
1 0.737679 0.059034 0.108903 0.080501
1 0.589030 0.055456 0.079491 0.076029
1 0.305246 0.075134 0.062798 0.061717
1 0.358506 0.054562 0.047695 0.052773
1 0.236089 0.069767 0.048490 0.052773
1 0.280604 0.042934 0.047695 0.049195
1 0.183625 0.061717 0.044515 0.049195
1 0.231320 0.033095 0.044515 0.050984
