1 0.431723 0.104202 0.067227 0.039496
1 0.572479 0.130252 0.072479 0.039496
1 0.503151 0.138655 0.085084 0.046218
0 0.299370 0.236975 0.096639 0.119328
1 0.068015 0.634454 0.136029 0.242857
1 0.234244 0.531092 0.113445 0.171429
1 0.248950 0.396639 0.093487 0.127731
1 0.213235 0.294958 0.080882 0.105882
1 0.164916 0.236134 0.064076 0.084034
1 0.124212 0.836134 0.248424 0.229412
1 0.999212 0.317647 0.001576 0.079832
1 0.612395 0.200840 0.105042 0.068067
1 0.092437 0.177311 0.067227 0.071429
1 0.531513 0.773950 0.264706 0.197479
1 0.923319 0.212605 0.095588 0.052101
1 0.264706 0.146218 0.093487 0.053782
1 0.057773 0.124370 0.097689 0.047899
