1 0.203704 0.656189 0.273569 0.307466
2 0.222222 0.411591 0.199495 0.268173
1 0.612795 0.295678 0.142256 0.158153
3 0.829125 0.184676 0.219697 0.225933
1 0.957071 0.171906 0.068182 0.083497
1 0.988847 0.160118 0.022306 0.079568
2 0.133838 0.331041 0.238216 0.256385
1 0.381313 0.272102 0.151515 0.165029
1 0.545455 0.204322 0.135522 0.144401
1 0.677609 0.170923 0.110269 0.113949
1 0.768519 0.152259 0.078283 0.095285
1 0.851852 0.122790 0.063131 0.076621
1 0.914983 0.118861 0.056397 0.074656
1 0.241583 0.141454 0.137205 0.125737
1 0.258418 0.216110 0.164983 0.153242
1 0.957912 0.104126 0.047138 0.067780
1 0.629630 0.115914 0.091751 0.100196
1 0.034301 0.074656 0.068603 0.111984
1 0.196128 0.052800 0.123737 0.105599
1 0.364478 0.041994 0.104377 0.083988
3 0.542929 0.029715 0.215488 0.059430
1 0.148990 0.031189 0.127946 0.062377
1 0.329966 0.019646 0.101010 0.039293
1 0.696128 0.019155 0.066498 0.038310
1 0.449495 0.015963 0.078283 0.031925
1 0.773569 0.016208 0.053030 0.032417
1 0.662458 0.006876 0.046296 0.013752
1 0.827441 0.012279 0.042929 0.024558
1 0.751684 0.003929 0.056397 0.007859
1 0.862795 0.009578 0.034512 0.019155
