2 0.011214 0.179832 0.022429 0.073950
1 0.121444 0.229412 0.090810 0.071429
1 0.160832 0.201681 0.103939 0.068067
3 0.242888 0.139496 0.262582 0.135294
1 0.203501 0.281513 0.099562 0.087395
1 0.344639 0.271429 0.113786 0.079832
1 0.329322 0.357143 0.117068 0.101681
1 0.497812 0.347899 0.132385 0.101681
1 0.482495 0.474790 0.149891 0.125210
1 0.680525 0.477311 0.163020 0.127731
1 0.975109 0.309244 0.049781 0.103361
2 0.527352 0.244538 0.123632 0.101681
1 0.954869 0.384874 0.090263 0.123529
1 0.819475 0.645378 0.175055 0.168908
1 0.596280 0.664706 0.178337 0.183193
1 0.894967 0.245378 0.095186 0.100000
1 0.821663 0.197479 0.077681 0.071429
3 0.683807 0.161345 0.165208 0.187395
1 0.964442 0.555462 0.071116 0.137815
1 0.992341 0.948740 0.015317 0.102521
