1 0.162684 0.579961 0.195772 0.214836
1 0.976103 0.620424 0.047794 0.201349
2 0.756434 0.488439 0.235294 0.285164
1 0.478860 0.412331 0.190257 0.180154
2 0.295956 0.332370 0.138787 0.180154
1 0.150735 0.305395 0.125000 0.125241
3 0.059053 0.230250 0.118107 0.208092
2 0.819853 0.394027 0.261029 0.258189
1 0.548713 0.333333 0.165441 0.157996
1 0.361213 0.263969 0.149816 0.148362
0 0.360294 0.116570 0.159007 0.184971
1 0.102022 0.154143 0.079963 0.081888
1 0.003447 0.165703 0.006893 0.063584
1 0.976103 0.131985 0.047794 0.117534
1 0.852022 0.131021 0.147059 0.114644
1 0.681066 0.108863 0.129596 0.098266
1 0.524816 0.094412 0.111213 0.091522
3 0.344669 0.060694 0.227022 0.121387
1 0.959559 0.099229 0.080882 0.078998
1 0.823529 0.084778 0.136029 0.086705
1 0.665441 0.072254 0.121324 0.086705
1 0.500919 0.052987 0.107537 0.086705
1 0.282169 0.048170 0.062500 0.066474
1 0.201287 0.072254 0.072610 0.059730
1 0.203125 0.041426 0.072610 0.052987
1 0.120404 0.067437 0.059743 0.061657
1 0.109375 0.037572 0.045037 0.045279
1 0.060662 0.066474 0.045037 0.054913
