1 0.444643 0.352891 0.077679 0.096939
1 0.220536 0.344388 0.061607 0.096939
2 0.994420 0.695578 0.011161 0.250000
1 0.871429 0.793367 0.179464 0.286565
1 0.851786 0.426871 0.102679 0.145408
1 0.105357 0.393707 0.077679 0.096939
1 0.152679 0.494898 0.108036 0.141156
1 0.737500 0.477891 0.100000 0.136905
1 0.283036 0.564626 0.102679 0.163265
3 0.586607 0.346088 0.102679 0.272109
1 0.781250 0.324830 0.070536 0.108844
1 0.039955 0.876701 0.079911 0.246599
1 0.175000 0.950680 0.185714 0.098640
1 0.674107 0.294218 0.056250 0.085034
