2 0.041492 0.230514 0.082983 0.120232
1 0.299370 0.163350 0.096639 0.067164
1 0.389706 0.140962 0.071429 0.058872
1 0.311975 0.205638 0.093487 0.084577
2 0.038866 0.694030 0.077731 0.348259
1 0.209034 0.524876 0.211135 0.182421
3 0.469538 0.235489 0.246849 0.218076
1 0.134454 0.439469 0.218487 0.153400
1 0.420168 0.403814 0.152311 0.131841
2 0.000788 0.514925 0.001576 0.228027
1 0.014968 0.408789 0.029937 0.141791
1 0.158613 0.317579 0.160714 0.110282
1 0.603992 0.275290 0.093487 0.104478
1 0.519958 0.334163 0.108193 0.106136
1 0.308824 0.257877 0.112395 0.104478
1 0.598740 0.209784 0.058824 0.058872
1 0.655462 0.190713 0.054622 0.054726
1 0.668067 0.244610 0.063025 0.072969
