1 0.481413 0.417614 0.092007 0.179924
1 0.441450 0.746212 0.136617 0.314394
1 0.424721 0.074811 0.041822 0.071970
1 0.288104 0.178030 0.070632 0.105114
1 0.929136 0.923532 0.141729 0.152936
1 0.222119 0.349432 0.111524 0.165720
1 0.975604 0.527462 0.048792 0.217803
1 0.144052 0.230114 0.089219 0.125947
1 0.385688 0.222538 0.069703 0.114583
1 0.830855 0.180871 0.064126 0.089962
1 0.820632 0.435606 0.115242 0.190341
1 0.755576 0.190341 0.063197 0.105114
1 0.661710 0.219697 0.067844 0.119318
1 0.311338 0.513258 0.122677 0.224432
1 0.085037 0.658144 0.170074 0.289773
1 0.654275 0.109848 0.048327 0.076705
1 0.718401 0.099432 0.041822 0.067235
1 0.763941 0.079545 0.045539 0.060606
