1 0.767857 0.291209 0.261905 0.147436
3 0.606845 0.510073 0.786310 0.614469
0 0.102083 0.284799 0.204167 0.284799
1 0.945536 0.273810 0.108929 0.160256
1 0.663095 0.209707 0.234524 0.139194
3 0.327381 0.109432 0.403571 0.218864
3 0.677381 0.109203 0.494048 0.218407
1 0.065476 0.112637 0.104762 0.082418
3 0.144048 0.068223 0.285714 0.136447
1 0.008333 0.107143 0.016667 0.076007
3 0.005357 0.042811 0.010714 0.085623
2 0.834524 0.417582 0.304762 0.267399
1 0.475000 0.347070 0.247619 0.171245
2 0.240476 0.266484 0.179762 0.164835
1 0.065774 0.242674 0.131548 0.119048
3 0.002976 0.167582 0.005952 0.201465
