1 0.601796 0.973604 0.103792 0.052791
1 0.430140 0.976032 0.107784 0.047937
1 0.258483 0.991201 0.130739 0.017597
1 0.020459 0.960862 0.040918 0.078277
1 0.470060 0.831311 0.095808 0.218447
1 0.316367 0.909284 0.095808 0.181432
1 0.146707 0.902609 0.114770 0.194782
1 0.352295 0.787621 0.080838 0.157767
1 0.234531 0.791262 0.084830 0.161408
1 0.370259 0.689320 0.070858 0.140777
1 0.280439 0.667476 0.071856 0.129854
1 0.405190 0.603155 0.060878 0.103155
1 0.308383 0.595874 0.055888 0.100728
1 0.401198 0.532767 0.050898 0.092233
1 0.322355 0.529126 0.050898 0.098301
1 0.350299 0.486650 0.050898 0.092233
1 0.372255 0.440534 0.040918 0.086165
3 0.428144 0.417476 0.076846 0.199029
3 0.109032 0.722087 0.218064 0.466019
3 0.206587 0.519417 0.131737 0.264563
3 0.270459 0.419903 0.098802 0.199029
3 0.340319 0.338592 0.106786 0.189320
3 0.441118 0.344660 0.059880 0.155340
0 0.992764 0.422330 0.014471 0.126214
1 0.639721 0.248786 0.027944 0.052184
1 0.846307 0.355583 0.039920 0.075243
3 0.364271 0.246359 0.071856 0.094660
