3 0.362129 0.613225 0.644852 0.607790
0 0.788831 0.390399 0.194590 0.281703
1 0.917976 0.387681 0.102094 0.117754
1 0.976222 0.336051 0.047557 0.107790
1 0.094023 0.379529 0.188045 0.158514
1 0.355148 0.316123 0.171902 0.137681
1 0.051483 0.315217 0.102967 0.141304
3 0.601222 0.215580 0.295812 0.219203
3 0.344677 0.199275 0.362129 0.250906
1 0.793194 0.220109 0.076789 0.081522
3 0.735602 0.163043 0.209424 0.161232
1 0.867365 0.214674 0.076789 0.075181
3 0.916667 0.138587 0.166667 0.109601
2 0.229494 0.521739 0.223386 0.264493
1 0.493019 0.451993 0.181501 0.169384
2 0.664921 0.372283 0.131763 0.163043
1 0.803665 0.348732 0.117801 0.117754
3 0.918412 0.274457 0.163176 0.199275
