0 0.338499 0.204464 0.078303 0.125000
1 0.045473 0.668750 0.090946 0.211607
1 0.269984 0.560714 0.110930 0.183929
1 0.309135 0.404464 0.072594 0.141964
1 0.286297 0.288393 0.068515 0.118750
1 0.247145 0.226786 0.054649 0.091071
1 0.203100 0.179464 0.051387 0.075893
1 0.178630 0.139286 0.043230 0.065179
1 0.089519 0.929464 0.179038 0.141071
1 0.137847 0.110714 0.065253 0.065179
1 0.499184 0.821429 0.243883 0.230357
1 0.716966 0.216964 0.091354 0.072321
2 0.444535 0.057143 0.053018 0.050893
1 0.622349 0.121429 0.061990 0.049107
1 0.844209 0.184821 0.078303 0.057143
