3 0.381288 0.460194 0.639839 0.524272
2 0.878773 0.472816 0.242455 0.290291
1 0.582495 0.396117 0.208249 0.179612
2 0.383300 0.319417 0.151911 0.186408
1 0.224346 0.289320 0.136821 0.126214
3 0.092304 0.214563 0.184608 0.209709
3 0.905684 0.165049 0.188632 0.278641
1 0.860161 0.366990 0.262576 0.193204
1 0.329980 0.171845 0.117706 0.092233
3 0.369215 0.093932 0.341046 0.187864
1 0.926811 0.101942 0.146378 0.124272
1 0.664990 0.073786 0.124748 0.092233
1 0.435614 0.068932 0.092555 0.087379
1 0.304829 0.057282 0.083501 0.075728
3 0.173038 0.035437 0.148893 0.070874
1 0.813883 0.054369 0.117706 0.089320
1 0.596579 0.041748 0.109658 0.068932
1 0.423541 0.038350 0.085513 0.076699
1 0.324950 0.027184 0.067404 0.054369
