1 0.122619 0.146000 0.051191 0.081000
1 0.208333 0.165000 0.061905 0.095000
1 0.023214 0.167000 0.046429 0.083000
1 0.185714 0.239000 0.063095 0.095000
1 0.058333 0.239000 0.075000 0.095000
1 0.030952 0.351000 0.061905 0.149000
1 0.060417 0.575000 0.120833 0.201000
1 0.603571 0.273000 0.067857 0.092000
2 0.703571 0.757000 0.190476 0.341000
1 0.383333 0.602000 0.128571 0.218000
1 0.453571 0.249000 0.075000 0.092000
1 0.346429 0.252000 0.076190 0.119000
1 0.332143 0.175000 0.057143 0.076000
1 0.380952 0.094000 0.046429 0.064000
1 0.313095 0.083000 0.041667 0.059000
