1 0.772059 0.227626 0.054622 0.048638
1 0.461134 0.982490 0.152311 0.035019
1 0.243697 0.998298 0.160714 0.003405
1 0.453782 0.835603 0.114496 0.205253
1 0.263655 0.880350 0.121849 0.223735
1 0.067489 0.914397 0.134979 0.171206
1 0.314076 0.645914 0.100840 0.179961
1 0.141807 0.738327 0.112395 0.178016
1 0.002889 0.814202 0.005777 0.240272
1 0.185924 0.613813 0.092437 0.131323
1 0.051733 0.625486 0.103466 0.136187
1 0.206933 0.531128 0.080882 0.115759
1 0.115546 0.513619 0.080882 0.106031
1 0.244748 0.466926 0.068277 0.097276
1 0.142857 0.455253 0.063025 0.092412
1 0.242647 0.407588 0.054622 0.080739
1 0.160714 0.407588 0.054622 0.080739
1 0.190126 0.369650 0.050420 0.078794
1 0.211134 0.334630 0.045168 0.069066
3 0.269958 0.316148 0.089286 0.168288
3 0.047794 0.413424 0.095588 0.214008
3 0.107143 0.320039 0.113445 0.156615
3 0.177521 0.255837 0.112395 0.156615
3 0.284664 0.244163 0.066177 0.101167
1 0.963498 0.337549 0.073004 0.067121
0 0.223740 0.207198 0.096639 0.078794
