1 0.639130 0.386792 0.070435 0.132075
1 0.143478 0.614151 0.138261 0.230189
1 0.753043 0.033019 0.023478 0.035849
1 0.784348 0.065094 0.032174 0.055660
1 0.831304 0.054717 0.021739 0.019811
1 0.625217 0.158491 0.039130 0.076415
1 0.752174 0.083019 0.034783 0.060377
1 0.832174 0.086792 0.035652 0.037736
1 0.833913 0.140566 0.047826 0.071698
1 0.656522 0.054717 0.021739 0.044340
1 0.606087 0.024528 0.021739 0.037736
1 0.597391 0.049057 0.021739 0.047170
1 0.967174 0.292453 0.065652 0.112264
1 0.978043 0.420755 0.043913 0.172641
