1 0.429245 0.200997 0.021226 0.033223
1 0.088836 0.372093 0.051101 0.063123
1 0.108491 0.455980 0.066824 0.086379
1 0.443396 0.941860 0.106918 0.116279
1 0.604560 0.955149 0.119497 0.089701
1 0.790094 0.944352 0.128931 0.111296
1 0.947327 0.957641 0.105346 0.084718
1 0.445755 0.770764 0.082547 0.165282
1 0.582547 0.774917 0.084906 0.157807
1 0.717767 0.796512 0.101415 0.179402
1 0.869497 0.829734 0.113994 0.169435
1 0.945362 0.754153 0.109277 0.153654
1 0.551887 0.609635 0.075472 0.149502
1 0.672956 0.664452 0.075472 0.129568
1 0.805818 0.675249 0.094340 0.171096
1 0.645440 0.579734 0.066038 0.106312
1 0.738208 0.578904 0.068396 0.113787
1 0.630503 0.512458 0.057390 0.090532
1 0.699686 0.500000 0.057390 0.086379
1 0.599843 0.451827 0.044811 0.076412
1 0.679245 0.446844 0.046384 0.074751
1 0.606132 0.408638 0.036950 0.070598
1 0.666667 0.408638 0.040880 0.067276
1 0.643868 0.373754 0.035377 0.060631
1 0.626572 0.341362 0.037736 0.058970
3 0.579403 0.310631 0.062893 0.133721
3 0.862421 0.535714 0.226415 0.317276
3 0.758648 0.395349 0.099843 0.181063
3 0.705975 0.326412 0.063679 0.137874
3 0.652516 0.267442 0.078616 0.129568
3 0.602987 0.210963 0.060535 0.070598
