3 0.378159 0.627798 0.666967 0.625933
0 0.819495 0.398321 0.201264 0.290112
1 0.950135 0.395522 0.099729 0.121269
1 0.994359 0.342351 0.011282 0.111007
1 0.099052 0.387127 0.198105 0.163246
1 0.370939 0.321828 0.177798 0.141791
1 0.055054 0.320896 0.110108 0.145522
3 0.625451 0.218284 0.305957 0.225746
3 0.360108 0.201493 0.374549 0.258396
1 0.824007 0.222948 0.079422 0.083955
3 0.764440 0.164179 0.216606 0.166045
1 0.900722 0.217351 0.079422 0.077425
3 0.932762 0.138993 0.134477 0.112873
2 0.240975 0.533582 0.231047 0.272388
1 0.513538 0.461754 0.187726 0.174440
2 0.691336 0.379664 0.136282 0.167910
1 0.834838 0.355410 0.121841 0.121269
3 0.934567 0.278918 0.130866 0.205224
