1 0.228774 0.257658 0.036950 0.049550
1 0.442610 0.974775 0.109277 0.050450
1 0.608491 0.990090 0.116352 0.019820
1 0.448899 0.825225 0.085692 0.190090
1 0.590409 0.875676 0.090409 0.200901
1 0.759434 0.933333 0.123428 0.133333
1 0.553459 0.646847 0.075472 0.164865
1 0.684748 0.750450 0.087264 0.164865
1 0.862421 0.863964 0.128931 0.238739
1 0.654088 0.635135 0.073113 0.130631
1 0.753931 0.647748 0.077830 0.130631
1 0.632862 0.545946 0.057390 0.098198
1 0.705189 0.531532 0.058962 0.104505
1 0.604560 0.484685 0.047956 0.085586
1 0.681604 0.476577 0.047956 0.085586
1 0.606918 0.434234 0.043239 0.074775
1 0.667453 0.430631 0.043239 0.074775
1 0.645440 0.397297 0.035377 0.070270
1 0.630503 0.362162 0.033805 0.062162
3 0.587264 0.346847 0.068396 0.154054
3 0.904678 0.718919 0.190645 0.497297
3 0.779088 0.448649 0.118711 0.215315
3 0.711478 0.351351 0.084906 0.147748
3 0.654088 0.288288 0.085692 0.140541
3 0.573899 0.278378 0.049528 0.096396
1 0.057390 0.364865 0.066038 0.063964
0 0.608491 0.247748 0.078616 0.072973
