1 0.603020 0.034642 0.025755 0.057737
1 0.621670 0.100462 0.039076 0.079677
2 0.129663 0.742494 0.178508 0.465358
1 0.729130 0.099307 0.039964 0.071594
1 0.696270 0.152425 0.043517 0.095843
1 0.768206 0.033487 0.031972 0.054273
1 0.037078 0.675520 0.074156 0.219400
1 0.436057 0.310624 0.059503 0.106236
1 0.668739 0.376443 0.068384 0.128176
1 0.834813 0.487298 0.102131 0.185912
1 0.857016 0.287529 0.063943 0.106236
1 0.326821 0.133949 0.035524 0.076212
1 0.706927 0.580831 0.085258 0.191686
1 0.944050 0.257506 0.066607 0.120092
1 0.492007 0.051963 0.032860 0.057737
1 0.814387 0.949769 0.163410 0.100462
1 0.983126 0.609700 0.033748 0.185912
