1 0.014024 0.087771 0.028049 0.076923
3 0.064634 0.031065 0.129268 0.062130
1 0.076829 0.133136 0.101220 0.088757
1 0.164634 0.106509 0.106098 0.081854
1 0.186585 0.190335 0.115854 0.102564
1 0.324390 0.169625 0.120732 0.098619
1 0.347561 0.298817 0.135366 0.119329
1 0.492683 0.270217 0.145122 0.114398
2 0.312195 0.070020 0.128049 0.093688
1 0.669512 0.395464 0.159756 0.142998
1 0.498780 0.471400 0.174390 0.172584
1 0.983232 0.181460 0.033537 0.109467
3 0.837805 0.145710 0.293903 0.291420
1 0.703659 0.276134 0.152439 0.105523
1 0.917073 0.724852 0.165854 0.226824
