1 0.181655 0.887931 0.363309 0.224138
1 0.813849 0.573276 0.189748 0.242457
1 0.021583 0.610991 0.043165 0.225215
2 0.234712 0.462285 0.229317 0.318966
1 0.506295 0.377155 0.186151 0.201509
2 0.685252 0.287716 0.136691 0.199353
1 0.827338 0.257543 0.122302 0.140086
3 0.929631 0.173491 0.140737 0.232759
2 0.173561 0.356681 0.254496 0.288793
1 0.437950 0.295259 0.162770 0.181035
1 0.614209 0.216595 0.143885 0.163793
0 0.153777 0.136045 0.225719 0.272091
1 0.634892 0.142241 0.119604 0.119612
1 0.804856 0.129310 0.092626 0.102371
1 0.917266 0.052802 0.064748 0.074353
1 0.996628 0.032328 0.006745 0.063578
1 0.021583 0.064655 0.043165 0.129310
1 0.141187 0.062769 0.142986 0.125539
1 0.308453 0.045259 0.126799 0.090517
1 0.461331 0.035830 0.108813 0.071659
3 0.637590 0.025862 0.222122 0.051724
1 0.033049 0.037985 0.066097 0.075970
1 0.162770 0.030172 0.133993 0.060345
1 0.321043 0.022629 0.118705 0.045259
1 0.457734 0.008890 0.099820 0.017780
1 0.682554 0.003502 0.062050 0.007004
1 0.777878 0.015086 0.071043 0.030172
1 0.857014 0.013470 0.058453 0.026940
1 0.915468 0.010506 0.045863 0.021013
