1 0.665675 0.790517 0.115079 0.243103
1 0.586310 0.141379 0.042659 0.056897
2 0.860119 0.824138 0.153770 0.257759
1 0.976687 0.630172 0.046627 0.204310
1 0.893849 0.427586 0.100198 0.122414
2 0.982639 0.411207 0.034722 0.196552
1 0.477183 0.139655 0.038690 0.055172
1 0.406746 0.188793 0.051587 0.062931
1 0.816468 0.292241 0.071429 0.083621
1 0.628968 0.149138 0.042659 0.065517
1 0.840278 0.229310 0.059524 0.071552
3 0.221230 0.200862 0.186508 0.192241
1 0.332341 0.307759 0.072421 0.081897
3 0.845238 0.139655 0.107143 0.126724
2 0.675595 0.137931 0.038690 0.067241
1 0.399802 0.362931 0.071429 0.093966
1 0.769841 0.161207 0.043651 0.062931
1 0.141865 0.647414 0.167659 0.196552
