1 0.231993 0.180484 0.053601 0.049223
1 0.293970 0.198618 0.047739 0.053541
1 0.858459 0.489637 0.131491 0.131261
1 0.966499 0.510363 0.067002 0.132988
1 0.900335 0.398964 0.113903 0.108808
1 0.875209 0.342832 0.109715 0.089810
2 0.737018 0.312608 0.109715 0.159758
1 0.357621 0.251295 0.046901 0.071675
1 0.747906 0.299655 0.079564 0.100173
1 0.664992 0.367012 0.100503 0.106218
1 0.638191 0.278066 0.062814 0.075993
1 0.319095 0.322971 0.059464 0.086356
1 0.411223 0.345423 0.056114 0.083765
2 0.442211 0.259931 0.049414 0.088083
1 0.307370 0.455959 0.076214 0.139033
1 0.541039 0.224525 0.054439 0.069948
1 0.628978 0.222798 0.064489 0.077720
1 0.420436 0.487910 0.076214 0.137306
1 0.561139 0.189983 0.046064 0.061313
1 0.409548 0.703800 0.093802 0.227116
1 0.245394 0.830743 0.119766 0.247841
1 0.474037 0.176166 0.040201 0.053541
