1 0.184891 0.178947 0.087475 0.074561
0 0.762425 0.342982 0.253479 0.285088
1 0.420477 0.273684 0.108350 0.120175
3 0.391650 0.150877 0.230616 0.160526
2 0.513916 0.352632 0.132207 0.156140
1 0.849901 0.580702 0.185885 0.166667
2 0.616302 0.247368 0.112326 0.112281
1 0.625249 0.564035 0.150099 0.164035
1 0.956262 0.231579 0.087475 0.089474
1 0.875745 0.270175 0.096421 0.135088
1 0.769384 0.243860 0.084493 0.100000
3 0.977137 0.471930 0.045726 0.396491
1 0.816103 0.189474 0.078529 0.074561
2 0.917495 0.907018 0.165010 0.185965
1 0.877734 0.181579 0.076541 0.080702
