1 0.034846 0.976232 0.069692 0.047535
1 0.079417 0.847711 0.142626 0.240317
1 0.164506 0.689261 0.081848 0.169014
1 0.590762 0.931338 0.128039 0.137324
1 0.425446 0.893046 0.103728 0.213908
1 0.207455 0.929798 0.151540 0.140405
1 0.433549 0.688380 0.093193 0.183979
1 0.584279 0.788732 0.099676 0.206866
1 0.226904 0.537852 0.091572 0.156690
1 0.274716 0.768486 0.123987 0.233275
1 0.039708 0.432218 0.078606 0.102113
1 0.115883 0.437500 0.083468 0.108275
1 0.185575 0.305458 0.055916 0.074824
1 0.114263 0.330986 0.060778 0.080986
1 0.675041 0.231514 0.045381 0.056338
1 0.852512 0.483275 0.110211 0.154049
