1 0.051230 0.206349 0.102459 0.126984
1 0.189696 0.151786 0.127635 0.099206
1 0.336066 0.095238 0.101874 0.087302
1 0.329040 0.158730 0.101874 0.099206
2 0.033080 0.749008 0.066159 0.413690
1 0.215457 0.548611 0.235363 0.221230
3 0.507026 0.203373 0.275176 0.251984
1 0.131148 0.451389 0.242389 0.181548
1 0.449649 0.405754 0.168618 0.159722
1 0.007318 0.413690 0.014637 0.164683
1 0.160422 0.302579 0.183841 0.125000
1 0.655738 0.253968 0.101874 0.118056
1 0.562061 0.326389 0.117096 0.126984
1 0.325527 0.232143 0.120609 0.135913
1 0.648712 0.183532 0.066745 0.075397
1 0.711944 0.155754 0.062061 0.072421
1 0.727166 0.219246 0.066745 0.091270
