1 0.593373 0.229792 0.157630 0.150115
3 0.741717 0.603926 0.516566 0.774827
0 0.363454 0.319861 0.223896 0.359122
1 0.214859 0.316397 0.117470 0.150115
1 0.123494 0.250577 0.103414 0.137413
3 0.044679 0.172055 0.089357 0.219400
1 0.862450 0.225173 0.197791 0.175520
3 0.579317 0.118360 0.340361 0.236721
3 0.833082 0.118072 0.333835 0.236143
1 0.358434 0.102771 0.088353 0.103926
3 0.424699 0.066397 0.240964 0.132794
1 0.273092 0.095843 0.088353 0.095843
3 0.211847 0.034353 0.200803 0.068707
2 0.939257 0.487298 0.121486 0.337182
1 0.703815 0.398383 0.208835 0.215935
2 0.506024 0.296767 0.151606 0.207852
1 0.346386 0.266744 0.135542 0.150115
3 0.189759 0.172055 0.236948 0.254042
