1 0.317699 0.740781 0.135398 0.290672
2 0.342478 0.432755 0.091150 0.251627
1 0.415044 0.359002 0.075221 0.159436
1 0.377876 0.242950 0.066372 0.129067
2 0.151327 0.569414 0.124779 0.316703
1 0.249558 0.314534 0.077876 0.169197
1 0.188496 0.014913 0.035398 0.029826
1 0.233628 0.025759 0.038053 0.051518
1 0.282301 0.229935 0.066372 0.120390
1 0.396460 0.131236 0.046903 0.092191
1 0.172566 0.084599 0.048673 0.071584
1 0.151327 0.157267 0.062832 0.110629
1 0.076991 0.129067 0.053097 0.092191
1 0.331858 0.078091 0.041593 0.077007
2 0.424779 0.056399 0.031858 0.082430
1 0.033407 0.228850 0.066814 0.118221
1 0.399115 0.035792 0.034513 0.063991
3 0.579646 0.677603 0.282301 0.644794
