1 0.400498 0.545757 0.053897 0.067388
1 0.456882 0.540765 0.055556 0.074875
1 0.344942 0.612313 0.055556 0.083195
1 0.544776 0.980033 0.124378 0.039933
3 0.212894 0.845258 0.425788 0.309484
1 0.412106 0.587354 0.066335 0.070715
1 0.580431 0.874376 0.096186 0.177205
3 0.329187 0.682196 0.184909 0.227121
1 0.722222 0.822795 0.102819 0.205491
1 0.523217 0.545757 0.055556 0.067388
1 0.360697 0.519135 0.085406 0.053245
1 0.516584 0.492512 0.059701 0.051581
1 0.599503 0.544925 0.046435 0.067388
1 0.669154 0.521631 0.040630 0.067388
1 0.611111 0.470050 0.043947 0.053245
1 0.675788 0.474210 0.036484 0.047421
1 0.655887 0.453411 0.036484 0.047421
1 0.539801 0.591514 0.053068 0.074875
1 0.866501 0.767055 0.166667 0.128120
