1 0.685606 0.945611 0.325758 0.108779
1 0.238636 0.709924 0.165720 0.203244
1 0.080492 0.565840 0.113636 0.138359
1 0.022491 0.499046 0.044981 0.122137
3 0.030540 0.341603 0.061080 0.171756
1 0.059659 0.439886 0.086174 0.104008
3 0.334280 0.576336 0.500000 0.501908
3 0.814394 0.800334 0.371212 0.399332
1 0.411932 0.451336 0.109848 0.097328
1 0.285985 0.411260 0.107008 0.104008
3 0.246212 0.311069 0.197917 0.196565
1 0.427083 0.403626 0.114583 0.113550
1 0.603220 0.470420 0.148674 0.140267
1 0.826705 0.553435 0.185606 0.169847
3 0.941288 0.466603 0.117424 0.257634
1 0.701705 0.435115 0.147727 0.126908
1 0.500947 0.373092 0.109849 0.113550
3 0.353220 0.291031 0.203598 0.181298
1 0.992424 0.634542 0.015151 0.115458
