1 0.099442 0.162500 0.081784 0.065000
3 0.125465 0.082500 0.229554 0.105000
1 0.175651 0.206667 0.078996 0.079167
1 0.255576 0.185000 0.084572 0.073333
1 0.261152 0.258333 0.088290 0.089167
1 0.375465 0.241667 0.096654 0.085000
1 0.388476 0.359167 0.111524 0.110833
1 0.511152 0.336667 0.116171 0.105000
1 0.997212 0.346667 0.005576 0.096667
2 0.378253 0.155833 0.100372 0.086667
1 0.997212 0.445000 0.005576 0.120000
1 0.651487 0.462500 0.126394 0.130000
1 0.507435 0.522500 0.137546 0.155833
1 0.923792 0.274167 0.100372 0.116667
1 0.837361 0.216667 0.063197 0.085000
3 0.710967 0.185000 0.200744 0.227500
1 0.687732 0.353333 0.125465 0.096667
1 0.876394 0.765833 0.197955 0.215000
