1 0.566806 0.056751 0.040710 0.057730
1 0.601253 0.098826 0.041754 0.069472
1 0.683716 0.144814 0.054280 0.074364
2 0.754697 0.117417 0.053236 0.083170
1 0.780793 0.056751 0.041754 0.057730
1 0.624217 0.219178 0.062630 0.092955
1 0.157620 0.237769 0.074113 0.116438
1 0.016701 0.319961 0.033403 0.113503
1 0.806889 0.096869 0.045929 0.067515
1 0.755741 0.268102 0.078288 0.108611
1 0.651357 0.301370 0.080376 0.125245
1 0.262004 0.153620 0.053236 0.076321
1 0.416493 0.149706 0.045929 0.079256
1 0.149269 0.147749 0.058455 0.090020
1 0.867432 0.153620 0.057411 0.079256
1 0.900835 0.279843 0.082463 0.097847
2 0.902923 0.176125 0.076200 0.101761
1 0.715031 0.620352 0.133612 0.196673
1 0.973121 0.441292 0.053758 0.157534
