1 0.554054 0.172925 0.196560 0.152174
1 0.243243 0.108696 0.137592 0.107708
3 0.688882 0.481225 0.622236 0.663044
0 0.230958 0.238142 0.273956 0.307312
1 0.060504 0.235178 0.121007 0.128458
1 0.000307 0.178854 0.000614 0.117589
1 0.841523 0.157115 0.242015 0.150198
3 0.495086 0.083498 0.416462 0.166996
3 0.800676 0.083251 0.398649 0.166502
1 0.224816 0.052372 0.108108 0.088933
3 0.305897 0.039032 0.294840 0.078063
1 0.120393 0.046443 0.108108 0.082016
3 0.084152 0.011611 0.168305 0.023221
2 0.930590 0.381423 0.138821 0.288538
1 0.647420 0.305336 0.255528 0.184783
2 0.405405 0.218379 0.185504 0.177866
1 0.210074 0.192688 0.165848 0.128458
3 0.081695 0.111660 0.163391 0.217391
