0 0.530637 0.603282 0.460784 0.310811
1 0.827206 0.006757 0.077206 0.013514
1 0.770833 0.022925 0.087010 0.045849
1 0.763480 0.005550 0.089461 0.011100
1 0.575980 0.020512 0.122549 0.041023
1 0.582108 0.001207 0.099265 0.002413
3 0.806066 0.039575 0.387868 0.079151
3 0.368873 0.108108 0.449755 0.216216
1 0.368873 0.013996 0.118873 0.027992
1 0.375000 0.042471 0.136029 0.084942
1 0.192402 0.279923 0.199755 0.141892
1 0.322304 0.034749 0.109069 0.069498
1 0.012561 0.439189 0.025123 0.185328
1 0.107843 0.055985 0.132353 0.066602
1 0.148284 0.090734 0.153186 0.088803
1 0.187500 0.025338 0.127451 0.050676
1 0.457108 0.281853 0.224265 0.148649
1 0.019914 0.040541 0.039828 0.059846
1 0.785539 0.194981 0.172794 0.100386
1 0.441176 0.000000 0.126226 0.000000
1 0.883578 0.108108 0.123775 0.096525
