1 0.520921 0.496629 0.203975 0.167416
3 0.567992 0.712079 0.773013 0.575843
0 0.086559 0.524719 0.173117 0.349438
1 0.888337 0.511236 0.223326 0.196629
1 0.576360 0.432584 0.206067 0.170786
1 0.939331 0.431461 0.121339 0.175281
3 0.281381 0.307865 0.354603 0.271910
3 0.588912 0.287640 0.434100 0.311236
1 0.051255 0.313483 0.092050 0.101124
3 0.122908 0.242697 0.245816 0.200000
1 0.004184 0.306742 0.008368 0.093258
3 0.001569 0.212360 0.003138 0.135955
2 0.726987 0.687640 0.267782 0.328090
1 0.411088 0.601124 0.217573 0.210112
2 0.205021 0.502247 0.157950 0.202247
1 0.054655 0.473034 0.109310 0.146067
