2 0.046928 0.287520 0.093855 0.144550
1 0.231482 0.232228 0.122054 0.101106
1 0.355219 0.188784 0.091751 0.078989
1 0.470539 0.142180 0.073232 0.069510
1 0.453704 0.203002 0.071549 0.075039
2 0.133207 0.664297 0.266414 0.329384
1 0.373737 0.504739 0.169192 0.176145
3 0.583333 0.229858 0.197811 0.200632
1 0.018308 0.468404 0.036616 0.170616
1 0.313131 0.427330 0.174242 0.144550
1 0.542088 0.390995 0.121212 0.127172
2 0.113636 0.497630 0.191077 0.215640
1 0.004209 0.639810 0.008418 0.153238
1 0.142256 0.397314 0.174242 0.131122
1 0.334175 0.308847 0.132155 0.099526
1 0.690236 0.270142 0.073232 0.093997
1 0.622896 0.327804 0.084175 0.101106
1 0.452862 0.252765 0.086700 0.108215
1 0.685185 0.214060 0.047980 0.060032
1 0.730640 0.191943 0.044613 0.057662
1 0.741583 0.242496 0.047980 0.072670
