1 0.138051 0.398760 0.070766 0.087810
1 0.212297 0.391529 0.075406 0.090909
1 0.054524 0.472107 0.074246 0.098140
1 0.164733 0.551653 0.103248 0.125000
3 0.233179 0.567149 0.222738 0.362603
3 0.341067 0.431818 0.140371 0.262397
1 0.561485 0.678719 0.135731 0.191116
1 0.412993 0.391529 0.054524 0.080579
1 0.446636 0.360537 0.060325 0.073347
1 0.096288 0.368802 0.105568 0.078512
1 0.497680 0.426653 0.069606 0.095041
1 0.395592 0.334711 0.066125 0.078512
1 0.563805 0.292355 0.051044 0.064050
3 0.500000 0.254132 0.089327 0.114669
