0 0.589631 0.671079 0.330404 0.335030
3 0.835677 0.023676 0.270650 0.047352
1 0.751318 0.051935 0.091388 0.079430
1 0.006371 0.461303 0.012742 0.167006
1 0.016037 0.367617 0.032074 0.116090
1 0.179262 0.251527 0.137083 0.151731
1 0.227592 0.345214 0.152021 0.147658
1 0.086555 0.518330 0.173111 0.190428
1 0.675747 0.021385 0.090510 0.042770
1 0.601933 0.036405 0.086995 0.072811
1 0.567663 0.073320 0.094025 0.077393
1 0.420914 0.201629 0.143234 0.121181
1 0.430580 0.256619 0.139719 0.103870
1 0.403339 0.366599 0.158172 0.158859
1 0.536028 0.027495 0.083480 0.054990
1 0.414763 0.066191 0.102812 0.067210
2 0.668717 0.109980 0.126538 0.118126
1 0.631810 0.205703 0.129174 0.110998
1 0.377856 0.040479 0.084359 0.080957
1 0.746046 0.247454 0.126538 0.125255
3 0.905097 0.043788 0.189807 0.087576
3 0.912127 0.072047 0.175747 0.144094
1 0.215290 0.065173 0.099297 0.070265
1 0.132689 0.169043 0.134446 0.108961
1 0.889279 0.153768 0.108084 0.101833
1 0.144991 0.109980 0.106327 0.077393
1 0.967707 0.185336 0.064587 0.105906
1 0.008128 0.127291 0.016257 0.091650
