1 0.009722 0.965491 0.019444 0.069018
1 0.055324 0.797546 0.110648 0.276074
1 0.125000 0.624744 0.092593 0.198364
1 0.614815 0.914110 0.144445 0.171779
1 0.423148 0.868098 0.119444 0.263804
1 0.174074 0.907209 0.174074 0.185583
1 0.432407 0.621677 0.104630 0.208589
1 0.604630 0.743354 0.113889 0.240286
1 0.196296 0.450920 0.104630 0.184049
1 0.030324 0.338446 0.060648 0.128834
2 0.034954 0.233129 0.069907 0.159509
1 0.326852 0.456033 0.095370 0.178937
1 0.152778 0.146217 0.060185 0.082822
0 0.970139 0.200409 0.059722 0.121677
1 0.802778 0.254601 0.091667 0.106339
