1 0.620525 0.939048 0.161098 0.121905
1 0.379475 0.954286 0.176611 0.091429
1 0.094272 0.958333 0.188544 0.083333
1 0.616945 0.761905 0.125298 0.199048
1 0.409308 0.767619 0.125298 0.202857
1 0.182578 0.826667 0.170644 0.227619
1 0.017601 0.877143 0.035203 0.227619
1 0.454654 0.570476 0.110979 0.182857
1 0.267303 0.639048 0.124105 0.160000
1 0.068019 0.671429 0.136038 0.220952
1 0.313842 0.534286 0.106205 0.135238
1 0.170644 0.539048 0.114558 0.135238
1 0.336516 0.457143 0.089499 0.105714
1 0.230310 0.445714 0.095465 0.108571
1 0.378282 0.395238 0.075179 0.087619
1 0.262530 0.388571 0.072792 0.083810
1 0.373508 0.339048 0.060859 0.072381
1 0.280430 0.341905 0.062052 0.083810
1 0.316229 0.303810 0.053699 0.074286
1 0.342482 0.266667 0.052506 0.072381
3 0.408115 0.252381 0.100239 0.169524
3 0.069809 0.518095 0.139618 0.410476
3 0.142005 0.333333 0.156325 0.205714
3 0.220764 0.255238 0.127685 0.158095
3 0.301909 0.191429 0.128878 0.146667
3 0.422434 0.180000 0.071599 0.101905
0 0.270883 0.152381 0.103819 0.083810
