1 0.086491 0.321145 0.161450 0.145469
2 0.262768 0.251192 0.129325 0.111288
1 0.493410 0.183625 0.075783 0.064388
1 0.564250 0.162162 0.056013 0.056439
1 0.503295 0.224165 0.073311 0.081081
2 0.176277 0.692369 0.286656 0.333863
1 0.422570 0.530207 0.165568 0.174881
3 0.626853 0.252782 0.193575 0.209062
1 0.047570 0.499205 0.095140 0.181240
1 0.364086 0.448331 0.171334 0.147059
1 0.588138 0.414149 0.119440 0.126391
2 0.168040 0.520668 0.183690 0.218601
1 0.035420 0.662957 0.070840 0.152623
1 0.196870 0.418919 0.170511 0.135930
1 0.383031 0.331479 0.126030 0.105723
1 0.732290 0.290938 0.073311 0.100159
1 0.666392 0.347377 0.084844 0.101749
1 0.500824 0.274245 0.088138 0.100159
1 0.728171 0.228140 0.046128 0.056439
1 0.772652 0.209857 0.042834 0.052464
1 0.782537 0.261526 0.049423 0.069952
