1 0.555263 0.180073 0.064035 0.045704
2 0.507895 0.166362 0.071053 0.064899
1 0.448246 0.201097 0.084211 0.056673
2 0.402632 0.185558 0.073684 0.058501
1 0.353509 0.228519 0.079825 0.060329
1 0.292105 0.220293 0.076316 0.052102
1 0.257018 0.247715 0.080702 0.050274
1 0.197368 0.248629 0.071053 0.042962
1 0.072807 0.287020 0.092105 0.058501
0 0.709649 0.291591 0.083333 0.132541
1 0.817544 0.803473 0.265790 0.223035
1 0.874561 0.915905 0.250877 0.168190
1 0.764912 0.588665 0.102632 0.212066
1 0.764035 0.454296 0.079825 0.145338
1 0.800000 0.372029 0.065789 0.125228
1 0.821053 0.320841 0.063158 0.106033
1 0.856140 0.261426 0.056140 0.084095
1 0.877193 0.226691 0.056140 0.080439
1 0.889474 0.198355 0.045614 0.069470
1 0.428947 0.818099 0.252632 0.210238
1 0.409649 0.257770 0.085088 0.077697
1 0.083772 0.821755 0.167544 0.214808
1 0.821930 0.180987 0.083333 0.053931
