2 0.657168 0.311224 0.069085 0.118367
2 0.729706 0.375510 0.089810 0.125510
1 0.947539 0.510204 0.104922 0.144898
1 0.726252 0.277551 0.063040 0.070408
3 0.547496 0.254082 0.145941 0.178571
1 0.168394 0.227551 0.045769 0.040816
1 0.797927 0.286735 0.059585 0.058163
1 0.796200 0.245918 0.059585 0.056122
1 0.995682 0.891837 0.008636 0.187755
1 0.297927 0.229592 0.069948 0.040816
1 0.453368 0.220408 0.064767 0.045918
1 0.583765 0.926276 0.277202 0.147449
1 0.892055 0.232653 0.058722 0.060204
1 0.240069 0.481633 0.117444 0.109184
1 0.677029 0.204082 0.071675 0.051020
1 0.984672 0.990816 0.030656 0.018367
1 0.048791 0.597959 0.097582 0.128571
1 0.059801 0.926276 0.119603 0.147449
3 0.030225 0.914286 0.060449 0.171429
