0 0.465657 0.642395 0.360606 0.258900
1 0.745455 0.180421 0.091919 0.061489
1 0.005051 0.254045 0.010101 0.067961
1 0.001010 0.296926 0.002020 0.082524
2 0.802020 0.197411 0.116162 0.082524
1 0.619192 0.202265 0.133333 0.074434
1 0.158586 0.220874 0.145454 0.092233
1 0.667677 0.224919 0.124242 0.074434
1 0.333333 0.185275 0.137374 0.092233
1 0.480808 0.265372 0.142424 0.088188
1 0.469697 0.159385 0.105050 0.067152
1 0.465657 0.221683 0.133333 0.082524
0 0.245455 0.251618 0.194950 0.132686
2 0.623232 0.117314 0.106061 0.105178
