1 0.012924 0.409014 0.025848 0.136905
1 0.156704 0.348639 0.142165 0.142857
1 0.303716 0.303571 0.109047 0.094388
1 0.485460 0.228741 0.079968 0.086735
1 0.532310 0.713435 0.189822 0.257653
2 0.596123 0.184524 0.063813 0.066327
2 0.860258 0.295068 0.052504 0.090986
1 0.368336 0.331633 0.109047 0.102891
2 0.194669 0.781463 0.280291 0.363095
1 0.433764 0.596939 0.158320 0.191327
3 0.635703 0.300170 0.188207 0.225340
1 0.078150 0.565476 0.156301 0.223639
1 0.382876 0.501701 0.173667 0.151361
1 0.645396 0.423469 0.100162 0.119048
2 0.189822 0.585884 0.175283 0.221939
1 0.045840 0.755102 0.091680 0.185374
1 0.270598 0.456633 0.155897 0.147109
1 0.430533 0.364796 0.116317 0.113095
1 0.773829 0.283163 0.042811 0.092687
1 0.725363 0.352041 0.067851 0.094388
1 0.535541 0.304422 0.075121 0.107143
1 0.764136 0.238946 0.049273 0.060374
