1 0.369524 0.567059 0.134286 0.164706
3 0.581905 0.191765 0.159048 0.195294
1 0.604762 0.449412 0.099048 0.136471
1 0.499048 0.440000 0.101905 0.136471
1 0.728571 0.336471 0.075238 0.100000
1 0.440952 0.316471 0.079048 0.081176
1 0.347619 0.384706 0.103810 0.097647
1 0.596190 0.347059 0.099048 0.111765
1 0.686667 0.216471 0.054286 0.075294
1 0.191429 0.472941 0.102857 0.117647
1 0.047143 0.581176 0.094286 0.150588
1 0.646667 0.550588 0.111429 0.187059
1 0.960000 0.829412 0.080000 0.228235
1 0.745714 0.243529 0.068571 0.075294
1 0.548571 0.897059 0.235238 0.205882
2 0.253333 0.505882 0.151429 0.178823
1 0.907619 0.234118 0.061905 0.083529
1 0.048810 0.946471 0.097619 0.107059
2 0.119524 0.999118 0.239048 0.001765
