1 0.933523 0.899482 0.132955 0.201036
1 0.848864 0.758004 0.118182 0.185499
1 0.251136 0.972693 0.177273 0.054614
1 0.486364 0.930320 0.150000 0.139360
1 0.789773 0.966102 0.212500 0.067797
1 0.473864 0.755179 0.130682 0.193974
1 0.259091 0.869115 0.136364 0.218456
1 0.763636 0.597928 0.128409 0.167608
1 0.694318 0.843691 0.176136 0.252354
2 0.694318 0.500000 0.107955 0.164783
1 0.298864 0.715631 0.100000 0.193974
2 0.967330 0.457627 0.065341 0.146893
0 0.393182 0.369115 0.103409 0.167608
1 0.494318 0.336158 0.055682 0.076271
