1 0.976331 0.281046 0.044379 0.053922
1 0.648915 0.915850 0.134122 0.168301
1 0.446746 0.928922 0.149901 0.142157
1 0.214004 0.918301 0.161736 0.163399
1 0.041420 0.931373 0.082840 0.137255
1 0.645957 0.720588 0.103550 0.162582
1 0.474359 0.724673 0.106509 0.155229
1 0.304734 0.745915 0.127219 0.176471
1 0.114398 0.778595 0.142998 0.166667
1 0.043886 0.704248 0.087771 0.151144
1 0.512821 0.562092 0.094675 0.147059
1 0.360947 0.616013 0.094675 0.127451
1 0.194280 0.626634 0.118343 0.168301
1 0.395464 0.532680 0.082840 0.104575
1 0.279093 0.531863 0.085799 0.111928
1 0.414201 0.466503 0.071992 0.089052
1 0.327416 0.454248 0.071992 0.084967
1 0.452663 0.406863 0.056213 0.075163
1 0.353057 0.401961 0.058185 0.073529
1 0.444773 0.364379 0.046351 0.069444
1 0.368836 0.364379 0.051282 0.066176
1 0.397436 0.330065 0.044379 0.059641
1 0.419132 0.298203 0.047337 0.058007
3 0.472387 0.290850 0.078895 0.142974
3 0.132643 0.489379 0.265286 0.312091
3 0.253452 0.351307 0.125247 0.178105
3 0.319527 0.283497 0.079882 0.135621
3 0.386588 0.225490 0.098619 0.127451
3 0.483235 0.200163 0.070020 0.087418
1 0.931953 0.337418 0.063116 0.062091
1 0.816568 0.401961 0.071992 0.066176
1 0.243590 0.288399 0.031558 0.038399
1 0.212032 0.271242 0.044379 0.042484
1 0.111440 0.388072 0.068047 0.053922
1 0.996302 0.464052 0.007396 0.084967
