1 0.856151 0.861084 0.177579 0.277833
1 0.933532 0.022863 0.032738 0.045726
2 0.811508 0.466203 0.098214 0.221670
1 0.962302 0.038767 0.032738 0.049702
1 0.798611 0.284294 0.074405 0.120278
1 0.989087 0.024354 0.021825 0.048708
1 0.877976 0.026590 0.035714 0.053181
1 0.662698 0.115308 0.042659 0.075547
2 0.752976 0.133201 0.054563 0.115308
1 0.929563 0.319085 0.090278 0.148111
2 0.990575 0.088469 0.018849 0.094433
1 0.669643 0.299205 0.068452 0.118290
1 0.724206 0.090457 0.038690 0.072565
1 0.826389 0.089463 0.052579 0.080517
1 0.699405 0.028827 0.031746 0.054672
3 0.567460 0.574553 0.237103 0.579523
