1 0.708615 0.994722 0.164696 0.010556
1 0.816723 0.847778 0.148649 0.304444
1 0.181588 0.140000 0.036318 0.073333
1 0.249155 0.141111 0.036318 0.071111
1 0.789696 0.581111 0.098818 0.194444
1 0.581081 0.598889 0.095439 0.253333
1 0.127534 0.243333 0.056588 0.097778
2 0.134291 0.103333 0.034628 0.071111
1 0.626689 0.240000 0.053209 0.113333
1 0.273649 0.405556 0.059966 0.144444
2 0.105574 0.524444 0.110642 0.265556
1 0.024282 0.270000 0.048564 0.111111
1 0.014358 0.481111 0.028716 0.186667
2 0.608953 0.158889 0.047297 0.094444
