1 0.165971 0.357595 0.203549 0.131329
1 0.562630 0.284019 0.147182 0.097310
1 0.730689 0.251582 0.107516 0.080696
3 0.271660 0.568829 0.543319 0.530854
0 0.668058 0.374209 0.232777 0.246044
1 0.822547 0.371835 0.122129 0.102848
1 0.917537 0.326740 0.107516 0.094146
3 0.976514 0.272943 0.046973 0.150316
1 0.149269 0.309335 0.205637 0.120253
3 0.443633 0.221519 0.353862 0.191456
3 0.176670 0.207278 0.353340 0.219146
1 0.673278 0.225475 0.091858 0.071203
3 0.604384 0.175633 0.250522 0.140823
1 0.762004 0.220728 0.091858 0.065665
3 0.825678 0.154272 0.208768 0.095728
2 0.066284 0.488924 0.132568 0.231013
1 0.314196 0.428006 0.217119 0.147943
2 0.519833 0.358386 0.157620 0.142405
1 0.685804 0.337816 0.140919 0.102848
3 0.848643 0.272943 0.246347 0.174051
