1 0.999287 0.591270 0.001426 0.167460
2 0.797529 0.484127 0.238593 0.234921
1 0.512357 0.422222 0.197719 0.150794
2 0.322243 0.354762 0.144487 0.142857
1 0.173004 0.332540 0.128327 0.103175
3 0.070105 0.271429 0.140209 0.171429
2 0.863118 0.403175 0.267110 0.204762
1 0.582700 0.356349 0.172053 0.133333
1 0.398289 0.299206 0.152091 0.115079
1 0.249049 0.274603 0.125475 0.097619
1 0.150190 0.256349 0.083650 0.076984
1 0.042776 0.226190 0.072243 0.061905
1 0.118821 0.208730 0.078897 0.049206
1 1.000000 0.188889 0.000000 0.098413
1 0.897338 0.188095 0.151141 0.092063
1 0.721483 0.169841 0.133080 0.076984
1 0.559886 0.157937 0.114068 0.076984
3 0.376426 0.118254 0.234791 0.126190
1 0.939401 0.162698 0.121198 0.086508
1 0.720532 0.138095 0.120722 0.071429
1 0.570342 0.124603 0.105513 0.061905
1 0.423954 0.119841 0.076996 0.056349
1 0.221483 0.139683 0.075095 0.052381
1 0.257605 0.121429 0.050380 0.046825
1 0.137833 0.136508 0.059886 0.046825
1 0.173954 0.119048 0.049430 0.041270
1 0.075095 0.134127 0.049430 0.041270
1 0.115019 0.107937 0.050380 0.039683
