0 0.407143 0.633136 0.283333 0.315582
1 0.626984 0.070020 0.072222 0.074951
1 0.023611 0.159763 0.047222 0.086785
1 0.021429 0.212032 0.042857 0.100592
2 0.671429 0.090730 0.091270 0.100592
1 0.527778 0.096647 0.104762 0.090730
1 0.165873 0.119329 0.114286 0.112426
1 0.565873 0.124260 0.097619 0.090730
1 0.303175 0.075937 0.107937 0.112426
1 0.418254 0.172584 0.111905 0.112426
1 0.410317 0.044379 0.082540 0.081854
1 0.407143 0.120316 0.104762 0.100592
0 0.255556 0.149901 0.155556 0.153846
2 0.324603 0.062870 0.117460 0.125740
