1 0.468801 0.477237 0.196223 0.128728
1 0.967980 0.476452 0.064039 0.155416
1 0.824302 0.338305 0.128079 0.109890
1 0.926108 0.388540 0.131363 0.126374
1 0.779967 0.715071 0.214286 0.236264
1 0.071018 0.746468 0.142036 0.237834
1 0.052750 0.461538 0.105501 0.141287
1 0.399836 0.221350 0.091954 0.072213
1 0.412972 0.360283 0.151888 0.116954
1 0.376847 0.258242 0.109195 0.078493
1 0.413793 0.301413 0.134647 0.102041
1 0.568144 0.651491 0.204433 0.217425
1 0.457307 0.596546 0.225780 0.200942
1 0.832512 0.225275 0.072250 0.089482
1 0.688834 0.218995 0.094417 0.098901
1 0.568144 0.184458 0.082923 0.070644
1 0.516420 0.169545 0.076355 0.069074
1 0.656814 0.175039 0.077997 0.066719
1 0.714286 0.178964 0.086207 0.074568
