1 0.226504 0.220133 0.049812 0.089602
1 0.212406 0.108407 0.041353 0.073009
1 0.281015 0.117257 0.046053 0.076327
1 0.985902 0.488938 0.028196 0.154867
1 0.291353 0.184735 0.056391 0.086283
1 0.333647 0.283186 0.064850 0.107301
1 0.856203 0.325221 0.127820 0.141593
1 0.671992 0.279867 0.109023 0.118363
1 0.698308 0.228982 0.096805 0.105088
1 0.234023 0.350664 0.060150 0.139381
1 0.723684 0.184735 0.083647 0.118363
1 0.576128 0.122788 0.060150 0.086283
1 0.504699 0.123894 0.062970 0.078540
1 0.227444 0.735619 0.104323 0.217920
