0 0.379091 0.144737 0.087273 0.126880
1 0.238182 0.621241 0.237273 0.227444
1 0.660909 0.281015 0.072727 0.118421
1 0.677273 0.062970 0.037273 0.060150
1 0.653636 0.140977 0.044545 0.089286
1 0.636364 0.013393 0.036364 0.026786
2 0.730909 0.050752 0.046364 0.071429
2 0.759091 0.187970 0.050909 0.118421
1 0.687273 0.018797 0.040909 0.037594
1 0.808182 0.055451 0.047273 0.051692
2 0.780909 0.064850 0.040000 0.071429
1 0.895455 0.089286 0.057273 0.058271
1 0.615455 0.045113 0.035455 0.058271
1 0.985909 0.170113 0.028182 0.068609
1 0.722727 0.014333 0.035455 0.028665
1 0.648182 0.003994 0.035455 0.007989
1 0.702727 0.002585 0.035455 0.005169
1 0.576364 0.009398 0.037273 0.018797
