1 0.425110 0.419388 0.111233 0.205102
1 0.476872 0.766327 0.162996 0.343878
1 0.568282 0.069388 0.056167 0.079592
1 0.540749 0.155102 0.075991 0.104082
1 0.648678 0.125510 0.079295 0.139796
1 0.388767 0.045153 0.071586 0.090306
1 0.001652 0.169388 0.003304 0.116327
1 0.059471 0.457143 0.118943 0.217347
1 0.225771 0.289796 0.089207 0.169388
1 0.613436 0.455102 0.150881 0.236735
1 0.777533 0.402041 0.158590 0.188776
1 0.241189 0.155102 0.069383 0.096939
1 0.062775 0.074490 0.071586 0.070408
1 0.170705 0.108163 0.067181 0.089796
1 0.996971 0.682653 0.006057 0.333673
