2 0.018995 0.728216 0.037990 0.280083
1 0.280229 0.991701 0.133170 0.016598
1 0.082721 0.881743 0.165441 0.236514
1 0.235294 0.299793 0.075163 0.150415
1 0.105392 0.336100 0.085784 0.177386
2 0.644608 0.042012 0.035948 0.084025
1 0.455065 0.348548 0.069444 0.150415
1 0.343954 0.383817 0.072712 0.152490
1 0.307190 0.165975 0.049837 0.093361
1 0.716503 0.073651 0.039216 0.073651
1 0.785131 0.063278 0.042484 0.078838
1 0.496732 0.126556 0.048203 0.115145
2 0.741830 0.191909 0.056372 0.142116
1 0.443627 0.072614 0.036765 0.075726
1 0.860294 0.493776 0.101307 0.172199
1 0.515523 0.038382 0.033497 0.071577
