1 0.174915 0.348214 0.125427 0.157738
1 0.751706 0.441468 0.227816 0.235119
2 0.384812 0.281746 0.136519 0.185516
1 0.224403 0.245040 0.116894 0.135913
3 0.098549 0.169643 0.197099 0.216270
1 0.015572 0.168651 0.031143 0.087302
2 0.843003 0.332341 0.241468 0.258929
1 0.592150 0.271825 0.153584 0.166667
1 0.425768 0.203373 0.137372 0.143849
1 0.291809 0.170635 0.111775 0.118056
1 0.200512 0.150794 0.078498 0.096230
1 0.111775 0.118056 0.064846 0.077381
1 0.880546 0.183532 0.186860 0.150794
1 0.022184 0.110119 0.044369 0.077381
1 0.261945 0.076389 0.074232 0.082341
1 0.172355 0.091270 0.065700 0.080357
1 0.013439 0.100198 0.026877 0.068452
1 0.069113 0.046627 0.044369 0.056548
1 0.989974 0.068452 0.020051 0.106151
1 0.876280 0.060516 0.136519 0.110119
1 0.720990 0.045883 0.118601 0.091766
1 0.571672 0.038194 0.101536 0.076389
3 0.408703 0.026042 0.209044 0.052083
1 0.894198 0.035714 0.130546 0.071429
1 0.715870 0.016865 0.115188 0.033730
1 0.558020 0.013641 0.081058 0.027282
1 0.267065 0.020337 0.065700 0.040675
1 0.305461 0.006696 0.044369 0.013393
1 0.194539 0.016369 0.053754 0.032738
1 0.238908 0.000744 0.052048 0.001488
1 0.137372 0.011161 0.047782 0.022321
