1 0.439177 0.859026 0.254025 0.281947
1 0.170841 0.635903 0.152952 0.219067
1 0.047630 0.519270 0.095259 0.158215
1 0.007826 0.447262 0.015653 0.129817
3 0.015429 0.279919 0.030859 0.182556
1 0.033318 0.379310 0.066637 0.105477
3 0.288909 0.529412 0.472272 0.533469
3 0.785331 0.784229 0.429338 0.431542
1 0.743292 0.596349 0.195885 0.194726
1 0.366726 0.397566 0.096601 0.120690
1 0.242397 0.352941 0.097496 0.108519
3 0.205724 0.247465 0.186941 0.208925
1 0.376565 0.345842 0.108229 0.120690
1 0.542934 0.416836 0.140429 0.149087
1 0.754025 0.505071 0.175313 0.180527
3 0.903399 0.412779 0.193202 0.273834
1 0.635957 0.379310 0.139535 0.134888
1 0.446333 0.313387 0.103757 0.120690
3 0.306798 0.226166 0.192308 0.192698
1 0.951699 0.593306 0.096601 0.149087
