0 0.150647 0.008092 0.170055 0.016183
1 0.251386 0.063616 0.077634 0.094866
1 0.150647 0.041853 0.073013 0.083705
3 0.387246 0.043248 0.262477 0.086496
1 0.378004 0.087054 0.091497 0.111607
2 0.283734 0.102679 0.076710 0.140625
1 0.361368 0.205357 0.100739 0.137277
1 0.577634 0.280134 0.122921 0.148438
1 0.933457 0.143973 0.104436 0.137277
1 0.814233 0.151786 0.085952 0.116071
3 0.758780 0.178292 0.287431 0.356585
1 0.464880 0.335938 0.118299 0.169643
1 0.771719 0.516741 0.161738 0.204241
1 0.843808 0.071429 0.076710 0.106027
1 0.713494 0.030971 0.062847 0.061942
1 0.782810 0.031529 0.065619 0.063058
1 0.681146 0.662946 0.162662 0.235491
1 0.944547 0.809152 0.110906 0.295759
