0 0.453368 0.621399 0.323834 0.338477
1 0.288428 0.015946 0.055268 0.031893
1 0.969560 0.283951 0.060881 0.195473
1 0.942358 0.375514 0.115285 0.180041
1 0.372193 0.007459 0.083765 0.014918
1 0.429188 0.021862 0.090674 0.043724
1 0.760794 0.202675 0.151123 0.126543
1 0.728843 0.260288 0.147668 0.133745
1 0.898964 0.447531 0.180484 0.195473
1 0.568221 0.021862 0.095855 0.043724
2 0.495682 0.078189 0.125216 0.126543
1 0.521589 0.175926 0.127807 0.114198
1 0.579447 0.003344 0.085492 0.006687
1 0.525907 0.275720 0.144214 0.144033
3 0.129534 0.010288 0.259067 0.020576
3 0.199482 0.049126 0.255613 0.098251
1 0.730570 0.014660 0.099309 0.029321
1 0.758204 0.070988 0.120035 0.094650
1 0.291883 0.132716 0.113126 0.110082
1 0.771157 0.040381 0.101036 0.080761
1 0.216753 0.173868 0.130397 0.119342
1 0.943869 0.062757 0.106218 0.083333
1 0.999784 0.166667 0.000432 0.131687
1 0.954447 0.038066 0.091105 0.063786
1 0.037133 0.080247 0.073402 0.085391
