2 0.911972 0.911614 0.176056 0.176772
1 0.967304 0.492537 0.065392 0.127798
1 0.938380 0.552239 0.123239 0.132463
1 0.829980 0.412313 0.147887 0.101679
1 0.782696 0.457090 0.163984 0.108209
1 0.683099 0.344216 0.117706 0.088619
1 0.654930 0.380597 0.131791 0.085821
1 0.634809 0.292910 0.099598 0.070896
1 0.569417 0.295709 0.096579 0.093284
1 0.555332 0.329291 0.111670 0.093284
1 0.555332 0.253731 0.091549 0.072761
1 0.493964 0.245336 0.089537 0.079291
1 0.477867 0.281716 0.100604 0.085821
1 0.473843 0.213619 0.081489 0.064366
1 0.415493 0.212687 0.081489 0.070896
1 0.405433 0.252799 0.085513 0.075560
1 0.356137 0.222948 0.073441 0.077425
1 0.067404 0.212687 0.085513 0.066231
1 0.224346 0.275187 0.088531 0.085821
1 0.355131 0.349813 0.101610 0.119403
