1 0.476852 0.229209 0.204861 0.173428
1 0.982928 0.117647 0.034144 0.120690
1 0.042245 0.148073 0.084491 0.151116
1 0.034144 0.052485 0.068287 0.104970
1 0.160880 0.044118 0.083333 0.088235
1 0.797454 0.049189 0.151620 0.098377
1 0.730324 0.019777 0.103009 0.039554
1 0.843750 0.111562 0.185185 0.144016
1 0.960069 0.230223 0.079861 0.177485
1 0.670139 0.153144 0.207176 0.141988
1 0.306713 0.394523 0.246528 0.206897
1 0.223380 0.595335 0.339120 0.333671
1 0.694444 0.507099 0.337963 0.257606
1 0.842303 0.849899 0.315394 0.300203
1 0.439815 0.003803 0.121528 0.007606
