2 0.657168 0.062222 0.058722 0.118889
2 0.705527 0.117778 0.073402 0.126667
1 0.804836 0.194444 0.100173 0.126667
1 0.942358 0.262222 0.115285 0.161111
1 0.193437 0.023889 0.069085 0.047778
1 0.771157 0.040000 0.057858 0.078889
3 0.395509 0.134444 0.232297 0.268889
1 0.887737 0.028333 0.065630 0.056667
1 0.718480 0.732222 0.235751 0.228889
1 0.871330 0.009722 0.061313 0.019444
1 0.569085 0.004722 0.059585 0.009444
1 0.875000 0.935833 0.250000 0.128333
1 0.341105 0.755556 0.237478 0.205556
3 0.324914 0.934444 0.649827 0.131111
1 0.123489 0.921944 0.227116 0.156111
