1 0.033646 0.403465 0.066510 0.131188
1 0.218310 0.336634 0.122848 0.127063
1 0.394366 0.281353 0.087637 0.084158
1 0.556338 0.213696 0.061815 0.070132
1 0.388889 0.830033 0.221440 0.328383
1 0.773865 0.401815 0.071987 0.105611
2 0.648670 0.178218 0.050861 0.052805
1 0.495305 0.275578 0.065728 0.078383
2 0.207355 0.759901 0.271518 0.339934
1 0.438967 0.588284 0.155712 0.185644
3 0.631455 0.295380 0.181534 0.221122
1 0.081377 0.564356 0.162754 0.222772
1 0.503130 0.461221 0.153365 0.122937
1 0.697966 0.374587 0.075900 0.099835
2 0.199531 0.578383 0.171361 0.209571
1 0.046948 0.746700 0.093897 0.181518
1 0.276213 0.453795 0.149452 0.128713
1 0.434272 0.372112 0.113459 0.121287
1 0.761346 0.259076 0.046166 0.080033
1 0.789515 0.303630 0.055556 0.074257
