1 0.928086 0.392381 0.143827 0.120000
1 0.895062 0.441905 0.209877 0.103810
1 0.712346 0.308571 0.169136 0.080952
1 0.659259 0.353333 0.177778 0.090476
1 0.534568 0.244762 0.118518 0.085714
1 0.504938 0.277143 0.144444 0.083810
1 0.479012 0.185714 0.097531 0.067619
1 0.397531 0.198095 0.108642 0.069524
1 0.376543 0.223810 0.117284 0.080952
1 0.380247 0.145714 0.097531 0.059048
1 0.304938 0.149524 0.097531 0.069524
1 0.282716 0.181905 0.104938 0.067619
1 0.285185 0.115238 0.079012 0.054286
1 0.206173 0.111429 0.085185 0.062857
1 0.191358 0.143810 0.093827 0.059048
1 0.129630 0.117143 0.077778 0.060952
1 0.655556 0.921190 0.261728 0.157619
1 0.183951 0.353333 0.153086 0.156190
