1 0.075224 0.919469 0.150447 0.161062
1 0.469799 0.440708 0.138702 0.146903
1 0.617450 0.315929 0.089485 0.081416
1 0.739374 0.236283 0.076063 0.067257
1 0.056208 0.708850 0.112416 0.260177
1 0.464206 0.341593 0.097315 0.084071
1 0.585011 0.270796 0.088367 0.077876
1 0.065157 0.516814 0.130313 0.140708
1 0.278524 0.304425 0.106264 0.081416
1 0.363535 0.261062 0.098434 0.071681
1 0.441834 0.230973 0.080537 0.064602
1 0.502237 0.203540 0.072707 0.056637
1 0.164430 0.349558 0.129754 0.092035
1 0.022931 0.375221 0.045861 0.084071
1 0.136465 0.319469 0.115213 0.077876
1 0.257271 0.279646 0.098434 0.069027
2 0.345638 0.231858 0.092841 0.067257
1 0.430649 0.194690 0.072707 0.046018
1 0.363535 0.190265 0.068233 0.048673
1 0.340045 0.339823 0.124161 0.098230
1 0.051734 0.423894 0.103468 0.096460
1 0.543624 0.233628 0.086130 0.079646
1 0.768456 0.707080 0.272931 0.163717
1 0.702461 0.192035 0.088367 0.054867
1 0.278524 0.230973 0.093960 0.061062
1 0.766219 0.207965 0.074944 0.054867
1 0.153244 0.279646 0.116331 0.064602
