2 0.683306 0.309677 0.094108 0.114516
2 0.804419 0.382258 0.110475 0.133871
1 0.989566 0.475000 0.020867 0.095968
1 0.671849 0.254839 0.054828 0.058871
3 0.530278 0.222581 0.136661 0.147581
1 0.736498 0.258065 0.063011 0.051613
1 0.744681 0.223387 0.058102 0.045968
1 0.166121 0.219355 0.068740 0.040323
1 0.868453 0.781452 0.263093 0.174194
1 0.828969 0.216129 0.056465 0.051613
1 0.860884 0.923387 0.269231 0.153226
1 0.336334 0.350806 0.091653 0.074194
1 0.434534 0.200000 0.056465 0.044355
1 0.162848 0.435484 0.123568 0.091935
3 0.239975 0.841129 0.479951 0.317742
1 0.909165 0.204032 0.067921 0.047581
1 0.067512 0.520161 0.135025 0.118548
