1 0.020710 0.997006 0.038462 0.005988
1 0.288955 0.985030 0.361933 0.029940
1 0.830868 0.978044 0.338264 0.043912
0 0.753452 0.746507 0.370809 0.340319
1 0.413215 0.191617 0.119329 0.099800
1 0.541420 0.229541 0.122288 0.082834
1 0.726824 0.271457 0.139053 0.115768
0 0.917406 0.252495 0.165187 0.153693
1 0.740631 0.222555 0.123274 0.082834
1 0.594675 0.199601 0.114398 0.087824
1 0.465483 0.170659 0.091716 0.075848
1 0.735700 0.143713 0.097633 0.072854
1 0.869822 0.176647 0.129191 0.103792
2 0.984714 0.216567 0.030572 0.189621
1 0.570020 0.300399 0.127219 0.099800
