1 0.597104 0.506012 0.051107 0.085170
1 0.540034 0.504008 0.058773 0.100200
1 0.657581 0.573146 0.057070 0.100200
1 0.515332 0.824649 0.091993 0.183367
3 0.787266 0.833667 0.425468 0.332665
1 0.327087 0.863727 0.106474 0.204409
1 0.578365 0.544088 0.065588 0.083166
1 0.419080 0.650301 0.060477 0.128257
3 0.603918 0.588176 0.172913 0.258517
1 0.342419 0.558116 0.057070 0.123247
1 0.500000 0.453908 0.065588 0.064128
1 0.392675 0.434870 0.046848 0.066132
1 0.470187 0.427856 0.057070 0.057114
1 0.383305 0.400802 0.043441 0.052104
1 0.293867 0.394790 0.037479 0.059118
1 0.602215 0.514028 0.089438 0.083166
