0 0.268670 0.274272 0.087432 0.109223
1 0.404372 0.563916 0.161202 0.169094
1 0.585610 0.248382 0.043716 0.061489
1 0.521858 0.360032 0.066485 0.107605
1 0.552823 0.181230 0.039162 0.044498
2 0.643898 0.221683 0.043716 0.072816
2 0.603825 0.425566 0.083789 0.148058
1 0.598361 0.176375 0.044627 0.042071
1 0.665756 0.171521 0.039162 0.038026
2 0.703097 0.257282 0.042805 0.080906
1 0.734973 0.190129 0.044627 0.042071
1 0.521858 0.238673 0.040073 0.059061
1 0.824226 0.248382 0.064663 0.051780
1 0.629326 0.168285 0.039162 0.040453
1 0.866120 0.300971 0.090164 0.063107
1 0.547359 0.142395 0.039162 0.034790
1 0.606557 0.144013 0.031876 0.034790
1 0.500911 0.137540 0.040073 0.040453
1 0.492714 0.172330 0.042805 0.047735
1 0.532787 0.120550 0.039162 0.032362
