1 0.329787 0.144213 0.045745 0.058824
1 0.407447 0.135674 0.046808 0.060721
1 0.308511 0.191651 0.056383 0.072106
1 0.782979 0.848197 0.174468 0.295066
2 0.237234 0.156546 0.046808 0.074004
1 0.369149 0.274194 0.067021 0.092030
1 0.187234 0.135674 0.046808 0.060721
1 0.747872 0.344402 0.086170 0.108159
1 0.885106 0.355787 0.084043 0.108159
1 0.817021 0.273245 0.071277 0.087286
1 0.856383 0.208729 0.059574 0.072106
1 0.315957 0.446869 0.093617 0.129981
1 0.125532 0.314990 0.090426 0.098672
1 0.101064 0.570209 0.128723 0.159393
1 0.290426 0.686907 0.126596 0.186907
1 0.728723 0.155598 0.047872 0.065465
