1 0.904775 0.632979 0.190451 0.145745
1 0.855150 0.696808 0.211373 0.148936
1 0.692060 0.531915 0.153433 0.110638
1 0.641631 0.591489 0.166309 0.118085
1 0.536481 0.460638 0.112661 0.108511
1 0.507511 0.502128 0.133047 0.106383
1 0.484979 0.396809 0.090129 0.086170
1 0.416309 0.404255 0.104077 0.082979
1 0.395923 0.442553 0.112661 0.093617
1 0.401288 0.350000 0.089056 0.073404
1 0.337983 0.352128 0.090129 0.082979
1 0.313305 0.394681 0.099785 0.080851
1 0.313305 0.313830 0.072961 0.073404
1 0.251073 0.312766 0.078326 0.080851
1 0.237124 0.353191 0.091202 0.086170
1 0.185622 0.320213 0.080472 0.082979
1 0.107296 0.429787 0.097640 0.110638
1 0.259657 0.539362 0.123391 0.151064
