1 0.908348 0.283662 0.177858 0.164273
2 0.712341 0.204668 0.141561 0.125673
1 0.460073 0.128366 0.083485 0.072711
1 0.382033 0.104129 0.061706 0.063734
1 0.449183 0.174147 0.080762 0.091562
2 0.809437 0.702873 0.315790 0.377020
1 0.538112 0.519749 0.182396 0.197487
3 0.313067 0.206463 0.213249 0.236086
1 0.949410 0.484740 0.101180 0.204668
1 0.602541 0.427289 0.188748 0.166068
1 0.355717 0.388689 0.131579 0.142729
2 0.818512 0.508977 0.202359 0.246858
1 0.962795 0.669659 0.074410 0.172352
1 0.786751 0.394075 0.187840 0.153501
1 0.581670 0.295332 0.138839 0.119390
1 0.196915 0.249551 0.080762 0.113106
1 0.269510 0.313285 0.093466 0.114901
1 0.451906 0.230700 0.097096 0.113106
1 0.201452 0.178636 0.050817 0.063734
1 0.152450 0.157989 0.047187 0.059246
1 0.141561 0.216338 0.054446 0.078995
