1 0.432563 0.156046 0.068401 0.046569
2 0.372832 0.140523 0.084778 0.066176
1 0.310212 0.172386 0.097302 0.059641
2 0.257225 0.163399 0.083815 0.063725
1 0.206166 0.198529 0.091522 0.062091
1 0.137765 0.191176 0.083815 0.058007
1 0.099229 0.218954 0.092486 0.053922
1 0.035645 0.219771 0.071291 0.046569
0 0.599229 0.255719 0.095376 0.120098
1 0.920039 0.700163 0.159923 0.199346
1 0.681118 0.527778 0.116570 0.176471
1 0.665703 0.374183 0.074181 0.124183
1 0.711946 0.290033 0.070328 0.081699
1 0.753372 0.236928 0.065511 0.073529
1 0.778420 0.194444 0.061657 0.066176
1 0.797688 0.169118 0.050096 0.062091
1 0.522158 0.807190 0.292871 0.187908
3 0.303468 0.178922 0.236031 0.127451
1 0.060212 0.814542 0.120424 0.186275
1 0.664740 0.152778 0.081888 0.050654
