1 0.595876 0.640681 0.273196 0.248208
1 0.995361 0.374552 0.009278 0.139785
2 0.149485 0.437276 0.260825 0.265233
1 0.459794 0.367384 0.213402 0.167563
2 0.664948 0.293011 0.156701 0.165771
1 0.827835 0.266129 0.140206 0.116487
3 0.931959 0.197133 0.136082 0.193548
2 0.110567 0.349462 0.221134 0.231183
1 0.382474 0.297491 0.186598 0.150538
1 0.581443 0.229391 0.164948 0.127240
1 0.347423 0.165771 0.149485 0.112903
1 0.817526 0.110215 0.077320 0.072581
1 0.868041 0.178315 0.087629 0.091398
1 0.889691 0.131720 0.073196 0.069892
1 0.061598 0.103943 0.123196 0.103943
1 0.232990 0.083333 0.145361 0.089606
1 0.408247 0.070789 0.123711 0.085125
3 0.608247 0.047715 0.254639 0.095430
1 0.064175 0.065412 0.128351 0.080645
1 0.243299 0.050179 0.132990 0.080645
1 0.395876 0.036514 0.115464 0.073029
1 0.628866 0.029794 0.075258 0.059588
1 0.772165 0.051971 0.083505 0.059140
1 0.757732 0.025314 0.075258 0.050627
1 0.861856 0.045699 0.065979 0.061828
1 0.853608 0.023073 0.057732 0.046147
1 0.929897 0.044803 0.054639 0.049283
1 0.904124 0.020833 0.054639 0.041667
