1 0.609259 0.210737 0.041667 0.056891
1 0.165741 0.584936 0.119444 0.152244
1 0.681481 0.219551 0.043518 0.052885
2 0.287963 0.685096 0.121296 0.241186
1 0.771296 0.169872 0.039815 0.049679
1 0.628704 0.294071 0.051852 0.072115
1 0.723148 0.294872 0.062037 0.073718
1 0.334259 0.381410 0.071296 0.100962
1 0.150926 0.299679 0.062037 0.068109
1 0.825000 0.305288 0.069444 0.077724
1 0.659259 0.453526 0.091667 0.123397
2 0.301852 0.223558 0.043518 0.070513
1 0.901852 0.275641 0.069444 0.072115
1 0.869444 0.492788 0.108333 0.134615
1 0.443519 0.207532 0.040741 0.055288
