1 0.250936 0.843042 0.352060 0.296926
1 0.926030 0.500809 0.147940 0.153722
1 0.988530 0.364887 0.022940 0.099515
1 0.006320 0.603560 0.012640 0.170712
2 0.212547 0.490291 0.236891 0.239482
1 0.494382 0.427184 0.193820 0.151294
2 0.680712 0.359223 0.142322 0.149676
1 0.828652 0.335761 0.127341 0.105178
3 0.930712 0.273463 0.138577 0.174757
2 0.147940 0.411003 0.261236 0.208738
1 0.424157 0.364078 0.169476 0.135922
1 0.604869 0.302589 0.149813 0.114887
1 0.079588 0.294498 0.159176 0.135922
1 0.697566 0.204693 0.088951 0.072816
1 0.821161 0.266990 0.111423 0.089806
1 0.772472 0.236246 0.096442 0.076861
1 0.980103 0.219256 0.039794 0.057443
1 0.005618 0.190939 0.011236 0.099515
1 0.115169 0.189320 0.148876 0.093851
1 0.288390 0.170712 0.132023 0.080906
1 0.447566 0.159385 0.112360 0.076861
3 0.629213 0.116505 0.231273 0.130259
1 0.007491 0.167476 0.014981 0.072816
1 0.119850 0.156149 0.142322 0.072816
1 0.296816 0.139159 0.120786 0.072816
1 0.435393 0.127832 0.104869 0.067152
1 0.639513 0.120550 0.070225 0.057443
1 0.778090 0.142395 0.075843 0.053398
1 0.764045 0.117314 0.067416 0.047735
1 0.860487 0.136731 0.058989 0.055825
1 0.849251 0.115696 0.053371 0.044498
1 0.922285 0.134304 0.049625 0.044498
1 0.895131 0.110032 0.049625 0.046116
