0 0.596721 0.732664 0.310656 0.304745
1 0.011680 0.503650 0.023361 0.140511
1 0.860656 0.146898 0.066393 0.056569
1 0.135246 0.415146 0.127869 0.125000
3 0.609836 0.142336 0.299180 0.138686
1 0.057582 0.633212 0.115164 0.203467
2 0.176230 0.433394 0.145082 0.166971
1 0.743443 0.130474 0.074590 0.060219
1 0.671311 0.188869 0.085246 0.060219
1 0.356557 0.366788 0.127049 0.094891
1 0.380328 0.317518 0.118033 0.082117
1 0.387705 0.457117 0.150820 0.140511
1 0.548361 0.249088 0.112295 0.108577
1 0.570492 0.333942 0.118033 0.093066
1 0.674590 0.357664 0.118852 0.108577
1 0.474590 0.160584 0.074590 0.060219
1 0.336885 0.197080 0.087705 0.069343
1 0.300000 0.258212 0.108197 0.064781
1 0.745902 0.234489 0.109016 0.064781
1 0.740164 0.281934 0.109016 0.075730
1 0.856557 0.324818 0.112295 0.097628
1 0.255738 0.182482 0.077869 0.071168
1 0.133607 0.238139 0.100820 0.075730
2 0.887705 0.179745 0.094262 0.080292
1 0.967213 0.242701 0.065574 0.072993
1 0.077049 0.213504 0.094262 0.082117
