1 0.379048 0.442959 0.180000 0.139037
1 0.940714 0.803030 0.118571 0.270054
1 0.743810 0.291444 0.130476 0.103387
1 0.943333 0.393048 0.113333 0.131016
1 0.063095 0.434046 0.126190 0.155971
1 0.073333 0.341355 0.145714 0.131016
1 0.086667 0.245989 0.068571 0.101604
1 0.743810 0.449198 0.214286 0.192513
1 0.547619 0.232620 0.117143 0.089127
1 0.532381 0.198752 0.086667 0.080214
1 0.503810 0.254011 0.126667 0.092692
1 0.559048 0.314617 0.148571 0.118538
1 0.328571 0.271836 0.132381 0.114082
1 0.404762 0.721925 0.267619 0.232620
1 0.322857 0.881462 0.345714 0.237077
1 0.733333 0.816399 0.339048 0.280749
