3 0.328666 0.557971 0.608731 0.540258
0 0.731466 0.359903 0.183690 0.250403
1 0.853377 0.357488 0.096376 0.104670
1 0.929984 0.318841 0.085667 0.089372
3 0.978377 0.262480 0.043245 0.148953
1 0.083196 0.349436 0.166392 0.144928
1 0.320428 0.295491 0.161450 0.119968
1 0.042010 0.293076 0.084020 0.125604
3 0.554366 0.204509 0.279242 0.194847
3 0.312191 0.190016 0.341845 0.223027
1 0.735585 0.214171 0.071664 0.070853
3 0.681219 0.157810 0.197694 0.143317
1 0.805601 0.203704 0.072488 0.066828
3 0.855848 0.136071 0.164745 0.097424
2 0.203460 0.476651 0.210873 0.235105
1 0.452224 0.414654 0.171334 0.150564
2 0.614498 0.343800 0.124382 0.144928
1 0.745470 0.322866 0.111203 0.104670
3 0.873970 0.256844 0.194399 0.177134
