3 0.980890 0.327038 0.038219 0.188867
1 0.959308 0.414513 0.081385 0.115308
3 0.675360 0.574553 0.497302 0.536779
3 0.071942 0.847167 0.143885 0.305666
3 0.789568 0.272366 0.184353 0.169980
1 0.616007 0.373757 0.108813 0.110338
1 0.446942 0.439364 0.147482 0.139165
1 0.239209 0.513917 0.176259 0.165010
3 0.086331 0.428429 0.172662 0.276342
1 0.352518 0.402584 0.151978 0.129225
1 0.545863 0.338966 0.100719 0.103380
3 0.692446 0.251491 0.197842 0.173956
1 0.713130 0.792247 0.182554 0.249503
1 0.437950 0.257455 0.097122 0.096421
1 0.043165 0.603380 0.086331 0.146123
