1 0.807965 0.010593 0.027434 0.021186
1 0.589381 0.918697 0.205310 0.162606
1 0.757522 0.026483 0.036283 0.047669
1 0.713274 0.021451 0.036283 0.042903
1 0.790265 0.037076 0.032743 0.042373
1 0.730088 0.075212 0.041593 0.045551
1 0.772566 0.328390 0.077876 0.122881
2 0.930088 0.251059 0.057522 0.135593
2 0.616814 0.059322 0.050442 0.075212
1 0.584071 0.043432 0.036283 0.052966
1 0.896460 0.155720 0.048673 0.082627
2 0.475221 0.128178 0.069911 0.087924
1 0.934513 0.100636 0.039823 0.062500
2 0.402655 0.115466 0.074336 0.093220
1 0.423894 0.207627 0.080531 0.090042
1 0.989159 0.385593 0.021681 0.163136
1 0.933628 0.025424 0.028319 0.042373
1 0.082080 0.496822 0.164159 0.170551
1 0.001770 0.391949 0.003540 0.120763
