1 0.040765 0.454905 0.081531 0.147152
1 0.341930 0.333861 0.153910 0.106804
1 0.537438 0.307753 0.132280 0.097310
1 0.670549 0.268196 0.096506 0.084652
3 0.301373 0.568829 0.602745 0.530854
0 0.702163 0.374209 0.185524 0.246044
1 0.825291 0.371835 0.097338 0.102848
1 0.900998 0.326740 0.085691 0.094146
3 0.964642 0.272943 0.070715 0.150316
1 0.064684 0.364715 0.129368 0.138449
1 0.288685 0.309335 0.163893 0.120253
1 0.024126 0.308544 0.048253 0.123418
3 0.523295 0.221519 0.282030 0.191456
3 0.278702 0.207278 0.345258 0.219146
1 0.706323 0.225475 0.073211 0.071203
3 0.651414 0.175633 0.199667 0.140823
1 0.777038 0.220728 0.073211 0.065665
3 0.827787 0.154272 0.166389 0.095728
2 0.168885 0.488924 0.212978 0.231013
1 0.420133 0.428006 0.173045 0.147943
2 0.584027 0.358386 0.125624 0.142405
1 0.716306 0.337816 0.112313 0.102848
3 0.846090 0.272943 0.196339 0.174051
