1 0.616732 0.888668 0.117704 0.222664
1 0.537938 0.169980 0.037938 0.063618
2 0.807393 0.902336 0.140078 0.195328
1 0.903696 0.638171 0.109922 0.181909
1 0.799611 0.436382 0.080739 0.129225
1 0.970331 0.439364 0.059339 0.125248
1 0.367704 0.183897 0.045720 0.065606
1 0.427043 0.186879 0.038911 0.068588
1 0.901751 0.444334 0.086576 0.136183
1 0.733463 0.310139 0.057393 0.087475
2 0.788911 0.252485 0.063230 0.127237
1 0.868677 0.278330 0.066148 0.091451
1 0.386187 0.343936 0.062257 0.099404
1 0.273346 0.241551 0.058366 0.070577
1 0.242218 0.452286 0.088521 0.113320
1 0.683852 0.203777 0.042802 0.070577
1 0.588521 0.166998 0.035019 0.058648
1 0.717899 0.169980 0.039883 0.056660
3 0.036722 0.446322 0.073444 0.313121
1 0.051556 0.907555 0.103113 0.184891
3 0.732490 0.109344 0.071012 0.108350
