1 0.513538 0.185185 0.043321 0.074074
1 0.401625 0.324916 0.072202 0.123737
2 0.485560 0.240741 0.072202 0.133838
1 0.429603 0.191077 0.057762 0.077441
1 0.336643 0.039562 0.033393 0.047980
1 0.341155 0.199495 0.075812 0.106061
1 0.119134 0.898359 0.220217 0.203283
1 0.274368 0.064815 0.039711 0.046296
1 0.429603 0.079125 0.038809 0.059764
3 0.504513 0.048611 0.046931 0.097222
1 0.160650 0.129630 0.056859 0.071549
1 0.459386 0.040404 0.024368 0.047980
1 0.405235 0.040404 0.033393 0.042088
3 0.576715 0.502525 0.199459 0.553030
