1 0.729348 0.386214 0.064130 0.088621
1 0.659783 0.378556 0.072826 0.098468
1 0.806522 0.472648 0.072826 0.109409
1 0.550000 0.923414 0.156522 0.153173
3 0.850272 0.787746 0.299457 0.424508
1 0.705435 0.440919 0.083696 0.090810
1 0.494565 0.764770 0.109783 0.200219
3 0.821739 0.572210 0.239130 0.316192
1 0.351087 0.658643 0.116304 0.225383
1 0.847826 0.381838 0.125000 0.077681
1 0.553261 0.369803 0.059783 0.077681
1 0.734783 0.354486 0.107609 0.067834
1 0.569565 0.316193 0.081522 0.062363
1 0.455435 0.364333 0.057609 0.085339
1 0.365217 0.332604 0.057609 0.079869
1 0.432609 0.281182 0.055435 0.067834
1 0.328261 0.266958 0.048913 0.060175
1 0.379348 0.259300 0.043478 0.062363
1 0.566304 0.428884 0.105435 0.096280
1 0.105435 0.664114 0.210870 0.183807
