2 0.210421 0.173486 0.041082 0.062193
1 0.754509 0.746318 0.148297 0.189853
1 0.083166 0.166939 0.040080 0.042553
2 0.734469 0.451718 0.109218 0.151391
1 0.196393 0.246318 0.049098 0.058101
2 0.125251 0.202128 0.052104 0.073650
2 0.505010 0.334697 0.063126 0.103110
2 0.540080 0.252864 0.047094 0.067921
1 0.604208 0.240589 0.048096 0.056465
1 0.029309 0.387070 0.058617 0.099018
1 0.438878 0.248773 0.045090 0.063830
1 0.482966 0.196399 0.041082 0.050737
2 0.545090 0.189853 0.039078 0.062193
1 0.420842 0.190671 0.043086 0.052373
1 0.075150 0.693126 0.124248 0.174304
