2 0.380993 0.849566 0.154110 0.300867
1 0.360445 0.333596 0.077911 0.129338
1 0.309075 0.555205 0.146404 0.203470
1 0.201199 0.073344 0.041952 0.048896
1 0.275685 0.237382 0.067637 0.097003
1 0.380993 0.154574 0.048801 0.074921
1 0.156678 0.096215 0.047089 0.063880
1 0.267123 0.063880 0.035103 0.050473
1 0.160103 0.048107 0.040240 0.046530
1 0.394692 0.100946 0.037671 0.055994
1 0.315925 0.119085 0.041952 0.065457
1 0.202911 0.131703 0.053938 0.069401
1 0.059932 0.131703 0.055651 0.067035
1 0.041952 0.208991 0.078767 0.085962
2 0.403253 0.062303 0.028253 0.050473
1 0.022902 0.287066 0.045805 0.104890
3 0.480308 0.174290 0.089041 0.194795
