1 0.356911 0.149068 0.029268 0.059006
1 0.253659 0.139752 0.029268 0.053830
1 0.665854 0.542443 0.077236 0.159420
1 0.292683 0.182195 0.035772 0.080745
2 0.820325 0.582816 0.087805 0.208075
1 0.210569 0.222567 0.041463 0.071429
1 0.664228 0.350932 0.052846 0.095238
1 0.239837 0.307453 0.049594 0.095238
1 0.600000 0.223602 0.038211 0.073499
1 0.291057 0.450311 0.058537 0.118012
1 0.167480 0.513458 0.083740 0.141822
1 0.091870 0.414079 0.069106 0.112836
1 0.521138 0.197723 0.035772 0.071429
1 0.465041 0.190476 0.032520 0.071429
1 0.543902 0.141822 0.026829 0.053830
1 0.039837 0.343685 0.062602 0.100414
1 0.504878 0.159420 0.029268 0.059006
