1 0.831950 0.457614 0.149378 0.104396
3 0.596473 0.209576 0.181535 0.128728
1 0.677386 0.453689 0.135892 0.115385
1 0.689834 0.369702 0.116183 0.083987
1 0.513485 0.346939 0.092324 0.080063
1 0.752075 0.291994 0.086100 0.059655
1 0.854772 0.332810 0.127593 0.070644
1 0.588174 0.314757 0.102697 0.069074
1 0.483402 0.219780 0.058091 0.050235
1 0.966546 0.397174 0.066909 0.083987
1 0.617220 0.520408 0.142116 0.143642
1 0.490664 0.270016 0.084025 0.063579
2 0.582988 0.255102 0.091286 0.069074
1 0.480290 0.402669 0.116183 0.102041
1 0.122407 0.702512 0.244813 0.139717
3 0.607365 0.908360 0.785270 0.183281
1 0.341286 0.277080 0.069502 0.061224
2 0.871369 0.383830 0.116183 0.096546
1 0.872925 0.818681 0.254149 0.116954
1 0.250000 0.219780 0.066390 0.054160
2 0.188797 0.833595 0.377593 0.219780
