1 0.289189 0.909380 0.200000 0.181240
1 0.530631 0.595390 0.141441 0.205087
1 0.748649 0.363275 0.097297 0.108903
1 0.837838 0.287758 0.068469 0.067568
1 0.914414 0.241653 0.058559 0.062003
1 0.209910 0.794118 0.198198 0.254372
1 0.538739 0.435612 0.118018 0.137520
1 0.735135 0.297297 0.071171 0.069952
1 0.817117 0.253577 0.071171 0.058029
3 0.120946 0.659777 0.241892 0.429253
1 0.513514 0.377583 0.098198 0.092210
1 0.525225 0.308426 0.086486 0.067568
1 0.593694 0.275040 0.078378 0.065978
1 0.654955 0.247218 0.067568 0.058029
1 0.703604 0.221781 0.060360 0.049285
1 0.431532 0.358506 0.109009 0.081081
1 0.276577 0.379968 0.119820 0.088235
1 0.408108 0.325119 0.094595 0.069952
1 0.508108 0.287758 0.082883 0.065978
2 0.575676 0.243243 0.071171 0.054849
1 0.648649 0.216216 0.062162 0.050874
1 0.592793 0.216216 0.060360 0.045310
1 0.675676 0.282989 0.082883 0.071542
1 0.094595 0.447536 0.162162 0.105723
1 0.319820 0.414944 0.130631 0.086645
1 0.789189 0.228935 0.068469 0.062003
1 0.829730 0.675676 0.220721 0.156598
1 0.912613 0.203498 0.071171 0.043720
1 0.121622 0.503180 0.190991 0.124006
1 0.519820 0.240064 0.067568 0.049285
1 0.955856 0.216216 0.060360 0.045310
1 0.400901 0.300477 0.100000 0.060413
