1 0.966561 0.293073 0.066879 0.063055
1 0.651805 0.151865 0.032909 0.038188
1 0.439490 0.930728 0.144374 0.138544
1 0.221868 0.944938 0.161359 0.110124
1 0.029193 0.933393 0.058386 0.133215
1 0.436306 0.740675 0.111465 0.176732
1 0.251592 0.745115 0.114650 0.168739
1 0.069002 0.768206 0.136943 0.191830
1 0.292994 0.568384 0.101911 0.159858
1 0.129512 0.626998 0.101911 0.138544
1 0.006900 0.638544 0.013800 0.182949
1 0.166667 0.536412 0.089172 0.113677
1 0.043790 0.535524 0.087580 0.121670
1 0.186837 0.464476 0.077495 0.096803
1 0.093418 0.451155 0.077495 0.092362
1 0.228238 0.399645 0.060510 0.081705
1 0.121019 0.394316 0.062633 0.079929
1 0.219745 0.353464 0.049894 0.075488
1 0.138004 0.353464 0.055202 0.071936
1 0.168790 0.316163 0.047771 0.064831
1 0.192144 0.281528 0.050955 0.063055
3 0.251592 0.277087 0.083864 0.158082
3 0.013270 0.489343 0.026539 0.339254
3 0.040605 0.339254 0.081210 0.193606
3 0.084926 0.265542 0.085987 0.147424
3 0.157113 0.202487 0.106157 0.138544
3 0.265393 0.212256 0.063694 0.095027
1 0.599788 0.144760 0.026539 0.035524
1 0.412951 0.161634 0.025478 0.033748
0 0.911890 0.313499 0.084926 0.107460
1 0.629512 0.174956 0.033970 0.038188
1 0.562633 0.211368 0.047771 0.050622
1 0.478769 0.174067 0.029724 0.035524
1 0.433121 0.197158 0.032909 0.046181
1 0.765393 0.309947 0.064756 0.069272
