1 0.408301 0.026247 0.037645 0.052495
1 0.338803 0.020270 0.042471 0.040541
1 0.457529 0.046778 0.037645 0.071726
1 0.367761 0.048857 0.035714 0.059252
1 0.366795 0.101871 0.054054 0.088358
1 0.271236 0.141372 0.062741 0.093555
1 0.414093 0.179834 0.062741 0.103950
2 0.304054 0.256757 0.073359 0.140333
1 0.122587 0.326403 0.105212 0.160083
1 0.184363 0.537422 0.146718 0.214137
1 0.232625 0.882017 0.204633 0.235967
1 0.804054 0.293139 0.074324 0.120582
1 0.785714 0.481289 0.108108 0.179834
1 0.642857 0.768191 0.155405 0.361746
1 0.583977 0.306653 0.074324 0.142412
1 0.622587 0.086279 0.051158 0.075884
1 0.545367 0.089397 0.049228 0.100832
