3 0.221660 0.540373 0.443320 0.716356
2 0.946609 0.318841 0.106781 0.193582
3 0.958249 0.153209 0.083502 0.227743
2 0.083755 0.388199 0.167510 0.306418
1 0.344130 0.306418 0.209514 0.191511
2 0.545547 0.221532 0.152834 0.196687
1 0.705466 0.191511 0.137652 0.134576
3 0.861336 0.111284 0.234818 0.222567
1 0.965840 0.112836 0.068320 0.093168
2 0.105516 0.259834 0.211032 0.245342
1 0.494939 0.156315 0.136640 0.141822
1 0.875506 0.048654 0.077935 0.087992
1 0.007085 0.033903 0.014170 0.067805
1 0.121458 0.017081 0.144737 0.034161
1 0.294534 0.007246 0.122470 0.014493
1 0.032895 0.002588 0.065790 0.005176
