0 0.598361 0.640688 0.304918 0.332996
1 0.896721 0.003796 0.066393 0.007591
2 0.023975 0.409919 0.047951 0.170041
1 0.027254 0.556680 0.054508 0.173077
3 0.697541 0.025810 0.287705 0.051619
1 0.323770 0.215587 0.124590 0.115385
1 0.245902 0.360324 0.122131 0.180162
2 0.182787 0.316802 0.135246 0.189271
1 0.504098 0.136640 0.104098 0.105263
1 0.457377 0.265182 0.137705 0.160931
1 0.481148 0.066802 0.113934 0.084008
1 0.657377 0.092105 0.094262 0.064777
3 0.227869 0.069079 0.340164 0.138158
1 0.697541 0.192308 0.122131 0.115385
2 0.633607 0.137652 0.117213 0.127530
1 0.335246 0.024798 0.074590 0.049595
1 0.236885 0.133603 0.105738 0.086032
1 0.824590 0.111336 0.095902 0.091093
1 0.861475 0.045547 0.086066 0.078947
1 0.946926 0.150810 0.106148 0.093117
