0 0.710572 0.229862 0.083189 0.144401
1 0.922227 0.692534 0.155546 0.283890
1 0.762565 0.572692 0.094454 0.200393
1 0.746967 0.424361 0.077123 0.149312
1 0.772964 0.307466 0.069324 0.123772
1 0.813691 0.242633 0.052860 0.105108
1 0.858752 0.192534 0.049393 0.090373
1 0.971404 0.915521 0.057192 0.168959
1 0.465338 0.112967 0.061525 0.046169
1 0.308492 0.248527 0.096187 0.083497
2 0.465338 0.135560 0.077123 0.062868
1 0.524263 0.884086 0.280763 0.231827
1 0.590121 0.159136 0.077123 0.067780
1 0.905546 0.135560 0.064991 0.071709
1 0.215771 0.196464 0.082322 0.060904
1 0.085139 0.920432 0.170277 0.159136
2 0.007149 0.247544 0.014298 0.069745
