1 0.239091 0.573955 0.137273 0.213023
1 0.140000 0.028135 0.033636 0.044212
2 0.268182 0.321543 0.077273 0.152733
1 0.113636 0.044212 0.033636 0.045820
1 0.274545 0.201768 0.060909 0.080386
1 0.073636 0.032958 0.040000 0.041801
1 0.187273 0.038585 0.036364 0.051447
1 0.391818 0.090032 0.037273 0.062701
2 0.312727 0.095659 0.046364 0.083601
1 0.177273 0.204180 0.069091 0.098875
2 0.055455 0.090032 0.057273 0.083601
1 0.390000 0.228296 0.068182 0.091640
1 0.339091 0.066720 0.029091 0.057074
1 0.008864 0.167203 0.017727 0.080386
1 0.251818 0.060289 0.042727 0.061093
3 0.479091 0.471061 0.200909 0.478296
