1 0.544708 0.424176 0.131387 0.226374
1 0.450730 0.287912 0.092153 0.167033
1 0.326642 0.165934 0.083029 0.127473
1 0.260036 0.107692 0.064781 0.091209
1 0.212591 0.067033 0.054745 0.075824
1 0.670620 0.423077 0.127737 0.192308
1 0.554745 0.295604 0.097628 0.140659
1 0.429745 0.158242 0.079380 0.119780
1 0.360401 0.113187 0.058394 0.085714
1 0.291058 0.078022 0.066606 0.083516
1 0.968750 0.824725 0.062500 0.350549
3 0.701642 0.275824 0.289234 0.364835
1 0.437956 0.109890 0.072080 0.083516
1 0.615876 0.186813 0.106752 0.101099
1 0.548358 0.115385 0.076642 0.080220
1 0.484489 0.073626 0.068431 0.075824
1 0.437044 0.042857 0.059307 0.060440
1 0.709854 0.252747 0.120438 0.106593
1 0.869526 0.257143 0.119526 0.104396
1 0.728102 0.189011 0.101277 0.096703
1 0.628650 0.128571 0.092153 0.098901
2 0.563869 0.070330 0.065693 0.068132
1 0.492701 0.037363 0.058394 0.072527
1 0.552007 0.038462 0.062956 0.062637
1 0.352190 0.064835 0.073905 0.072527
1 0.986998 0.354945 0.026004 0.142857
2 0.136861 0.632967 0.256387 0.234066
1 0.825730 0.313187 0.134124 0.112088
1 0.281022 0.032418 0.066606 0.064835
1 0.506387 0.678022 0.225365 0.203297
1 0.207117 0.020055 0.064781 0.040110
1 0.965100 0.420879 0.069799 0.146154
1 0.645985 0.084615 0.076642 0.070330
1 0.180657 0.030769 0.076642 0.060440
1 0.982208 0.281319 0.035584 0.093407
