1 0.339130 0.496000 0.303261 0.261000
2 0.273913 0.300000 0.230435 0.254000
1 0.736957 0.188000 0.165217 0.147000
3 0.919837 0.101500 0.160326 0.203000
2 0.097011 0.249000 0.194022 0.261000
1 0.359783 0.189000 0.195652 0.168000
1 0.571739 0.120000 0.175000 0.147000
1 0.742391 0.087000 0.142391 0.116000
1 0.859783 0.067000 0.101087 0.097000
1 0.963859 0.037500 0.072283 0.075000
1 0.338043 0.048250 0.157609 0.096500
1 0.355435 0.103000 0.185870 0.126000
1 0.786957 0.030500 0.103261 0.061000
1 0.010054 0.022500 0.020109 0.045000
1 0.151087 0.009250 0.156522 0.018500
