1 0.741410 0.870208 0.382459 0.259583
1 0.066004 0.510000 0.123870 0.144167
2 0.806510 0.522500 0.230561 0.246667
1 0.534358 0.456667 0.187161 0.155833
2 0.353526 0.387500 0.137432 0.154167
1 0.210669 0.362500 0.122966 0.108333
3 0.089286 0.298333 0.178571 0.180000
1 0.004295 0.299167 0.008590 0.075000
2 0.868897 0.440833 0.253165 0.215000
1 0.602170 0.392500 0.163653 0.140000
1 0.427667 0.329167 0.144665 0.118333
1 0.922242 0.377500 0.155515 0.152500
1 0.546112 0.312500 0.143761 0.118333
1 0.296564 0.225833 0.079566 0.070833
1 0.087703 0.202500 0.056962 0.059167
1 0.057866 0.249167 0.062387 0.059167
1 0.026221 0.213333 0.044304 0.041667
1 0.900542 0.212500 0.143761 0.096667
1 0.733273 0.192500 0.127486 0.085000
1 0.578662 0.180833 0.109403 0.079167
3 0.403255 0.136667 0.223327 0.136667
1 0.992767 0.189167 0.014467 0.073333
1 0.886076 0.175000 0.134720 0.075000
1 0.722423 0.161667 0.118445 0.075000
1 0.586799 0.146667 0.101266 0.069167
1 0.371609 0.141667 0.065099 0.057500
1 0.260398 0.163333 0.072333 0.053333
1 0.269439 0.136667 0.068716 0.047500
1 0.180832 0.157500 0.057866 0.055000
1 0.182640 0.133333 0.047920 0.043333
1 0.122061 0.156667 0.047016 0.045833
1 0.138336 0.130000 0.047920 0.049167
