1 0.705882 0.047319 0.026471 0.028391
1 0.720588 0.058360 0.027451 0.029968
1 0.136275 0.393533 0.118627 0.121451
1 0.755882 0.024448 0.027451 0.028391
1 0.745098 0.037855 0.027451 0.039432
1 0.759804 0.079653 0.036274 0.046530
1 0.774510 0.057571 0.026471 0.035489
1 0.302941 0.267350 0.099020 0.082019
1 0.751961 0.094637 0.036274 0.044953
1 0.814706 0.084385 0.036274 0.044953
1 0.796078 0.111199 0.042157 0.048896
2 0.700980 0.092271 0.040196 0.054416
1 0.763725 0.483439 0.120588 0.162461
1 0.861765 0.108044 0.047059 0.055994
1 0.611765 0.092271 0.034314 0.044953
1 0.579412 0.070978 0.028431 0.039432
1 0.846078 0.163249 0.057843 0.061514
1 0.945098 0.181388 0.067647 0.063880
1 0.963480 0.235804 0.073039 0.080442
1 0.978186 0.151420 0.043627 0.069401
1 0.567647 0.039432 0.023529 0.031546
1 0.595098 0.025237 0.024510 0.029968
3 0.528431 0.114353 0.059804 0.129338
