1 0.479373 0.341187 0.098185 0.103839
3 0.552805 0.149215 0.137789 0.143106
1 0.692244 0.237347 0.069307 0.074171
1 0.610561 0.238220 0.070132 0.078534
1 0.780528 0.188482 0.056931 0.060209
1 0.421617 0.254799 0.075082 0.072426
1 0.302805 0.318499 0.102310 0.090750
1 0.743399 0.167539 0.063531 0.054101
1 0.548680 0.224258 0.065181 0.072426
1 0.179868 0.390052 0.125413 0.111693
3 0.555281 0.802792 0.697195 0.394415
1 0.679043 0.741710 0.207921 0.198953
1 0.040842 0.447644 0.081683 0.101222
3 0.175124 0.912086 0.350248 0.175829
1 0.883663 0.137871 0.051980 0.051483
1 0.005982 0.738220 0.011964 0.150960
1 0.197195 0.740838 0.187294 0.198953
