1 0.678454 0.159128 0.032072 0.051696
1 0.721217 0.189822 0.036184 0.053312
2 0.773849 0.177706 0.033717 0.061389
1 0.680099 0.231018 0.037007 0.061389
1 0.243421 0.413570 0.082237 0.124394
1 0.026521 0.586430 0.053043 0.135703
1 0.805099 0.156704 0.027138 0.044426
1 0.763980 0.261712 0.049342 0.072698
1 0.696546 0.275444 0.046875 0.084006
1 0.373355 0.310985 0.055099 0.078352
1 0.510691 0.308562 0.049342 0.080775
1 0.244243 0.311793 0.062500 0.092084
1 0.840461 0.183360 0.035362 0.047658
1 0.859375 0.270598 0.052632 0.067044
2 0.855263 0.198708 0.046053 0.065428
1 0.717105 0.426494 0.071546 0.113086
1 0.908717 0.355412 0.072368 0.096123
2 0.536184 0.179321 0.033717 0.068659
1 0.500000 0.158320 0.027138 0.046042
1 0.940584 0.701131 0.118832 0.226171
2 0.453125 0.151050 0.027138 0.051696
