2 0.984375 0.467715 0.031250 0.141556
1 0.193750 0.199503 0.052344 0.045530
1 0.892969 0.408940 0.121094 0.098510
1 0.979688 0.593543 0.040625 0.104305
1 0.827344 0.423013 0.096094 0.096026
1 0.280469 0.217715 0.040625 0.051325
1 0.345313 0.225993 0.038281 0.051324
1 0.299219 0.256623 0.039844 0.064570
1 0.633594 0.324503 0.082031 0.088576
1 0.735156 0.319536 0.090625 0.096026
1 0.370313 0.264073 0.037500 0.062914
1 0.624219 0.270695 0.063281 0.068709
1 0.385156 0.324503 0.046094 0.084437
1 0.311719 0.317053 0.040625 0.070364
1 0.547656 0.267384 0.059375 0.070364
1 0.539844 0.227649 0.053125 0.054636
1 0.585156 0.227649 0.055469 0.062914
1 0.319531 0.440397 0.055469 0.100166
1 0.482031 0.232616 0.046875 0.062914
1 0.412500 0.610927 0.075000 0.176325
2 0.216406 0.786424 0.133594 0.306291
1 0.489844 0.197020 0.035156 0.051325
1 0.538281 0.193709 0.039844 0.052980
1 0.399219 0.938742 0.114844 0.122517
