1 0.394325 0.729935 0.192759 0.298265
3 0.186888 0.225597 0.212329 0.367679
1 0.511742 0.439262 0.156556 0.198482
1 0.085127 0.675705 0.140900 0.267896
1 0.218200 0.010575 0.051859 0.021150
1 0.263209 0.005423 0.053816 0.010846
1 0.396282 0.042571 0.070450 0.085141
1 0.510763 0.044469 0.073386 0.087853
1 0.616438 0.090022 0.090020 0.095445
1 0.003180 0.032538 0.006360 0.065076
1 0.058708 0.024675 0.047945 0.049349
1 0.591977 0.037147 0.082192 0.074295
1 0.739726 0.295011 0.145793 0.131236
1 0.880626 0.270065 0.145793 0.144252
1 0.974560 0.258134 0.050881 0.138829
