1 0.466555 0.880694 0.248328 0.238612
1 0.734950 0.660521 0.137960 0.226681
1 0.856187 0.524946 0.096990 0.169197
1 0.921405 0.447939 0.076087 0.138829
1 0.974498 0.380694 0.051003 0.123644
3 0.934574 0.268980 0.130853 0.195228
1 0.872074 0.376356 0.072742 0.112798
3 0.627926 0.535792 0.441472 0.570499
3 0.183110 0.787419 0.366221 0.425163
1 0.168896 0.624729 0.177257 0.200651
1 0.556020 0.394794 0.091137 0.125813
1 0.671405 0.347072 0.092809 0.116052
3 0.705686 0.234273 0.174749 0.223427
1 0.545987 0.339479 0.101171 0.129067
1 0.390468 0.415401 0.131271 0.159436
1 0.193144 0.509761 0.163880 0.193059
3 0.071906 0.411063 0.143813 0.292842
1 0.303512 0.375271 0.130435 0.144252
1 0.480769 0.304772 0.096990 0.129067
3 0.611204 0.211497 0.179766 0.206074
1 0.027383 0.601952 0.054766 0.148590
