2 0.560127 0.116935 0.046413 0.061290
1 0.610760 0.170968 0.047468 0.062903
1 0.612869 0.321774 0.089662 0.120161
1 0.924578 0.605645 0.150844 0.199194
1 0.082806 0.671774 0.165612 0.231452
1 0.039293 0.519355 0.078587 0.162097
1 0.221519 0.359677 0.093882 0.116935
1 0.149789 0.300000 0.088608 0.089516
1 0.290084 0.218548 0.064346 0.072581
1 0.362869 0.373387 0.089662 0.125806
2 0.225738 0.181452 0.066456 0.112903
1 0.333333 0.155645 0.047468 0.061290
1 0.408228 0.129032 0.041139 0.051613
1 0.353376 0.108871 0.036920 0.047581
