0 0.321234 0.318182 0.086207 0.125232
1 0.550817 0.186456 0.040835 0.046382
1 0.592559 0.191095 0.039020 0.043599
1 0.570780 0.166976 0.036298 0.043599
1 0.525408 0.164193 0.039020 0.048237
1 0.549909 0.151206 0.037205 0.039889
2 0.634301 0.185529 0.040835 0.059369
2 0.661524 0.204082 0.036298 0.064007
1 0.607078 0.169759 0.039927 0.041744
3 0.265880 0.132653 0.093466 0.116883
3 0.401089 0.128015 0.082577 0.088126
1 0.382033 0.161410 0.039020 0.043599
1 0.514519 0.216141 0.058984 0.052876
1 0.832123 0.242115 0.064428 0.057514
1 0.924682 0.266234 0.073503 0.059369
1 0.751361 0.224490 0.050817 0.052876
1 0.579855 0.133581 0.028131 0.035250
