1 0.610132 0.012575 0.104626 0.025151
1 0.688326 0.006791 0.095815 0.013581
1 0.732379 0.022636 0.105727 0.045272
1 0.808370 0.020875 0.088106 0.041751
1 0.952368 0.057344 0.095264 0.076459
0 0.161894 0.062123 0.104626 0.124245
1 0.042401 0.648893 0.084802 0.255533
1 0.084802 0.395372 0.136564 0.236419
1 0.098018 0.234406 0.101322 0.140845
1 0.046255 0.141851 0.082599 0.137827
1 0.029736 0.085513 0.059471 0.116700
1 0.005507 0.033199 0.011013 0.066398
1 0.406388 0.648893 0.311674 0.266600
1 0.945209 0.174044 0.109581 0.107646
1 0.406388 0.873491 0.382159 0.253018
1 0.873899 0.739437 0.252203 0.221328
