1 0.412500 0.277644 0.066346 0.102163
1 0.479808 0.269231 0.057692 0.120192
1 0.342308 0.356971 0.058654 0.122596
1 0.427885 0.341346 0.060577 0.110577
1 0.628846 0.953425 0.120192 0.093149
3 0.174038 0.739183 0.348077 0.521635
1 0.540385 0.284856 0.066346 0.110577
1 0.556731 0.185096 0.070192 0.085337
1 0.499038 0.875000 0.162500 0.250000
1 0.585577 0.665865 0.095192 0.213942
1 0.558654 0.530048 0.089423 0.182692
2 0.559615 0.348558 0.073077 0.162260
1 0.621154 0.432692 0.087500 0.153846
1 0.746154 0.439904 0.077885 0.191106
1 0.688462 0.338942 0.062500 0.128606
1 0.450962 0.426683 0.107692 0.137019
1 0.695192 0.256010 0.053846 0.099760
1 0.743269 0.173077 0.047115 0.087740
