1 0.436066 0.326052 0.078689 0.071197
1 0.498361 0.287217 0.068852 0.057443
1 0.553279 0.256473 0.064754 0.059061
1 0.597541 0.234628 0.052459 0.053398
1 0.350000 0.368123 0.097541 0.078479
1 0.209016 0.392395 0.109016 0.074434
1 0.331148 0.338997 0.084426 0.071197
1 0.422131 0.295307 0.072131 0.061489
2 0.481148 0.260518 0.064754 0.061489
1 0.544262 0.228155 0.050000 0.057443
1 0.497541 0.229773 0.053279 0.047735
1 0.057582 0.460356 0.115164 0.101942
1 0.246721 0.430421 0.117213 0.082524
1 0.084426 0.506472 0.154098 0.103560
1 0.433607 0.258091 0.062295 0.053398
1 0.363934 0.292071 0.068852 0.063107
1 0.157377 0.661812 0.154918 0.180421
1 0.325410 0.639159 0.136885 0.180421
2 0.519672 0.369741 0.076230 0.132686
1 0.687705 0.305016 0.062295 0.080906
1 0.838525 0.223301 0.054918 0.061489
