1 0.356137 0.443416 0.097586 0.197531
1 0.402414 0.793210 0.149899 0.348765
1 0.955986 0.323045 0.088028 0.175926
1 0.520121 0.101852 0.056338 0.078189
1 0.598592 0.067901 0.064386 0.085391
1 0.546278 0.210905 0.079477 0.119342
1 0.652917 0.175926 0.087525 0.114198
1 0.517103 0.399177 0.109658 0.183128
1 0.676056 0.391975 0.139839 0.238683
1 0.128773 0.270576 0.081489 0.138889
1 0.042254 0.198560 0.065392 0.106996
1 0.324950 0.063786 0.067404 0.099794
1 0.019366 0.113169 0.038732 0.080247
1 0.137827 0.152263 0.060362 0.094650
1 0.216298 0.115226 0.055332 0.087449
1 0.000252 0.080247 0.000503 0.067901
1 0.691147 0.957819 0.290744 0.084362
1 0.916499 0.958848 0.167002 0.082305
