1 0.907579 0.417936 0.137708 0.128596
1 0.009242 0.619289 0.018484 0.172589
2 0.211645 0.506768 0.240296 0.252961
1 0.492606 0.439932 0.191312 0.156514
2 0.675601 0.373096 0.139556 0.162437
1 0.821627 0.346870 0.125693 0.109983
3 0.929067 0.281726 0.141867 0.182741
1 0.057994 0.357022 0.115989 0.168359
1 0.310536 0.259729 0.155268 0.120135
1 0.608133 0.267343 0.130314 0.093909
1 0.790203 0.278342 0.117375 0.093909
1 0.817930 0.192893 0.082255 0.076142
1 0.993993 0.173435 0.012015 0.042301
1 0.007394 0.194585 0.014787 0.104907
1 0.116451 0.195431 0.147874 0.100677
1 0.291128 0.174281 0.126617 0.084602
1 0.457486 0.160745 0.110906 0.076142
3 0.671904 0.117597 0.209797 0.140440
1 0.080407 0.154822 0.151571 0.096447
1 0.244917 0.148054 0.124769 0.080372
1 0.398336 0.129442 0.111830 0.076142
1 0.547135 0.120135 0.088725 0.068528
1 0.863216 0.113367 0.048059 0.043993
1 0.894640 0.135364 0.054529 0.046531
1 0.914048 0.115905 0.044362 0.046531
