1 0.072460 0.237676 0.144919 0.123239
2 0.241339 0.188380 0.144342 0.100352
1 0.398383 0.161092 0.105081 0.077465
1 0.501155 0.140845 0.083141 0.071303
1 0.413395 0.200704 0.105081 0.083627
2 0.073614 0.718310 0.147229 0.367077
1 0.292148 0.538732 0.234411 0.191901
3 0.580831 0.235915 0.272517 0.233275
1 0.209007 0.450704 0.245958 0.164613
1 0.520785 0.409331 0.167436 0.141725
2 0.033776 0.522007 0.067552 0.229754
1 0.067841 0.397887 0.135681 0.141725
1 0.234411 0.315141 0.184758 0.117077
1 0.726328 0.272887 0.098152 0.108275
1 0.631640 0.338908 0.114319 0.106514
1 0.401848 0.254401 0.121247 0.120599
1 0.718245 0.207746 0.072748 0.066901
1 0.781755 0.183099 0.060046 0.062500
1 0.794457 0.239437 0.065820 0.077465
