0 0.578431 0.655608 0.318182 0.252765
1 0.331551 0.204581 0.081105 0.060032
1 0.990196 0.277251 0.019608 0.064771
1 0.993761 0.318325 0.012478 0.080569
2 0.281640 0.221169 0.102496 0.080569
1 0.442959 0.225908 0.117647 0.072670
1 0.849376 0.244076 0.128342 0.090047
1 0.400178 0.248025 0.109626 0.072670
1 0.695187 0.209321 0.121212 0.090047
1 0.565062 0.288310 0.127451 0.091627
1 0.574866 0.184044 0.092692 0.065561
1 0.578431 0.244866 0.117647 0.080569
0 0.927139 0.323065 0.145722 0.146130
2 0.320856 0.106635 0.059715 0.091627
