0 0.409533 0.676229 0.365759 0.263934
1 0.185798 0.148361 0.050584 0.045082
1 0.216926 0.152459 0.062257 0.056557
1 0.261673 0.164754 0.066148 0.062295
1 0.262646 0.140984 0.066148 0.054098
1 0.430934 0.185246 0.080739 0.062295
2 0.894942 0.362295 0.174125 0.153279
1 0.884241 0.440164 0.181907 0.126230
1 0.398833 0.150820 0.076848 0.059836
3 0.145671 0.167213 0.291342 0.134426
3 0.478599 0.239344 0.349222 0.188525
1 0.559339 0.157377 0.107977 0.045082
1 0.552529 0.194262 0.096304 0.063934
1 0.598249 0.371311 0.155642 0.116393
1 0.609922 0.194262 0.082685 0.042623
1 0.827821 0.501639 0.213035 0.153279
1 0.765564 0.213934 0.112840 0.062295
1 0.743191 0.241803 0.133268 0.085246
1 0.702335 0.181967 0.100195 0.056557
1 0.368677 0.367213 0.162451 0.112295
1 0.872568 0.199180 0.100195 0.058197
1 0.941634 0.230328 0.116732 0.066393
1 0.138132 0.309016 0.135214 0.087705
1 0.611868 0.150000 0.097276 0.054098
1 0.045963 0.237705 0.091926 0.072131
1 0.982977 0.298361 0.034047 0.077869
