1 0.307034 0.816832 0.120722 0.282178
1 0.418251 0.506188 0.064639 0.158416
1 0.311787 0.436881 0.056084 0.128713
1 0.211027 0.204208 0.031369 0.049505
1 0.190114 0.268564 0.049430 0.096535
1 0.271863 0.367574 0.057985 0.105198
1 0.348859 0.269802 0.038973 0.070545
1 0.272814 0.308168 0.044677 0.073020
1 0.091255 0.357673 0.063688 0.108911
1 0.008793 0.430693 0.017586 0.126238
1 0.019011 0.655941 0.038023 0.188119
1 0.345057 0.204208 0.033270 0.058168
1 0.307985 0.181931 0.030418 0.064356
1 0.398289 0.180693 0.026616 0.055693
