1 0.131250 0.263115 0.149107 0.124590
2 0.345536 0.196721 0.115179 0.103279
1 0.483036 0.163115 0.083036 0.073770
1 0.561607 0.143443 0.061607 0.059836
1 0.491964 0.205738 0.081250 0.081967
2 0.145312 0.688525 0.290625 0.345902
1 0.404464 0.519672 0.178571 0.182787
3 0.625000 0.236066 0.207143 0.219672
1 0.025000 0.484426 0.050000 0.185246
1 0.339286 0.435246 0.189286 0.150000
1 0.583036 0.400820 0.131250 0.134426
2 0.128571 0.500000 0.202679 0.205738
1 0.010714 0.653279 0.021429 0.155738
1 0.194643 0.387705 0.175893 0.124590
1 0.361607 0.315574 0.140179 0.114754
1 0.737500 0.269672 0.075893 0.100820
1 0.668750 0.330328 0.091964 0.100820
1 0.490179 0.256557 0.100000 0.112295
1 0.734821 0.209016 0.053571 0.058197
1 0.783036 0.186885 0.046429 0.056557
1 0.794643 0.237705 0.053571 0.069672
