1 0.052405 0.708931 0.104811 0.231260
2 0.152921 0.486443 0.216495 0.236045
1 0.411512 0.424242 0.177835 0.149123
2 0.582474 0.357257 0.130584 0.145933
1 0.718213 0.334131 0.116838 0.103668
3 0.849656 0.272727 0.203608 0.172249
1 0.944158 0.271930 0.065292 0.071770
1 0.979811 0.261563 0.040378 0.066188
2 0.106959 0.405901 0.213918 0.205742
1 0.347079 0.358852 0.155498 0.133971
1 0.513746 0.300638 0.137457 0.115630
1 0.648625 0.276715 0.113402 0.098086
1 0.742268 0.260766 0.079897 0.085327
1 0.837629 0.226475 0.066151 0.062201
1 0.917526 0.188198 0.052406 0.041467
1 0.065507 0.188995 0.131014 0.092504
1 0.222509 0.170654 0.120275 0.077352
1 0.368557 0.159490 0.103093 0.077352
3 0.534364 0.118022 0.212199 0.126794
1 0.053265 0.160287 0.106529 0.081340
1 0.225086 0.139553 0.109966 0.071770
1 0.358247 0.125199 0.097079 0.066188
1 0.507732 0.120415 0.067869 0.056619
1 0.671821 0.143541 0.072165 0.058214
1 0.646048 0.119617 0.052405 0.047049
1 0.747423 0.137161 0.052405 0.056619
1 0.725945 0.119617 0.057560 0.045455
1 0.804983 0.134769 0.048110 0.039872
1 0.772337 0.107656 0.048110 0.041467
