1 0.432927 0.117647 0.035569 0.058824
1 0.370935 0.137868 0.039634 0.058824
1 0.444106 0.155331 0.041667 0.065257
1 0.303862 0.125000 0.040650 0.045956
1 0.413618 0.237132 0.047764 0.082721
1 0.700203 0.418199 0.082317 0.139706
1 0.244919 0.204963 0.056911 0.069853
1 0.283537 0.284926 0.065041 0.087316
1 0.166667 0.187500 0.060976 0.071691
1 0.729675 0.215074 0.059959 0.078125
1 0.153455 0.295037 0.081301 0.093750
1 0.336382 0.517463 0.090447 0.146140
2 0.127032 0.572610 0.108740 0.202206
1 0.067073 0.277574 0.078252 0.084559
2 0.784553 0.119485 0.047764 0.076287
1 0.037348 0.490809 0.074695 0.154412
1 0.653455 0.113051 0.035569 0.045956
