1 0.951996 0.480549 0.096008 0.148741
1 0.926093 0.538902 0.147814 0.132723
1 0.795627 0.371854 0.128327 0.114416
1 0.753802 0.429062 0.137833 0.124714
1 0.658745 0.295195 0.095057 0.100687
1 0.630228 0.338673 0.109316 0.105263
1 0.613118 0.224256 0.073194 0.083524
1 0.551331 0.235698 0.082700 0.086957
1 0.536122 0.272311 0.087452 0.097254
1 0.539924 0.173913 0.061787 0.070938
1 0.480038 0.177346 0.068441 0.078947
1 0.461977 0.220824 0.078897 0.083524
1 0.460076 0.137300 0.063688 0.075515
1 0.403992 0.135011 0.063688 0.078947
1 0.396388 0.177346 0.069392 0.089245
1 0.347909 0.144165 0.057034 0.078947
1 0.443916 0.368421 0.094106 0.122426
1 0.267110 0.308924 0.078897 0.130435
1 0.099810 0.137300 0.075095 0.092677
