1 0.390538 0.504921 0.129870 0.193898
1 0.741187 0.786417 0.204082 0.319882
1 0.461039 0.227362 0.091837 0.086614
1 0.390538 0.182087 0.078850 0.074803
1 0.327458 0.146654 0.069573 0.071850
1 0.280148 0.121063 0.055659 0.062992
1 0.558442 0.284449 0.110390 0.095472
1 0.716141 0.310039 0.123377 0.095472
1 0.576994 0.249016 0.097403 0.088583
1 0.478664 0.195866 0.078850 0.074803
2 0.407236 0.146654 0.071429 0.069882
1 0.334879 0.106299 0.062152 0.067913
1 0.392393 0.108268 0.062152 0.058071
1 0.903525 0.397638 0.166048 0.134843
1 0.674397 0.355315 0.133581 0.107283
1 0.915353 0.759843 0.169295 0.328740
1 0.485158 0.331693 0.110390 0.124016
1 0.858998 0.455709 0.170686 0.134842
1 0.464750 0.146654 0.065863 0.062992
1 0.448052 0.412402 0.122449 0.151575
1 0.553803 0.192913 0.080705 0.069882
1 0.263451 0.173228 0.075139 0.076772
1 0.135436 0.160433 0.065863 0.079724
2 0.027597 0.081693 0.055195 0.081693
