0 0.739168 0.321501 0.077123 0.136917
1 0.517331 0.870943 0.212305 0.258114
1 0.303293 0.521298 0.056326 0.170385
1 0.420277 0.321501 0.035529 0.082150
1 0.436742 0.561866 0.084055 0.180527
1 0.906196 0.825558 0.187608 0.300203
1 0.342288 0.330629 0.047660 0.089250
1 0.340555 0.161258 0.040728 0.040568
1 0.330156 0.204868 0.032062 0.057809
1 0.577990 0.558824 0.101386 0.203854
1 0.475737 0.430020 0.059792 0.120690
1 0.425477 0.243408 0.038128 0.086207
3 0.376950 0.201826 0.069324 0.168357
3 0.215771 0.332657 0.160312 0.268763
3 0.248700 0.217039 0.111785 0.127789
1 0.515598 0.323529 0.041594 0.120690
1 0.478336 0.210953 0.033796 0.079107
1 0.539861 0.206897 0.030329 0.062880
1 0.561525 0.163286 0.034662 0.050710
1 0.514731 0.152130 0.032062 0.052738
3 0.429809 0.134888 0.051127 0.110548
3 0.092071 0.342799 0.184142 0.238337
1 0.097054 0.527383 0.101386 0.147059
1 0.472270 0.267748 0.038995 0.064909
3 0.041811 0.663286 0.083622 0.322515
