1 0.835135 0.948517 0.329730 0.102967
1 0.340541 0.938045 0.349550 0.123909
1 0.053829 0.945026 0.107658 0.109948
0 0.338739 0.701571 0.338739 0.291449
1 0.772973 0.214660 0.092793 0.061955
1 0.632432 0.234729 0.101802 0.072426
0 0.390090 0.232112 0.147748 0.122164
1 0.611712 0.195462 0.093694 0.074171
1 0.352252 0.181501 0.092793 0.066318
1 0.228829 0.206806 0.116216 0.095113
2 0.070495 0.246073 0.140991 0.165794
1 0.756757 0.257417 0.097297 0.074171
1 0.442342 0.284468 0.133333 0.099476
1 0.075901 0.407504 0.151802 0.109948
