1 0.618167 0.746493 0.177653 0.265531
1 0.831994 0.518036 0.098875 0.154309
3 0.926849 0.250501 0.143891 0.180361
1 0.854502 0.359719 0.077974 0.109218
3 0.622990 0.496994 0.424437 0.527054
3 0.186495 0.764529 0.372990 0.470942
3 0.697749 0.218437 0.168006 0.206413
1 0.544212 0.315631 0.097267 0.119238
1 0.394695 0.385772 0.126206 0.147295
1 0.204984 0.472946 0.157556 0.178357
3 0.078778 0.381764 0.157556 0.270541
1 0.311093 0.348697 0.125402 0.133267
1 0.481511 0.283567 0.093248 0.119238
3 0.606913 0.197395 0.172830 0.190381
1 0.942926 0.374749 0.076367 0.119238
1 0.035370 0.561122 0.070740 0.142285
