1 0.689885 0.765866 0.218511 0.243568
1 0.943225 0.548027 0.113550 0.150086
1 0.977815 0.399657 0.044370 0.095197
3 0.728053 0.521441 0.503817 0.451115
3 0.214456 0.777873 0.428912 0.444254
1 0.451336 0.493997 0.166985 0.120069
3 0.816794 0.283019 0.199427 0.176672
1 0.634542 0.366209 0.115458 0.102058
1 0.457061 0.426244 0.149809 0.126072
1 0.231870 0.500858 0.187023 0.152659
3 0.087786 0.422813 0.175572 0.231561
1 0.357824 0.394511 0.148855 0.114065
1 0.560114 0.338765 0.110687 0.102058
3 0.708969 0.265009 0.205153 0.162950
1 0.036975 0.574614 0.073950 0.133791
