1 0.391608 0.512238 0.115385 0.166084
1 0.311189 0.405594 0.079546 0.122378
1 0.206294 0.327797 0.077797 0.097028
1 0.148601 0.289336 0.056818 0.070804
1 0.105769 0.260490 0.055944 0.060315
1 0.477273 0.479021 0.112762 0.138986
1 0.391608 0.409965 0.090035 0.101399
1 0.310315 0.332168 0.079546 0.095280
1 0.245629 0.298077 0.062063 0.076923
1 0.180070 0.271853 0.063811 0.076923
1 0.619755 0.505245 0.131993 0.140734
3 0.470280 0.353147 0.226399 0.234266
1 0.309441 0.291084 0.067308 0.074301
1 0.489511 0.341783 0.100524 0.078671
1 0.410839 0.306818 0.088287 0.068182
1 0.364510 0.264860 0.067308 0.062063
1 0.321678 0.243881 0.055944 0.055944
1 0.580420 0.388112 0.112762 0.087413
1 0.736888 0.415210 0.116259 0.089161
1 0.605769 0.354895 0.091783 0.080420
1 0.506119 0.322552 0.091783 0.080420
2 0.438811 0.277972 0.087413 0.083042
1 0.373252 0.233392 0.066434 0.057692
1 0.425699 0.236888 0.055944 0.055944
1 0.237762 0.263986 0.072552 0.070804
1 0.911713 0.490385 0.156469 0.122378
1 0.229021 0.902316 0.277098 0.195367
2 0.147727 0.716783 0.238636 0.201049
1 0.693182 0.454545 0.123252 0.099650
1 0.171329 0.228147 0.063811 0.057692
1 0.529720 0.750000 0.217657 0.172203
1 0.423951 0.999126 0.328671 0.001748
1 0.101399 0.221154 0.062937 0.057692
1 0.971591 0.595280 0.056818 0.089161
