1 0.596519 0.007292 0.035601 0.014583
3 0.669304 0.004427 0.073576 0.008854
1 0.063489 0.551042 0.126978 0.264583
1 0.276108 0.364583 0.075158 0.175000
1 0.200158 0.221875 0.079114 0.145833
3 0.252373 0.088542 0.139240 0.177083
1 0.741297 0.070833 0.051424 0.095833
1 0.636867 0.123958 0.045095 0.115625
1 0.439082 0.762500 0.097310 0.313542
1 0.756329 0.223958 0.071994 0.115625
2 0.834652 0.117708 0.075158 0.131250
1 0.378956 0.037760 0.040348 0.075521
2 0.244462 0.927344 0.135285 0.145312
1 0.780854 0.698958 0.117880 0.295833
