1 0.175379 0.130152 0.054806 0.063991
1 0.240304 0.151844 0.050590 0.063991
1 0.979764 0.443601 0.040472 0.110629
1 0.817032 0.524946 0.134064 0.161605
1 0.947723 0.546638 0.104553 0.160521
1 0.858347 0.411063 0.114671 0.144252
1 0.830523 0.336226 0.110455 0.116052
2 0.690556 0.299349 0.111298 0.198482
1 0.306071 0.219089 0.046374 0.087852
1 0.700675 0.283080 0.076729 0.125813
1 0.619730 0.369848 0.101180 0.136659
1 0.591062 0.254881 0.064924 0.095445
1 0.268971 0.309111 0.059865 0.108460
1 0.360034 0.334056 0.054806 0.105206
2 0.387858 0.225597 0.049747 0.112798
1 0.256324 0.470716 0.075042 0.167028
1 0.493255 0.188720 0.056492 0.087852
1 0.580944 0.186551 0.066610 0.095445
1 0.370152 0.509761 0.075042 0.169197
1 0.511804 0.144252 0.046374 0.077007
1 0.358347 0.776573 0.094435 0.279826
1 0.196459 0.887473 0.118044 0.225054
1 0.424115 0.126898 0.041315 0.069414
1 0.461214 0.106291 0.043845 0.077006
1 0.516020 0.109544 0.047218 0.061822
