1 0.516227 0.387000 0.100406 0.092000
1 0.437120 0.338000 0.086207 0.081000
1 0.364097 0.301000 0.076065 0.073000
1 0.315416 0.275000 0.061866 0.064000
1 0.619675 0.440000 0.117647 0.100000
1 0.794118 0.472000 0.136917 0.090000
1 0.646045 0.409000 0.102434 0.100000
1 0.532454 0.355000 0.090264 0.076000
2 0.456389 0.306000 0.080122 0.073000
1 0.376268 0.263000 0.063895 0.064000
1 0.439148 0.262000 0.067951 0.055000
1 0.953854 0.555000 0.092292 0.126000
1 0.747465 0.524000 0.145030 0.116000
1 0.928499 0.619000 0.143002 0.140000
1 0.518256 0.307000 0.081136 0.071000
1 0.593306 0.348000 0.088235 0.076000
1 0.752536 0.864500 0.175456 0.271000
1 0.276876 0.375000 0.088235 0.095000
1 0.145030 0.306000 0.076065 0.078000
