1 0.996330 0.176230 0.007340 0.070697
1 0.955311 0.189549 0.089378 0.070697
1 0.670121 0.145492 0.076857 0.077869
1 0.500000 0.149590 0.086356 0.067623
1 0.810017 0.195697 0.101036 0.079918
1 0.928325 0.237705 0.109672 0.085041
1 0.719344 0.170082 0.085492 0.085041
3 0.393782 0.139344 0.348014 0.148566
1 0.657168 0.214139 0.104490 0.077869
1 0.979706 0.272541 0.040587 0.092213
3 0.083549 0.149590 0.167098 0.157787
1 0.671848 0.253074 0.125216 0.085041
1 0.295337 0.233607 0.107081 0.092213
1 0.129534 0.211066 0.102763 0.090164
