0 0.419586 0.225403 0.156051 0.194991
1 0.171975 0.191413 0.074045 0.086762
2 0.236465 0.228086 0.080414 0.106440
1 0.432325 0.359571 0.093153 0.112701
2 0.250000 0.169052 0.069268 0.082290
1 0.312102 0.322004 0.074045 0.110018
1 0.947452 0.386404 0.105096 0.135957
1 0.942078 0.480322 0.115844 0.163685
3 0.699045 0.334526 0.330414 0.343470
1 0.782643 0.354204 0.086783 0.118962
1 0.636943 0.503578 0.130573 0.144007
2 0.457006 0.458855 0.092357 0.169946
1 0.853503 0.311270 0.089968 0.101968
1 0.778662 0.238819 0.075637 0.078712
1 0.701433 0.234347 0.061306 0.078712
1 0.628981 0.718247 0.143312 0.196780
1 0.949045 0.920394 0.101911 0.159213
1 0.709395 0.188730 0.058121 0.078712
1 0.632962 0.176208 0.045382 0.069767
