0 0.655323 0.531842 0.334206 0.397590
1 0.230367 0.432014 0.126527 0.132530
1 0.060209 0.351979 0.093368 0.093804
3 0.014180 0.283993 0.028360 0.159208
1 0.854276 0.352840 0.203316 0.153184
3 0.536649 0.239243 0.332461 0.218589
3 0.827443 0.226334 0.345113 0.273666
1 0.266143 0.232358 0.077661 0.075732
3 0.320244 0.172117 0.209424 0.153184
1 0.188482 0.221170 0.076789 0.071429
3 0.135253 0.148881 0.174520 0.104131
2 0.826353 0.512909 0.223386 0.251291
1 0.562827 0.446644 0.181501 0.160929
2 0.390925 0.370912 0.131763 0.154905
1 0.252182 0.348537 0.117801 0.111876
3 0.116056 0.277969 0.205934 0.189329
