1 0.076011 0.891727 0.152021 0.216546
1 0.166081 0.744123 0.091388 0.178119
1 0.628295 0.962025 0.137083 0.075949
1 0.446397 0.921338 0.115993 0.157324
1 0.211775 0.955696 0.164323 0.088608
1 0.456063 0.741411 0.101054 0.186257
1 0.622144 0.850814 0.105448 0.209765
1 0.231986 0.590416 0.099297 0.160940
1 0.285589 0.826401 0.136204 0.242315
2 0.285589 0.496383 0.083480 0.158228
1 0.591388 0.703436 0.077329 0.186257
2 0.023067 0.512658 0.046134 0.151899
0 0.585237 0.451175 0.090510 0.198915
1 0.413005 0.440325 0.056239 0.098553
3 0.350615 0.270344 0.112478 0.165461
