1 0.577629 0.024211 0.030885 0.048421
1 0.688648 0.032895 0.034224 0.065789
1 0.651920 0.092632 0.040901 0.100000
1 0.593489 0.127368 0.049249 0.109474
1 0.736227 0.125263 0.050083 0.092632
1 0.608514 0.228421 0.056761 0.127368
1 0.712855 0.227368 0.062604 0.116842
1 0.769616 0.414737 0.102671 0.200000
1 0.905676 0.406316 0.107679 0.184211
1 0.752922 0.789474 0.150250 0.307368
1 0.303840 0.183158 0.050918 0.102105
1 0.061978 0.873421 0.123957 0.253158
2 0.309683 0.460000 0.093489 0.260000
1 0.332220 0.127368 0.076795 0.072632
1 0.486644 0.322105 0.063439 0.154737
1 0.429883 0.124211 0.045910 0.094737
1 0.500000 0.117895 0.044240 0.094737
1 0.503339 0.053684 0.032554 0.065263
1 0.469950 0.008421 0.030050 0.016842
