1 0.968805 0.949004 0.062389 0.101992
1 0.732743 0.950427 0.276106 0.099146
1 0.216814 0.972486 0.353097 0.055028
0 0.452212 0.691651 0.332743 0.323529
1 0.923009 0.182163 0.100000 0.101518
1 0.816814 0.129981 0.089381 0.087287
1 0.299115 0.190702 0.115929 0.114801
1 0.145133 0.239089 0.134513 0.129981
1 0.055752 0.214421 0.111504 0.128083
1 0.222124 0.173624 0.114159 0.112903
1 0.376106 0.128083 0.101770 0.114801
1 0.494690 0.111954 0.092035 0.094877
1 0.607965 0.085389 0.081416 0.080645
1 0.686726 0.064516 0.062832 0.087287
1 0.730973 0.044592 0.043363 0.080645
1 0.462832 0.234345 0.121239 0.126186
