1 0.564228 0.099806 0.051220 0.045543
1 0.456098 0.129845 0.057724 0.045543
1 0.510569 0.138566 0.065041 0.050388
0 0.662602 0.253876 0.074797 0.137597
1 0.874797 0.712209 0.171545 0.280039
1 0.712195 0.593992 0.088618 0.197674
1 0.701626 0.438953 0.072358 0.147287
1 0.729268 0.320736 0.062602 0.122093
1 0.765854 0.254845 0.051220 0.098837
1 0.849593 0.908188 0.270732 0.183624
1 0.054472 0.351744 0.104878 0.092054
1 0.410569 0.216085 0.083740 0.078488
1 0.821951 0.186047 0.052032 0.085271
1 0.495122 0.874031 0.204878 0.229651
1 0.184553 0.223837 0.073984 0.057171
1 0.682114 0.149225 0.071545 0.062016
2 0.042683 0.275194 0.085366 0.073643
1 0.061179 0.905281 0.122358 0.189438
1 0.843089 0.124031 0.073984 0.053295
