1 0.528997 0.096290 0.057210 0.044170
2 0.486677 0.083039 0.063480 0.062721
1 0.433386 0.116608 0.075235 0.054770
2 0.392633 0.101590 0.065831 0.056537
1 0.348746 0.143110 0.071317 0.058304
1 0.293887 0.135159 0.068182 0.050353
1 0.262539 0.161661 0.072100 0.048587
1 0.209248 0.162544 0.063480 0.041519
1 0.097962 0.199647 0.082288 0.056537
0 0.668495 0.204947 0.072884 0.113074
1 0.042712 0.295936 0.085423 0.081272
1 0.663009 0.108657 0.065047 0.058304
1 0.763323 0.699647 0.235893 0.221732
1 0.439655 0.701413 0.213166 0.196996
1 0.146552 0.660777 0.210815 0.163428
1 0.966301 0.673145 0.066614 0.159011
1 0.935737 0.881625 0.128527 0.151060
1 0.547022 0.878092 0.224922 0.227915
3 0.727273 0.910777 0.545455 0.178445
1 0.717085 0.492933 0.090909 0.203180
1 0.715517 0.361307 0.069749 0.136042
1 0.748433 0.282685 0.057210 0.121025
1 0.768025 0.232332 0.055643 0.098057
1 0.797806 0.174912 0.050157 0.081272
1 0.816614 0.141343 0.050157 0.077739
1 0.827586 0.113958 0.040752 0.067138
1 0.033307 0.833039 0.066614 0.175795
