1 0.331010 0.206560 0.030488 0.048759
1 0.222125 0.199468 0.027875 0.044326
1 0.676829 0.584220 0.090592 0.151596
1 0.264808 0.233156 0.038327 0.067376
2 0.863240 0.628546 0.107143 0.199468
1 0.176829 0.267730 0.041812 0.061170
1 0.672474 0.400709 0.059233 0.088652
1 0.211672 0.330674 0.049652 0.078014
1 0.594948 0.283688 0.041812 0.064716
1 0.266551 0.444149 0.059233 0.094858
1 0.141115 0.491135 0.083624 0.107269
1 0.061847 0.418440 0.070558 0.096631
1 0.510453 0.259752 0.040941 0.062943
1 0.447735 0.256206 0.038328 0.062943
1 0.533972 0.208333 0.030488 0.050532
1 0.020253 0.360816 0.040505 0.085993
1 0.492160 0.225177 0.031359 0.048759
