1 0.072684 0.682787 0.145369 0.215574
1 0.247856 0.522131 0.124357 0.195902
1 0.280446 0.367213 0.081475 0.124590
0 0.331046 0.216393 0.081475 0.114754
1 0.215266 0.245082 0.064322 0.099180
3 0.319039 0.062295 0.075472 0.089344
1 0.933962 0.184426 0.052316 0.048361
1 0.427959 0.083607 0.037736 0.035246
3 0.962693 0.207377 0.074614 0.137705
1 0.398799 0.088525 0.044597 0.040984
1 0.539451 0.100000 0.037736 0.042623
1 0.871355 0.195902 0.064322 0.059836
1 0.497427 0.123770 0.057461 0.052459
1 0.851630 0.205738 0.068611 0.058197
1 0.748714 0.136885 0.054031 0.046721
3 0.777444 0.486066 0.445111 0.561475
1 0.704117 0.289344 0.099485 0.079508
1 0.704974 0.230328 0.085763 0.062295
1 0.569468 0.095902 0.038593 0.040984
1 0.645798 0.100000 0.043739 0.038525
1 0.679245 0.095902 0.042024 0.038525
1 0.958619 0.472131 0.082762 0.134426
1 0.584048 0.083607 0.043739 0.040984
