1 0.828972 0.934234 0.334579 0.131532
1 0.329907 0.924324 0.356075 0.151351
1 0.028972 0.941441 0.057944 0.117117
0 0.435514 0.661261 0.351402 0.307207
1 0.757944 0.160360 0.113084 0.090090
1 0.636449 0.194595 0.115888 0.074775
1 0.460748 0.232432 0.131776 0.104504
0 0.268224 0.215315 0.180374 0.138739
1 0.447664 0.188288 0.116822 0.074775
1 0.585981 0.167568 0.108411 0.079279
1 0.708411 0.141441 0.086916 0.068468
1 0.452336 0.117117 0.092523 0.065766
1 0.325234 0.146847 0.122430 0.093694
2 0.148598 0.182883 0.164486 0.171171
1 0.010981 0.220721 0.021963 0.076577
1 0.006542 0.271171 0.013084 0.085586
1 0.093458 0.427928 0.184112 0.140541
