1 0.648450 0.458464 0.119902 0.134013
3 0.464111 0.204545 0.140294 0.131661
1 0.528548 0.449060 0.105220 0.119122
1 0.534258 0.368339 0.088907 0.086991
1 0.414356 0.359718 0.078303 0.079937
1 0.585644 0.288401 0.070962 0.061129
1 0.664763 0.329154 0.090538 0.066614
1 0.455954 0.311912 0.082382 0.079937
1 0.372757 0.218652 0.048940 0.044671
1 0.783034 0.392633 0.115008 0.081505
1 0.924959 0.454545 0.137847 0.096395
1 0.482871 0.518025 0.117455 0.137147
1 0.379282 0.264107 0.065253 0.063480
2 0.444535 0.248433 0.070962 0.070533
1 0.390701 0.416144 0.100326 0.116771
1 0.049551 0.697492 0.099103 0.154389
3 0.492659 0.911442 0.836052 0.176332
1 0.300979 0.313480 0.061990 0.078370
2 0.577488 0.322100 0.079119 0.085423
1 0.477161 0.807994 0.256933 0.124608
1 0.251223 0.241379 0.057912 0.059561
1 0.897838 0.837774 0.204323 0.174765
1 0.137031 0.210815 0.054649 0.046238
1 0.961460 0.647335 0.077080 0.141066
