1 0.297921 0.227188 0.138568 0.143389
1 0.081986 0.121974 0.093534 0.119181
1 0.849885 0.189944 0.157044 0.114525
1 0.963626 0.301676 0.072748 0.143389
1 0.938510 0.345438 0.122979 0.178771
1 0.211316 0.310987 0.213626 0.159218
1 0.636259 0.259777 0.218245 0.159218
1 0.517321 0.118250 0.146651 0.108007
1 0.657044 0.183426 0.184758 0.143389
1 0.118938 0.397579 0.225173 0.176909
1 0.592379 0.572626 0.317552 0.238361
1 0.066109 0.560521 0.132217 0.246741
1 0.310624 0.119181 0.147806 0.106145
1 0.317552 0.086592 0.128176 0.099628
