1 0.626556 0.453373 0.146266 0.135913
3 0.397303 0.136905 0.177386 0.164683
1 0.327801 0.318452 0.103734 0.110119
1 0.484440 0.349206 0.115145 0.118056
1 0.205394 0.236111 0.079875 0.070436
1 0.548755 0.245040 0.088174 0.082341
1 0.650415 0.304564 0.120332 0.096230
1 0.337137 0.243056 0.095436 0.077381
1 0.283195 0.163690 0.058091 0.068452
1 0.800830 0.378968 0.148340 0.115079
1 0.980031 0.468254 0.039938 0.094246
1 0.182573 0.299603 0.096473 0.106151
1 0.366183 0.734127 0.264523 0.192460
1 0.131743 0.155754 0.075726 0.061508
1 0.229253 0.943452 0.360996 0.113095
1 0.873963 0.776786 0.252075 0.190476
1 0.787344 0.941716 0.322614 0.116567
2 0.995591 0.548611 0.008817 0.173611
1 0.107624 0.817460 0.215249 0.230159
