1 0.562292 0.832447 0.096346 0.254433
1 0.497508 0.167553 0.034053 0.058511
2 0.728405 0.869238 0.128738 0.261525
1 0.984012 0.949468 0.031977 0.101064
1 0.877907 0.682624 0.133721 0.218972
1 0.758306 0.466312 0.086379 0.130319
2 0.876246 0.453014 0.107143 0.197695
1 0.981312 0.556738 0.037375 0.165780
1 0.407807 0.163121 0.032392 0.054965
1 0.348837 0.210993 0.043189 0.064716
1 0.692691 0.326241 0.059801 0.088652
1 0.532392 0.172872 0.036545 0.069149
1 0.712625 0.259752 0.052326 0.073582
3 0.197674 0.224291 0.150332 0.195035
1 0.288206 0.330674 0.060631 0.078014
3 0.716777 0.164894 0.093023 0.130319
2 0.572259 0.163121 0.032392 0.069149
1 0.343854 0.386525 0.057309 0.096631
1 0.651993 0.189716 0.037375 0.069149
1 0.133721 0.665780 0.133721 0.195035
