0 0.635506 0.841518 0.322470 0.316964
1 0.949400 0.135045 0.060892 0.069196
1 0.845626 0.158482 0.059177 0.079241
1 0.874786 0.125000 0.065180 0.071429
1 0.722127 0.160714 0.065180 0.077009
1 0.042238 0.651786 0.084477 0.148437
1 0.760720 0.141741 0.055746 0.077009
3 0.714408 0.208705 0.340480 0.216518
3 0.377358 0.351563 0.339623 0.314732
1 0.572041 0.166295 0.085763 0.084821
1 0.578902 0.215402 0.084906 0.098214
1 0.254717 0.562500 0.151801 0.183036
1 0.537736 0.208705 0.068611 0.081473
1 0.057890 0.767857 0.115780 0.212054
1 0.403945 0.219866 0.076329 0.077009
1 0.423671 0.247768 0.093482 0.094866
1 0.439108 0.190848 0.088336 0.077009
1 0.365352 0.611607 0.185249 0.187500
1 0.265009 0.208705 0.083190 0.071429
1 0.239280 0.244420 0.102916 0.098214
1 0.646655 0.453125 0.138079 0.145089
1 0.760720 0.126116 0.072899 0.079241
1 0.681818 0.351563 0.098628 0.121652
1 0.257290 0.309152 0.081475 0.111607
1 0.132075 0.241071 0.100343 0.087054
1 0.934820 0.380580 0.127787 0.123884
1 0.076329 0.225446 0.085763 0.092634
