1 0.325630 0.018634 0.049370 0.037267
1 0.361345 0.341615 0.109244 0.146998
2 0.141807 0.240166 0.080882 0.146998
2 0.454832 0.014752 0.057773 0.029503
1 0.484244 0.000776 0.040966 0.001553
1 0.182773 0.131470 0.061975 0.095238
2 0.600840 0.050725 0.075630 0.083851
1 0.130252 0.065217 0.051471 0.068323
2 0.672269 0.042961 0.074580 0.085921
1 0.642857 0.118012 0.084034 0.091097
1 0.045431 0.417184 0.090861 0.189441
1 0.127101 0.002847 0.038866 0.005694
2 0.009979 0.163561 0.019958 0.123188
1 0.929622 0.334369 0.140756 0.134576
