1 0.989430 0.969817 0.021140 0.060366
1 0.944164 0.780488 0.111673 0.329268
1 0.874081 0.574390 0.091912 0.236585
1 0.387868 0.908537 0.143382 0.182927
1 0.578125 0.853659 0.118566 0.292683
1 0.825368 0.900305 0.172794 0.199390
1 0.568934 0.570732 0.103860 0.248780
1 0.397978 0.715854 0.113051 0.286585
1 0.803309 0.367073 0.103860 0.219512
1 0.970818 0.239024 0.058364 0.156098
2 0.966222 0.108537 0.067555 0.190244
1 0.675551 0.382927 0.096507 0.217073
1 0.848346 0.028963 0.061581 0.057927
0 0.034926 0.065854 0.066176 0.131707
1 0.213235 0.121951 0.088235 0.130488
