2 0.303828 0.139048 0.028708 0.067619
1 0.744817 0.656190 0.109250 0.212381
1 0.245614 0.155238 0.035088 0.062857
1 0.278309 0.214286 0.038278 0.077143
1 0.589314 0.599048 0.088517 0.174286
2 0.336523 0.224762 0.039075 0.095238
1 0.157895 0.184762 0.042265 0.069524
1 0.691388 0.339048 0.059809 0.097143
1 0.801435 0.373333 0.070175 0.110476
1 0.165072 0.263810 0.054226 0.080952
1 0.633971 0.232381 0.041467 0.077143
1 0.675439 0.202857 0.044657 0.083810
1 0.592504 0.171429 0.035088 0.065714
1 0.070973 0.282857 0.060606 0.090476
1 0.039872 0.524762 0.079745 0.139048
