1 0.777451 0.975836 0.251961 0.048327
3 0.063971 0.338290 0.127941 0.167286
1 0.128431 0.441450 0.091176 0.099442
3 0.410784 0.566915 0.517647 0.488848
3 0.861029 0.799489 0.277941 0.401022
3 0.319608 0.308550 0.204902 0.191450
1 0.506863 0.398699 0.118627 0.110595
1 0.689216 0.463755 0.153922 0.136617
1 0.912255 0.544610 0.175490 0.165428
3 0.991176 0.473978 0.017647 0.260223
1 0.791176 0.429368 0.152941 0.123606
1 0.583333 0.368959 0.113726 0.110595
3 0.430392 0.289033 0.210784 0.176580
1 0.330392 0.729554 0.183333 0.236059
3 0.088480 0.468402 0.176961 0.279740
