1 0.201209 0.478484 0.200345 0.168033
3 0.317142 0.684170 0.634283 0.631660
0 0.737478 0.460041 0.192573 0.318648
1 0.865285 0.456967 0.101036 0.133197
1 0.943869 0.398566 0.088946 0.121926
3 0.986615 0.328893 0.026770 0.194672
1 0.071459 0.447746 0.142919 0.179303
1 0.308290 0.376025 0.170121 0.155738
1 0.029361 0.375000 0.058722 0.159836
3 0.551813 0.262295 0.292746 0.247951
3 0.297927 0.243852 0.358377 0.283811
1 0.741796 0.267418 0.075993 0.092213
3 0.684801 0.202869 0.207254 0.182377
1 0.815199 0.261271 0.075993 0.085041
3 0.867876 0.175205 0.172712 0.123975
2 0.183938 0.608607 0.221071 0.299180
1 0.444732 0.529713 0.179620 0.191598
2 0.614853 0.439549 0.130397 0.184426
1 0.752159 0.412910 0.116580 0.133197
3 0.886874 0.328893 0.203800 0.225410
