1 0.855644 0.651274 0.288713 0.261943
3 0.226679 0.399682 0.432836 0.316879
2 0.869403 0.488057 0.241604 0.238057
1 0.586754 0.425159 0.193097 0.147293
2 0.401119 0.360669 0.140858 0.151274
1 0.253731 0.337580 0.126866 0.103503
3 0.109142 0.276274 0.216418 0.171975
1 0.022621 0.276274 0.045243 0.071656
1 0.946828 0.438694 0.106343 0.173567
1 0.540112 0.222930 0.125933 0.081210
2 0.461754 0.304936 0.163246 0.128185
1 0.118470 0.226115 0.088619 0.073248
1 0.945429 0.194268 0.109142 0.094745
1 0.791978 0.175159 0.133396 0.085191
1 0.632463 0.164013 0.112873 0.073248
3 0.448694 0.119427 0.230410 0.133758
1 0.888993 0.151274 0.146455 0.079618
1 0.726679 0.136147 0.119403 0.071656
1 0.593284 0.118631 0.093284 0.064490
1 0.318097 0.118631 0.060634 0.058121
1 0.275187 0.143312 0.070896 0.050955
1 0.227612 0.118631 0.066231 0.045382
1 0.176306 0.136147 0.055037 0.041401
