0 0.326087 0.231633 0.082609 0.139796
1 0.540000 0.085714 0.037391 0.053061
1 0.585217 0.092857 0.037391 0.051020
1 0.563478 0.067347 0.033913 0.047959
1 0.519130 0.062245 0.034783 0.051020
1 0.542609 0.048980 0.033913 0.043878
2 0.620000 0.086735 0.039130 0.065306
1 0.403478 0.050000 0.032174 0.040816
2 0.654783 0.110204 0.035652 0.072449
1 0.360870 0.060204 0.037391 0.045918
1 0.404348 0.092857 0.045217 0.053061
1 0.470435 0.086735 0.048696 0.051020
1 0.993696 0.269388 0.012609 0.086735
1 0.490435 0.154082 0.062609 0.065306
1 0.844348 0.166327 0.066957 0.063265
1 0.587826 0.058163 0.038261 0.047959
1 0.536522 0.218367 0.075652 0.077551
3 0.739130 0.073469 0.176522 0.139796
1 0.618261 0.061224 0.038261 0.043878
1 0.939783 0.407143 0.120435 0.106122
1 0.926087 0.495918 0.133043 0.130612
