2 0.736060 0.075318 0.037175 0.059891
1 0.180297 0.812160 0.170074 0.268603
1 0.851301 0.066243 0.036245 0.047187
2 0.221190 0.419238 0.111524 0.178766
1 0.750000 0.151543 0.044610 0.062613
2 0.811338 0.103448 0.043680 0.073503
2 0.454461 0.281307 0.058550 0.122505
2 0.423792 0.179673 0.047398 0.083485
1 0.363383 0.165154 0.047398 0.070780
1 0.903346 0.291289 0.071561 0.105263
1 0.521375 0.176951 0.047398 0.075318
1 0.479554 0.111615 0.037175 0.056261
1 0.993262 0.240472 0.013476 0.097096
2 0.420074 0.101633 0.036245 0.070780
1 0.539033 0.107985 0.040892 0.058076
1 0.849442 0.589837 0.105019 0.169691
