1 0.183223 0.167598 0.045254 0.057728
1 0.226269 0.141527 0.051876 0.051210
1 0.274834 0.186220 0.058499 0.066108
1 0.195364 0.222533 0.058499 0.081937
1 0.822296 0.247672 0.118102 0.094972
1 0.748344 0.262570 0.126932 0.093110
1 0.251656 0.332402 0.069536 0.096834
1 0.681015 0.180633 0.084989 0.077281
1 0.427152 0.153631 0.071744 0.067970
1 0.518764 0.151769 0.066225 0.072626
1 0.784768 0.623836 0.220751 0.207635
1 0.579470 0.113594 0.061810 0.061452
1 0.378587 0.120112 0.048565 0.066108
1 0.474614 0.113594 0.047461 0.051210
