1 0.204225 0.334852 0.108652 0.186788
1 0.042002 0.392938 0.084004 0.226651
2 0.746479 0.008257 0.045272 0.016515
1 0.495976 0.407745 0.101610 0.191344
1 0.339034 0.456720 0.108652 0.202734
1 0.311871 0.158314 0.068410 0.113895
1 0.828974 0.016800 0.044266 0.033599
1 0.909457 0.014237 0.049296 0.028474
1 0.560362 0.115034 0.061368 0.135535
2 0.860161 0.108200 0.063380 0.140091
1 0.491952 0.047836 0.048290 0.088838
1 0.965040 0.392939 0.069919 0.167426
1 0.586519 0.021925 0.044266 0.043850
1 0.939889 0.920273 0.120221 0.159453
