1 0.605691 0.817637 0.195935 0.253425
1 0.837398 0.589041 0.109756 0.152397
1 0.958537 0.477740 0.072358 0.103596
3 0.946138 0.340753 0.107724 0.154110
1 0.892683 0.429795 0.082114 0.095034
3 0.657724 0.551370 0.429268 0.450342
3 0.200813 0.785317 0.401626 0.429366
1 0.381301 0.538527 0.149593 0.131849
3 0.733333 0.313356 0.169919 0.176370
1 0.578049 0.396404 0.098374 0.101884
1 0.426829 0.456336 0.127642 0.125856
1 0.234959 0.530822 0.159350 0.152397
3 0.093496 0.452911 0.186992 0.231164
1 0.342276 0.424658 0.126829 0.113870
1 0.514634 0.369007 0.094309 0.101884
3 0.641463 0.295377 0.174797 0.162671
1 0.997967 0.405822 0.004065 0.093322
1 0.051220 0.607021 0.102439 0.131849
