1 0.053296 0.883104 0.106592 0.233792
1 0.010702 0.729862 0.021404 0.227898
1 0.581336 0.089391 0.031678 0.060904
1 0.281678 0.426326 0.088185 0.146365
1 0.424658 0.319253 0.062500 0.116896
1 0.343322 0.241650 0.058219 0.102161
1 0.613870 0.207269 0.051370 0.090373
1 0.235445 0.252456 0.067637 0.118860
1 0.439212 0.163065 0.041952 0.079568
1 0.827055 0.268173 0.067637 0.100196
1 0.404110 0.095285 0.036815 0.064833
1 0.909247 0.226916 0.069349 0.105108
1 0.929152 0.783890 0.141695 0.223969
1 0.317637 0.062868 0.034247 0.062868
