3 0.041903 0.308219 0.083807 0.154110
1 0.084280 0.399829 0.089962 0.089041
3 0.357008 0.518836 0.500000 0.450342
3 0.827651 0.777397 0.344697 0.445206
3 0.268939 0.280822 0.197917 0.176370
1 0.449811 0.363870 0.114583 0.101884
1 0.625947 0.423801 0.148674 0.125856
1 0.849432 0.498288 0.185606 0.152397
3 0.955729 0.429795 0.088542 0.226884
1 0.724432 0.392123 0.147727 0.113870
1 0.523674 0.336473 0.109849 0.101884
3 0.375947 0.262842 0.203598 0.162671
1 0.774621 0.948844 0.243371 0.102312
3 0.228220 0.598459 0.375000 0.430651
1 0.945786 0.374144 0.108428 0.117294
