1 0.465854 0.328275 0.078049 0.066294
1 0.526016 0.287540 0.069106 0.058307
1 0.582927 0.258786 0.058537 0.052716
1 0.623577 0.236422 0.051220 0.049521
1 0.376423 0.368211 0.097561 0.067891
1 0.239837 0.392173 0.110569 0.079872
1 0.357724 0.341054 0.081301 0.067891
1 0.447967 0.299521 0.070732 0.062300
2 0.506504 0.257189 0.059350 0.058307
1 0.570732 0.226038 0.052846 0.056709
1 0.524390 0.229233 0.051220 0.045527
1 0.073171 0.459265 0.145528 0.095048
1 0.276423 0.429712 0.117073 0.087061
1 0.115447 0.509585 0.149593 0.102236
1 0.456911 0.261981 0.054472 0.051118
1 0.393496 0.289936 0.069106 0.055112
2 0.141463 0.790735 0.173171 0.301118
1 0.485366 0.576677 0.113008 0.151757
1 0.820325 0.333067 0.056098 0.100639
