3 0.936139 0.287986 0.127722 0.159011
1 0.871859 0.380742 0.080402 0.091873
3 0.630653 0.505300 0.442211 0.464664
3 0.182370 0.771201 0.364740 0.457597
3 0.708543 0.259717 0.175042 0.181979
1 0.548576 0.345406 0.101340 0.105124
1 0.392797 0.407244 0.131491 0.129859
1 0.195142 0.484099 0.164154 0.157244
3 0.071189 0.407244 0.142379 0.241166
1 0.305695 0.374558 0.130653 0.117491
1 0.483250 0.317138 0.097152 0.105124
3 0.613903 0.241166 0.180067 0.167845
3 0.674204 0.646643 0.391122 0.519435
1 0.001466 0.385159 0.002931 0.129859
1 0.027638 0.560071 0.055276 0.123675
