1 0.565814 0.928803 0.116088 0.142393
1 0.495430 0.741187 0.083181 0.153989
1 0.520110 0.472171 0.061243 0.075139
1 0.461609 0.466605 0.063071 0.092764
1 0.585009 0.538033 0.061243 0.088126
1 0.324497 0.925789 0.102377 0.148423
1 0.498172 0.608534 0.081353 0.107607
1 0.326325 0.661410 0.074040 0.136364
1 0.141682 0.918135 0.139854 0.163729
3 0.379342 0.455473 0.079525 0.176252
1 0.212066 0.642857 0.083181 0.160482
1 0.267825 0.489796 0.047532 0.081633
3 0.307130 0.396104 0.069470 0.134508
1 0.187386 0.393321 0.042962 0.064007
1 0.227605 0.388683 0.033821 0.054731
