2 0.982372 0.924287 0.035256 0.151425
1 0.902930 0.998515 0.156593 0.002969
1 0.776557 0.581948 0.080586 0.157957
1 0.910256 0.609264 0.090659 0.188836
2 0.341575 0.332542 0.044872 0.118765
1 0.544872 0.612827 0.073260 0.154394
1 0.663919 0.652019 0.073260 0.162708
1 0.705128 0.434679 0.052198 0.104513
1 0.250916 0.375297 0.043040 0.092637
1 0.174908 0.364608 0.054945 0.100950
1 0.504579 0.393112 0.048535 0.129454
2 0.226190 0.527316 0.062271 0.168646
1 0.561355 0.336105 0.041209 0.081948
1 0.074176 0.901425 0.132784 0.197150
1 0.485348 0.298100 0.035714 0.078385
