1 0.640549 0.447788 0.116317 0.136283
3 0.449919 0.160177 0.138934 0.151327
1 0.515347 0.438053 0.106624 0.142478
1 0.524233 0.347788 0.090468 0.102655
1 0.412762 0.345133 0.083199 0.107080
1 0.567851 0.250442 0.070275 0.071681
1 0.649435 0.301770 0.091276 0.085841
1 0.442649 0.277876 0.083199 0.081416
1 0.360258 0.176106 0.046042 0.062832
1 0.766559 0.367257 0.113893 0.100885
1 0.905493 0.432743 0.138126 0.113274
1 0.504847 0.546018 0.132472 0.161947
1 0.365913 0.220354 0.065428 0.069027
2 0.411955 0.197345 0.067851 0.079646
1 0.380452 0.400000 0.099354 0.136283
1 0.312601 0.314159 0.068659 0.100885
2 0.471729 0.235398 0.062197 0.081416
1 0.344911 0.269027 0.067851 0.081416
1 0.238288 0.256637 0.061389 0.081416
3 0.233441 0.924779 0.466882 0.150442
2 0.142973 0.650443 0.173667 0.194690
2 0.283522 0.200000 0.091276 0.113274
1 0.336834 0.792920 0.225363 0.157522
1 0.449919 0.714159 0.226979 0.171681
1 0.195477 0.183186 0.058158 0.056637
1 0.110662 0.169027 0.051696 0.052212
