1 0.701844 0.169429 0.064549 0.076427
1 0.715164 0.483425 0.122951 0.185083
1 0.550205 0.564457 0.138320 0.222836
1 0.193648 0.098527 0.056352 0.071823
1 0.503074 0.086556 0.052254 0.078269
1 0.357582 0.111418 0.053279 0.078269
1 0.486680 0.239411 0.069672 0.122468
2 0.556352 0.061694 0.052254 0.095764
1 0.234631 0.185083 0.072746 0.106814
1 0.343238 0.165746 0.069672 0.100368
1 0.461066 0.127993 0.052254 0.084715
1 0.121926 0.337937 0.114754 0.157459
1 0.063781 0.529466 0.127561 0.253223
1 0.496926 0.023020 0.033811 0.046041
3 0.087090 0.168508 0.162910 0.229282
3 0.294057 0.068831 0.087090 0.137661
