1 0.421606 0.524180 0.145315 0.192573
1 0.262906 0.357513 0.088910 0.100173
1 0.131931 0.248705 0.071702 0.067358
1 0.408222 0.389465 0.102294 0.102763
1 0.291587 0.298791 0.086998 0.089810
1 0.897706 0.695164 0.195985 0.222798
1 0.494264 0.293610 0.094646 0.075993
1 0.425430 0.253886 0.085086 0.065630
1 0.354684 0.219344 0.072658 0.059586
1 0.306883 0.197755 0.064054 0.050950
1 0.596558 0.339378 0.111855 0.086356
1 0.760038 0.367012 0.127151 0.086356
1 0.617591 0.310881 0.099426 0.073402
1 0.513384 0.267703 0.085086 0.069948
2 0.441683 0.220207 0.072658 0.059586
1 0.364245 0.188256 0.065010 0.059586
1 0.425430 0.188256 0.064054 0.053541
1 0.556405 0.405009 0.123327 0.122625
1 0.933317 0.438687 0.133365 0.114853
1 0.715105 0.408463 0.133843 0.098446
1 0.332696 0.258204 0.083174 0.086356
1 0.056883 0.685665 0.113767 0.155440
1 0.192161 0.199482 0.073614 0.059585
1 0.905354 0.493092 0.175908 0.110535
1 0.500000 0.220207 0.071702 0.056995
1 0.130975 0.214162 0.069790 0.056995
1 0.599426 0.264249 0.091778 0.050950
1 0.046845 0.175302 0.069790 0.053541
