0 0.693043 0.297131 0.086957 0.152664
1 0.914130 0.775615 0.171739 0.296106
1 0.748696 0.672131 0.093043 0.214139
1 0.729565 0.503074 0.076522 0.155738
1 0.753043 0.382172 0.069565 0.133197
1 0.796522 0.318648 0.054783 0.106557
1 0.840870 0.259221 0.052174 0.082992
1 0.946957 0.986680 0.106087 0.026639
1 0.870435 0.213115 0.052174 0.072746
1 0.548696 0.959273 0.275652 0.081455
2 0.404348 0.175205 0.055652 0.060451
1 0.646957 0.200820 0.076522 0.065574
1 0.141522 0.952357 0.283043 0.095287
1 0.926087 0.185451 0.075652 0.070697
1 0.828696 0.162910 0.077391 0.060451
3 0.074130 0.254098 0.148261 0.191598
