0 0.969283 0.615079 0.061433 0.338889
1 0.409556 0.522222 0.183447 0.173016
1 0.082765 0.373016 0.102389 0.097619
3 0.003626 0.296032 0.007253 0.156349
3 0.646758 0.271429 0.400171 0.244444
3 0.982935 0.237302 0.034130 0.229365
1 0.274744 0.246825 0.086177 0.075397
3 0.304607 0.176984 0.224403 0.135714
1 0.158703 0.223810 0.072526 0.065873
3 0.094710 0.161111 0.171502 0.092063
2 0.770478 0.495238 0.218430 0.231746
1 0.512799 0.434127 0.177474 0.148413
2 0.344710 0.364286 0.128840 0.142857
1 0.209044 0.343651 0.115188 0.103175
3 0.088311 0.278571 0.176621 0.174603
