1 0.786022 0.161896 0.094624 0.069767
1 0.786022 0.128801 0.107527 0.063506
3 0.708602 0.070662 0.254839 0.125224
1 0.706452 0.214669 0.094624 0.089445
1 0.590323 0.200358 0.100000 0.082290
1 0.594624 0.278175 0.107527 0.106440
1 0.447312 0.266547 0.121505 0.097496
1 0.438710 0.403399 0.140860 0.125224
1 0.270968 0.389982 0.149462 0.120751
2 0.427957 0.164580 0.115054 0.101968
1 0.118280 0.551878 0.158064 0.163685
1 0.313978 0.595707 0.172043 0.179785
1 0.035753 0.171735 0.071505 0.082290
3 0.166667 0.135957 0.194624 0.220930
1 0.050806 0.427549 0.101613 0.122540
