1 0.914692 0.712585 0.170616 0.221088
1 0.735387 0.549320 0.116114 0.201531
1 0.700632 0.390306 0.075039 0.129252
0 0.657188 0.231293 0.075039 0.119048
1 0.760663 0.266156 0.057662 0.104592
1 0.090047 0.204082 0.048183 0.048469
1 0.575829 0.087585 0.032386 0.034014
3 0.045221 0.223639 0.090442 0.129252
1 0.603476 0.090986 0.038705 0.042517
1 0.465245 0.111395 0.034755 0.044218
1 0.142970 0.215986 0.062401 0.062075
1 0.515008 0.128401 0.052923 0.052721
1 0.152449 0.231293 0.066351 0.062075
1 0.259874 0.153061 0.050553 0.048469
3 0.257504 0.468537 0.417852 0.534014
1 0.330174 0.289966 0.079779 0.078231
1 0.332543 0.229592 0.075829 0.060374
1 0.435229 0.107143 0.037125 0.042517
1 0.357820 0.111395 0.040284 0.042517
1 0.326224 0.107993 0.037915 0.042517
1 0.082938 0.466837 0.129542 0.125000
1 0.415482 0.096088 0.041074 0.042517
