0 0.406195 0.840856 0.335398 0.318287
1 0.230973 0.135417 0.078761 0.087963
2 0.653982 0.372685 0.124779 0.170139
1 0.984735 0.541667 0.030531 0.170139
1 0.459292 0.158565 0.091150 0.093750
1 0.877876 0.609954 0.190265 0.208333
3 0.722124 0.270833 0.308850 0.266204
1 0.463717 0.282407 0.114159 0.126157
1 0.629204 0.524306 0.170796 0.175926
1 0.381416 0.354167 0.130088 0.137731
1 0.707080 0.188657 0.061062 0.060185
1 0.684956 0.209491 0.087611 0.074074
2 0.119469 0.245370 0.092035 0.106481
1 0.108850 0.320602 0.115929 0.106481
3 0.937832 0.238426 0.124336 0.202546
1 0.029204 0.170139 0.058407 0.082176
