1 0.772822 0.411111 0.148340 0.118519
3 0.540456 0.119444 0.177386 0.149074
1 0.554979 0.354630 0.119295 0.118519
1 0.629668 0.316667 0.110996 0.110185
1 0.399378 0.244444 0.094398 0.078704
1 0.696058 0.213889 0.094398 0.070370
1 0.798755 0.274074 0.110996 0.085185
1 0.528008 0.246296 0.106847 0.089815
1 0.422199 0.137037 0.061203 0.057407
1 0.933351 0.339815 0.133299 0.100926
1 0.557054 0.487037 0.144191 0.162037
1 0.418050 0.182407 0.081950 0.065741
1 0.119813 0.646296 0.239627 0.177778
1 0.202282 0.899306 0.336100 0.201389
2 0.692946 0.262963 0.123444 0.107407
1 0.258299 0.200000 0.077801 0.081481
1 0.762448 0.737963 0.278008 0.151852
3 0.836618 0.924306 0.326764 0.151389
1 0.158714 0.122222 0.070539 0.050926
2 0.791494 0.874537 0.377593 0.250926
