2 0.140858 0.968577 0.188433 0.062847
1 0.271455 0.412200 0.069963 0.111830
1 0.310634 0.207948 0.041045 0.063771
1 0.376866 0.208872 0.037313 0.057301
1 0.707090 0.154344 0.037313 0.052680
1 0.598881 0.215342 0.038246 0.060998
1 0.767724 0.267098 0.052239 0.074861
2 0.867537 0.255083 0.060634 0.085028
1 0.612873 0.317930 0.055970 0.087800
1 0.746269 0.369686 0.064366 0.098891
1 0.864739 0.369686 0.075560 0.102588
1 0.694963 0.642329 0.100746 0.179298
1 0.962220 0.536044 0.075560 0.140481
1 0.924440 0.808688 0.148321 0.210721
