1 0.959179 0.954466 0.081641 0.091068
1 0.911168 0.802102 0.152284 0.240806
1 0.821489 0.643608 0.087986 0.172504
1 0.376481 0.908932 0.131980 0.182137
1 0.551607 0.867776 0.111675 0.257443
1 0.777496 0.902802 0.158206 0.194396
1 0.542301 0.640981 0.097293 0.180385
1 0.382403 0.746935 0.101523 0.203152
1 0.758037 0.494746 0.095601 0.155867
1 0.706430 0.723292 0.131134 0.234676
2 0.706430 0.403678 0.080372 0.153240
1 0.412014 0.604203 0.074450 0.180385
2 0.936548 0.366900 0.095601 0.133100
0 0.475465 0.287215 0.078680 0.157618
1 0.558376 0.253940 0.041455 0.072680
