1 0.058574 0.391011 0.117148 0.166292
1 0.258913 0.280899 0.121392 0.149438
2 0.377759 0.224719 0.105263 0.130337
1 0.489813 0.185393 0.077250 0.098876
1 0.565365 0.159551 0.061121 0.091011
1 0.314092 0.940449 0.281834 0.119101
1 0.500849 0.235955 0.077250 0.106742
2 0.160441 0.835393 0.296265 0.329213
1 0.415110 0.670787 0.168930 0.244944
3 0.626486 0.278652 0.197793 0.289888
1 0.039898 0.626966 0.079796 0.252809
1 0.353141 0.557303 0.183362 0.200000
1 0.584890 0.506742 0.121392 0.178652
2 0.154499 0.651685 0.189304 0.293258
1 0.026316 0.862921 0.052632 0.220225
1 0.218166 0.487640 0.168930 0.170786
1 0.375212 0.392135 0.129881 0.153933
1 0.732598 0.331461 0.075552 0.138202
1 0.666384 0.417978 0.085739 0.141573
1 0.496604 0.311236 0.089134 0.157303
1 0.725806 0.250562 0.051783 0.093258
1 0.775891 0.216854 0.048387 0.074157
1 0.785229 0.288764 0.050934 0.103371
