1 0.083911 0.921358 0.167822 0.157285
1 0.783168 0.025386 0.034653 0.044150
1 0.713861 0.030905 0.036634 0.051876
1 0.574257 0.646799 0.158416 0.263797
1 0.642574 0.055188 0.031683 0.041943
2 0.654455 0.076159 0.043564 0.068433
1 0.921782 0.242826 0.059406 0.125828
1 0.815842 0.204194 0.059406 0.083885
1 0.601980 0.147903 0.059406 0.068433
1 0.590099 0.210817 0.071287 0.080574
2 0.503960 0.115894 0.072277 0.089404
1 0.492079 0.201987 0.095049 0.099338
2 0.286139 0.239514 0.084158 0.120309
1 0.979703 0.137969 0.040594 0.068433
1 0.956436 0.079470 0.043564 0.068433
1 0.037624 0.470199 0.075248 0.183223
