1 0.974762 0.621552 0.050476 0.167241
1 0.840952 0.922629 0.183809 0.154741
1 0.870476 0.614655 0.143810 0.181897
1 0.958571 0.366379 0.082857 0.128448
1 0.367619 0.164655 0.049524 0.077586
1 0.631429 0.425862 0.086667 0.132759
1 0.727619 0.359483 0.082857 0.132759
1 0.164762 0.211207 0.054286 0.069828
1 0.247619 0.233621 0.057143 0.079310
1 0.778095 0.295690 0.073333 0.100000
1 0.589524 0.275000 0.065714 0.108621
1 0.071429 0.335345 0.086667 0.093966
2 0.078095 0.191379 0.054286 0.086207
1 0.662857 0.150862 0.045714 0.067241
1 0.231429 0.716379 0.134286 0.214655
