1 0.923474 0.927902 0.153053 0.144196
1 0.678218 0.308929 0.049505 0.075893
1 0.614686 0.338393 0.049505 0.082143
1 0.378713 0.175893 0.029703 0.049107
1 0.262376 0.208929 0.037129 0.052679
2 0.198020 0.191964 0.037129 0.065179
1 0.370462 0.237500 0.037129 0.061607
1 0.292079 0.252679 0.039604 0.067857
1 0.210396 0.264286 0.049505 0.075893
1 0.334984 0.371429 0.055281 0.092857
1 0.160066 0.341964 0.060231 0.078571
1 0.240099 0.400000 0.062706 0.091071
2 0.282178 0.650893 0.102310 0.183929
1 0.051155 0.363393 0.066832 0.091071
