1 0.009844 0.540619 0.019689 0.204062
2 0.213370 0.410058 0.229854 0.286267
1 0.488095 0.334623 0.190476 0.183752
2 0.671245 0.252418 0.139194 0.176983
1 0.815018 0.225338 0.123626 0.125725
3 0.923306 0.150870 0.153388 0.208897
2 0.150183 0.311412 0.256410 0.249516
1 0.419414 0.254352 0.165751 0.162476
1 0.597070 0.184720 0.146520 0.140232
1 0.741758 0.154739 0.120879 0.118956
1 0.836996 0.132495 0.080586 0.093810
1 0.940476 0.095745 0.069597 0.075435
1 0.890110 0.069632 0.076007 0.061896
1 0.009158 0.055126 0.018315 0.110251
1 0.117216 0.052708 0.145604 0.105416
1 0.286630 0.036992 0.128205 0.073985
1 0.442308 0.029739 0.109890 0.059478
3 0.619048 0.020551 0.226190 0.041103
1 0.068681 0.035542 0.137363 0.071083
1 0.288462 0.015957 0.116300 0.031915
1 0.433150 0.004836 0.101648 0.009671
1 0.575092 0.000242 0.074176 0.000484
1 0.768315 0.012814 0.072344 0.025629
1 0.848901 0.008221 0.055861 0.016441
1 0.909341 0.004836 0.047619 0.009671
