1 0.595278 0.433280 0.110455 0.101286
3 0.450253 0.212219 0.144182 0.133441
1 0.333895 0.309486 0.071669 0.072347
1 0.438449 0.319132 0.078415 0.076367
1 0.247049 0.259646 0.063238 0.061093
1 0.577572 0.295016 0.070826 0.062701
1 0.697302 0.360129 0.102024 0.087621
1 0.311973 0.248392 0.066610 0.055466
1 0.410624 0.254019 0.064081 0.061093
1 0.835582 0.426045 0.130691 0.098875
3 0.161889 0.796624 0.323777 0.406752
1 0.183811 0.758842 0.194772 0.183280
1 0.960160 0.492765 0.079680 0.119775
3 0.592327 0.913987 0.815346 0.172026
1 0.145868 0.224277 0.046374 0.057074
1 0.917791 0.738746 0.164418 0.154341
1 0.080944 0.192122 0.063238 0.051447
1 0.608769 0.758039 0.249578 0.169614
1 0.749578 0.659164 0.186341 0.135048
