0 0.722857 0.701058 0.353333 0.294533
3 0.987619 0.104056 0.024762 0.129630
1 0.045714 0.490300 0.088571 0.123457
1 0.220952 0.402998 0.151429 0.119048
1 0.080952 0.567901 0.159048 0.171076
1 0.873333 0.162257 0.107619 0.062610
1 0.426667 0.312169 0.133333 0.073192
3 0.589524 0.149030 0.364762 0.148148
1 0.440952 0.435626 0.171429 0.131393
2 0.412381 0.367725 0.162857 0.154321
1 0.783810 0.136684 0.083810 0.060847
1 0.679048 0.202822 0.105714 0.068783
1 0.637143 0.314815 0.136191 0.091711
1 0.676190 0.261905 0.120952 0.067019
1 0.793333 0.357143 0.149524 0.102293
1 0.835238 0.222222 0.119048 0.102293
1 0.873333 0.281305 0.130476 0.083774
1 0.966905 0.313051 0.066190 0.089947
1 0.380000 0.177249 0.100000 0.058201
1 0.247619 0.216931 0.115238 0.068783
1 0.180952 0.300705 0.138095 0.074956
1 0.994524 0.205467 0.010952 0.071429
