1 0.572650 0.821197 0.108547 0.228155
1 0.505128 0.213592 0.037607 0.055825
2 0.742735 0.855178 0.135897 0.254854
1 0.999786 0.871359 0.000427 0.174757
1 0.543590 0.219256 0.035043 0.055825
3 0.980128 0.516181 0.039744 0.245146
2 0.579487 0.213592 0.037607 0.072816
1 0.876068 0.570388 0.119658 0.172330
1 0.390598 0.178803 0.033333 0.040453
1 0.346154 0.208738 0.034188 0.050162
1 0.428205 0.200647 0.028205 0.047735
3 0.318803 0.159385 0.065812 0.110841
1 0.823077 0.407767 0.081197 0.103560
1 0.722222 0.306634 0.052137 0.072816
1 0.397436 0.266990 0.040171 0.055825
1 0.317094 0.304207 0.051282 0.067152
3 0.773504 0.250809 0.122222 0.155340
1 0.356410 0.422330 0.061538 0.096278
1 0.205983 0.479773 0.099145 0.134304
1 0.615385 0.210356 0.029915 0.053398
1 0.655556 0.199029 0.034188 0.046117
3 0.118803 0.873180 0.237607 0.253641
