1 0.906308 0.187500 0.064007 0.054054
1 0.825603 0.174831 0.052876 0.048142
1 0.762523 0.209459 0.054731 0.058277
1 0.125232 0.483108 0.156772 0.119932
1 0.032468 0.477196 0.064935 0.130068
1 0.750464 0.244088 0.052876 0.064189
1 0.143785 0.358953 0.129870 0.100507
1 0.379406 0.374155 0.110390 0.093750
1 0.276438 0.377534 0.115955 0.106419
1 0.288497 0.318412 0.101113 0.074324
1 0.288497 0.288007 0.092764 0.077703
2 0.414657 0.258446 0.097403 0.122466
1 0.681818 0.380068 0.062152 0.100507
1 0.395176 0.244088 0.065863 0.061655
1 0.538033 0.279561 0.073284 0.080236
1 0.491651 0.241554 0.058442 0.065878
1 0.800557 0.416385 0.074212 0.103885
1 0.628015 0.545608 0.089054 0.146115
2 0.349722 0.558277 0.143785 0.179899
1 0.839518 0.726351 0.126160 0.228041
1 0.573284 0.190034 0.047310 0.061655
1 0.483302 0.195946 0.051020 0.059966
1 0.687384 0.852196 0.117811 0.270270
1 0.531540 0.176520 0.045455 0.061655
