1 0.600524 0.336257 0.086538 0.089669
1 0.532343 0.288499 0.074301 0.078947
1 0.469406 0.252437 0.065559 0.071150
1 0.427448 0.227096 0.053322 0.062378
1 0.689685 0.387914 0.101399 0.097466
1 0.840035 0.419103 0.118007 0.087719
1 0.712413 0.357700 0.088287 0.097466
1 0.614510 0.305068 0.077797 0.074074
2 0.548951 0.257310 0.069056 0.071150
1 0.479895 0.215400 0.055070 0.062378
1 0.534091 0.214425 0.058566 0.053606
1 0.968969 0.500000 0.062063 0.122807
1 0.799825 0.469786 0.125000 0.113060
1 0.947115 0.562378 0.105769 0.136452
1 0.602273 0.258285 0.069930 0.069201
1 0.666958 0.298246 0.076049 0.074074
1 0.831294 0.861111 0.184441 0.277778
1 0.576049 0.478558 0.090909 0.143275
1 0.317308 0.262183 0.066434 0.078947
1 0.193182 0.214425 0.063811 0.067251
