1 0.360669 0.366053 0.066879 0.157464
1 0.260350 0.026074 0.031051 0.052147
1 0.429936 0.304703 0.058121 0.123722
2 0.385350 0.222904 0.051752 0.128834
1 0.203025 0.553170 0.114650 0.224949
1 0.206210 0.026585 0.029459 0.051125
1 0.447452 0.197342 0.050159 0.092025
1 0.261147 0.315951 0.083599 0.176892
1 0.395701 0.144172 0.048567 0.084867
2 0.314490 0.150307 0.046974 0.118609
1 0.199045 0.070552 0.035828 0.072597
1 0.354299 0.104294 0.035032 0.084867
1 0.123408 0.099182 0.050159 0.077710
1 0.152866 0.161554 0.057325 0.082822
1 0.348726 0.063395 0.031847 0.051125
1 0.405255 0.031697 0.028662 0.060327
1 0.028463 0.313906 0.056927 0.132924
3 0.545382 0.643149 0.229299 0.713701
