1 0.039405 0.774648 0.078809 0.221831
1 0.178634 0.617958 0.137478 0.213028
1 0.233800 0.465669 0.084063 0.137324
0 0.274956 0.276408 0.081436 0.123239
1 0.177758 0.346831 0.072680 0.117077
1 0.489492 0.149648 0.035902 0.048415
1 0.897548 0.277289 0.079685 0.064261
3 0.467601 0.273768 0.221541 0.269366
1 0.465849 0.205986 0.052539 0.054577
1 0.456217 0.175176 0.055166 0.044014
1 0.535026 0.157570 0.038529 0.048415
1 0.749562 0.218310 0.063923 0.051937
1 0.763573 0.197183 0.058669 0.050176
1 0.633975 0.330106 0.095447 0.094190
1 0.660245 0.190141 0.063923 0.056338
1 0.654116 0.157570 0.049037 0.048415
1 0.795972 0.382923 0.109457 0.085387
1 0.502627 0.130282 0.028897 0.037852
