1 0.706349 0.179934 0.056437 0.068823
1 0.708113 0.441128 0.102293 0.170813
1 0.568783 0.493366 0.112875 0.186567
1 0.267196 0.120232 0.048501 0.068823
1 0.537037 0.101161 0.042328 0.070481
1 0.408289 0.131841 0.045855 0.070481
1 0.519400 0.230514 0.055556 0.106136
2 0.581129 0.078773 0.044974 0.082919
1 0.301587 0.198176 0.062610 0.096186
1 0.395944 0.183250 0.060847 0.090381
1 0.498236 0.136816 0.044974 0.074627
1 0.202822 0.341625 0.099647 0.143449
1 0.124339 0.519901 0.164903 0.232172
1 0.528219 0.047264 0.028219 0.035655
3 0.172840 0.183250 0.141975 0.210614
3 0.354497 0.079602 0.074956 0.147595
