1 0.919586 0.717781 0.160828 0.204731
1 0.747611 0.570963 0.126592 0.201468
1 0.697452 0.432300 0.076433 0.129690
0 0.662420 0.252039 0.073248 0.111746
1 0.747611 0.323817 0.064490 0.110114
1 0.467357 0.137847 0.034236 0.044861
3 0.607484 0.141925 0.117834 0.145188
1 0.575637 0.135400 0.035032 0.046493
1 0.423567 0.145188 0.035032 0.042414
1 0.034435 0.301794 0.068869 0.075041
1 0.039013 0.263458 0.073248 0.057912
1 0.496815 0.195759 0.059713 0.061990
1 0.136146 0.261011 0.080414 0.069331
1 0.179936 0.208809 0.061306 0.057912
1 0.403662 0.216150 0.063694 0.053834
1 0.446656 0.125612 0.031051 0.036705
1 0.361465 0.137031 0.045382 0.044861
3 0.129180 0.652529 0.258360 0.597064
1 0.105096 0.425775 0.117834 0.118271
1 0.497612 0.114192 0.032643 0.040783
