1 0.449670 0.797541 0.098185 0.229508
1 0.516502 0.178689 0.033828 0.052459
2 0.287954 0.831148 0.121287 0.245082
1 0.048061 0.886066 0.096122 0.227869
1 0.178218 0.595082 0.116337 0.178689
1 0.273927 0.431967 0.081683 0.109016
2 0.181518 0.392623 0.091584 0.163115
1 0.065182 0.460656 0.101485 0.131967
1 0.609736 0.196721 0.033003 0.054098
1 0.659241 0.163115 0.036304 0.045082
1 0.675743 0.245082 0.042904 0.062295
1 0.335809 0.304918 0.056931 0.077869
1 0.481848 0.187705 0.037129 0.059836
1 0.316832 0.247541 0.048680 0.066393
3 0.850660 0.269672 0.177393 0.211475
1 0.746700 0.381148 0.068482 0.085246
3 0.309406 0.170492 0.084984 0.114754
2 0.440594 0.175410 0.033828 0.066393
1 0.690594 0.452459 0.065181 0.104918
1 0.367162 0.189344 0.038779 0.062295
1 0.933993 0.800820 0.132013 0.250820
