1 0.816079 0.101664 0.104626 0.087800
0 0.178414 0.305915 0.318282 0.332717
1 0.560573 0.230129 0.128855 0.142329
3 0.563877 0.085952 0.283040 0.171904
2 0.446035 0.330869 0.162996 0.190388
1 0.025881 0.148799 0.051762 0.105360
1 0.049835 0.194085 0.099670 0.116451
1 0.068007 0.616451 0.136013 0.207948
2 0.205947 0.193161 0.110132 0.105360
1 0.273128 0.675601 0.199339 0.230129
1 0.105727 0.088725 0.096916 0.089649
1 0.258811 0.108133 0.092511 0.105360
1 0.353524 0.078558 0.102423 0.089649
1 0.245595 0.051756 0.078194 0.078558
