1 0.095763 0.888007 0.150000 0.223986
1 0.186441 0.737213 0.085593 0.171076
1 0.631356 0.953263 0.131356 0.093474
1 0.458475 0.914462 0.111864 0.171076
1 0.232203 0.950617 0.155932 0.098765
1 0.466949 0.734568 0.094915 0.184303
1 0.624576 0.841270 0.104237 0.201058
1 0.251695 0.588183 0.094915 0.154321
1 0.300847 0.819224 0.128814 0.233686
2 0.300847 0.488536 0.083898 0.156967
1 0.597458 0.690476 0.075424 0.179894
0 0.609322 0.495591 0.073729 0.221340
1 0.377119 0.604938 0.078814 0.140212
3 0.287288 0.357143 0.143220 0.223986
1 0.417797 0.258377 0.036441 0.056437
