1 0.116004 0.861600 0.232008 0.276800
1 0.457386 0.536000 0.218750 0.180000
2 0.104640 0.489600 0.209280 0.236800
1 0.375947 0.427200 0.196023 0.149600
2 0.564394 0.360000 0.143939 0.146400
1 0.713068 0.336800 0.128788 0.104000
3 0.857955 0.275200 0.224432 0.172800
1 0.963068 0.275200 0.071970 0.072000
1 0.990057 0.264000 0.019886 0.064800
2 0.079072 0.410400 0.158144 0.206400
1 0.303977 0.362400 0.171402 0.134400
1 0.487689 0.304000 0.151515 0.113600
1 0.649621 0.280800 0.117424 0.091200
1 0.813447 0.244800 0.071023 0.058400
1 0.895833 0.219200 0.056818 0.058400
1 0.033381 0.192000 0.066761 0.092800
1 0.167614 0.173600 0.133523 0.077600
1 0.328598 0.161600 0.113636 0.077600
3 0.511364 0.120000 0.233901 0.128800
1 0.029119 0.160000 0.058239 0.070400
1 0.172348 0.141600 0.121212 0.072000
1 0.316288 0.128800 0.106061 0.066400
1 0.499053 0.124000 0.072917 0.056800
1 0.661932 0.145600 0.078599 0.056800
1 0.642992 0.122400 0.065341 0.047200
1 0.745265 0.139200 0.057765 0.055200
1 0.725379 0.120000 0.057765 0.045600
1 0.809659 0.136800 0.052083 0.041600
1 0.773674 0.111200 0.052083 0.044000
