2 0.030909 0.272300 0.061818 0.219484
1 0.190000 0.192488 0.131818 0.150235
1 0.329091 0.129108 0.098182 0.117371
1 0.430000 0.149061 0.077273 0.111502
2 0.115000 0.799002 0.230000 0.401995
1 0.341818 0.603286 0.181818 0.255869
3 0.569091 0.193662 0.213636 0.308685
1 0.278182 0.482394 0.188182 0.214789
1 0.525455 0.428404 0.130909 0.188967
2 0.082955 0.586854 0.165909 0.320422
1 0.093864 0.437793 0.187727 0.194836
1 0.300909 0.306338 0.142727 0.147887
1 0.685455 0.248826 0.079091 0.139671
1 0.612727 0.334507 0.090909 0.150235
1 0.429091 0.223005 0.093636 0.160798
1 0.680000 0.165493 0.051818 0.089202
1 0.729091 0.132629 0.048182 0.085681
1 0.740909 0.207746 0.051818 0.107981
