1 0.222815 0.000931 0.046908 0.001862
2 0.989606 0.800745 0.020789 0.398510
1 0.694030 0.754190 0.255864 0.289572
2 0.137527 0.628492 0.214286 0.368715
1 0.380597 0.283985 0.135394 0.145251
1 0.308102 0.005354 0.043710 0.010708
1 0.173774 0.022346 0.047974 0.041899
1 0.140725 0.236499 0.097015 0.121043
1 0.453092 0.057728 0.065032 0.061453
1 0.368870 0.062384 0.065032 0.061453
1 0.350746 0.096834 0.067164 0.059590
1 0.010128 0.087523 0.020256 0.067970
1 0.881663 0.206704 0.133262 0.103352
1 0.998934 0.378026 0.002132 0.148976
