1 0.964894 0.982235 0.070211 0.035531
1 0.926136 0.861301 0.143669 0.229452
1 0.839286 0.708904 0.081981 0.166096
1 0.413149 0.936644 0.125812 0.126712
1 0.578734 0.898973 0.107143 0.202055
1 0.795455 0.934075 0.149351 0.131849
1 0.570617 0.706336 0.090909 0.178938
1 0.419643 0.809932 0.099838 0.195206
1 0.776786 0.564212 0.090909 0.149829
1 0.729708 0.788527 0.123377 0.226884
2 0.729708 0.467466 0.080357 0.152397
1 0.445617 0.663527 0.072240 0.174657
0 0.433442 0.463185 0.072240 0.208904
1 0.647727 0.544521 0.070617 0.127568
3 0.721591 0.308219 0.126623 0.192637
