1 0.183060 0.793443 0.173953 0.256557
1 0.384335 0.486066 0.084699 0.120492
1 0.438980 0.678689 0.127505 0.190164
1 0.744080 0.237705 0.047359 0.063934
2 0.806011 0.224590 0.046448 0.081967
1 0.891621 0.175410 0.036430 0.048361
2 0.762295 0.323770 0.061020 0.103279
1 0.566485 0.318033 0.051913 0.081967
1 0.487250 0.279508 0.044627 0.068033
1 0.935337 0.299180 0.061020 0.072131
2 0.447177 0.223770 0.040984 0.069672
1 0.814208 0.575410 0.102004 0.143443
2 0.947177 0.480328 0.105647 0.155738
2 0.543716 0.182787 0.031876 0.052459
