1 0.823711 0.880536 0.156701 0.238928
1 0.969845 0.740093 0.060309 0.237762
1 0.919588 0.328671 0.082474 0.143357
2 0.457732 0.163170 0.054639 0.116550
1 0.677320 0.350816 0.073196 0.138695
1 0.795876 0.372960 0.074227 0.138695
1 0.850515 0.206294 0.056701 0.099068
1 0.345361 0.223776 0.060825 0.099068
1 0.256701 0.201632 0.064948 0.102564
1 0.642268 0.165501 0.052577 0.116550
2 0.318557 0.405594 0.087629 0.185315
1 0.702062 0.120047 0.042268 0.074592
1 0.098969 0.874417 0.181443 0.251166
1 0.623711 0.083916 0.038144 0.072261
