1 0.933660 0.663067 0.132679 0.335853
3 0.280717 0.273218 0.485495 0.514039
1 0.976962 0.487041 0.046075 0.222462
2 0.773891 0.342333 0.220990 0.322894
1 0.515358 0.257019 0.176621 0.199784
2 0.345563 0.169546 0.128840 0.205184
1 0.211604 0.138229 0.116041 0.140389
3 0.089164 0.085853 0.178328 0.171706
1 0.010452 0.055076 0.020904 0.097192
1 0.928541 0.282937 0.142918 0.214903
1 0.593003 0.035637 0.127133 0.071274
2 0.487201 0.116631 0.166382 0.186825
1 0.150171 0.031317 0.070819 0.062635
1 0.978669 0.005670 0.042662 0.011339
1 0.862628 0.004050 0.136519 0.008099
