2 0.084910 0.275717 0.169820 0.144182
1 0.326126 0.210793 0.116216 0.091906
1 0.490090 0.165261 0.079279 0.068297
1 0.500000 0.215852 0.080180 0.086003
2 0.148423 0.706577 0.296847 0.360034
1 0.410811 0.530354 0.180180 0.185497
3 0.636937 0.237774 0.213514 0.215852
1 0.026126 0.492411 0.052252 0.185497
1 0.345946 0.446037 0.188288 0.157673
1 0.591892 0.406408 0.129730 0.139966
2 0.133333 0.516863 0.200901 0.214165
1 0.011712 0.673693 0.023423 0.153457
1 0.163964 0.411467 0.187387 0.141653
1 0.368468 0.317032 0.139640 0.112142
1 0.748649 0.279933 0.078378 0.113828
1 0.679279 0.334739 0.089189 0.106239
1 0.498198 0.258853 0.093694 0.112142
1 0.746847 0.209949 0.050450 0.065767
1 0.792793 0.188027 0.046847 0.058179
1 0.802703 0.243676 0.049550 0.068297
