1 0.051383 0.333000 0.102767 0.156000
1 0.706522 0.001500 0.034585 0.003000
1 0.206522 0.551000 0.143281 0.273000
1 0.840909 0.001750 0.043478 0.003500
1 0.823123 0.071000 0.054348 0.081000
1 0.740119 0.074000 0.058300 0.090000
1 0.878458 0.155000 0.072134 0.102000
1 0.516798 0.197000 0.071146 0.119000
2 0.947628 0.097000 0.060277 0.107000
1 0.797431 0.335000 0.090909 0.145000
1 0.988142 0.068000 0.023715 0.081000
1 0.475296 0.049000 0.048419 0.078000
1 0.392292 0.045000 0.044466 0.071000
1 0.426877 0.017000 0.039526 0.034000
1 0.374506 0.004750 0.039526 0.009500
1 0.915020 0.733000 0.155138 0.249000
