1 0.308013 0.250493 0.090985 0.146943
1 0.921119 0.749507 0.157763 0.266272
1 0.152755 0.148915 0.067613 0.126233
1 0.890651 0.323471 0.152755 0.140039
1 0.055927 0.181460 0.102671 0.121302
1 0.612688 0.225838 0.129382 0.138067
1 0.907763 0.417160 0.184474 0.224852
1 0.019199 0.230769 0.038397 0.133136
1 0.219533 0.354043 0.146077 0.168639
1 0.635225 0.353057 0.166110 0.172584
1 0.550918 0.245562 0.126043 0.138067
1 0.286311 0.585799 0.217863 0.250493
1 0.471619 0.128205 0.095993 0.114398
1 0.365609 0.182446 0.112688 0.124260
1 0.718698 0.772189 0.291319 0.303748
1 0.323038 0.865878 0.280467 0.268245
1 0.326377 0.077909 0.072621 0.095661
1 0.854758 0.983235 0.290484 0.033531
