0 0.623778 0.139091 0.150651 0.185455
1 0.875407 0.105455 0.080619 0.083636
2 0.803746 0.139091 0.080619 0.100909
1 0.606678 0.261818 0.088762 0.103636
2 0.802117 0.085455 0.070847 0.083636
1 0.720684 0.232727 0.075733 0.110000
1 0.034813 0.336364 0.069625 0.127273
3 0.362378 0.230909 0.300489 0.319091
1 0.198697 0.277273 0.095277 0.127273
1 0.421010 0.380909 0.121335 0.138182
2 0.587134 0.341818 0.087948 0.155455
1 0.115635 0.262727 0.098534 0.114545
1 0.199511 0.196364 0.084691 0.108182
1 0.280130 0.187273 0.071661 0.103636
1 0.438111 0.548182 0.131108 0.174545
1 0.088559 0.800909 0.177117 0.267273
1 0.277687 0.128182 0.061889 0.081818
1 0.357492 0.118182 0.052932 0.080000
