0 0.705765 0.712398 0.374751 0.337398
1 0.974404 0.042683 0.051193 0.063008
1 0.102386 0.390244 0.175944 0.151423
1 0.179920 0.466463 0.205765 0.180894
1 0.764414 0.066057 0.104374 0.063008
1 0.768390 0.088415 0.092445 0.072154
2 0.529821 0.254065 0.128231 0.125000
1 0.517893 0.354675 0.171968 0.132114
3 0.403579 0.091717 0.412525 0.183435
1 0.834990 0.151423 0.118290 0.079268
1 0.731610 0.272358 0.119284 0.117886
2 0.845924 0.200203 0.124254 0.120935
1 0.535785 0.053862 0.092445 0.072154
1 0.974155 0.115854 0.051690 0.089431
1 0.955517 0.224593 0.088966 0.108740
1 0.057903 0.274390 0.115805 0.112805
