1 0.685540 0.993671 0.331882 0.012658
0 0.587108 0.767932 0.327526 0.359705
1 0.286585 0.181435 0.105401 0.105485
1 0.399826 0.221519 0.108014 0.087553
1 0.563589 0.265823 0.122822 0.122363
0 0.743031 0.245781 0.168118 0.162447
1 0.575784 0.214135 0.108885 0.087553
1 0.446864 0.189873 0.101045 0.092827
1 0.332753 0.159283 0.081010 0.080169
1 0.571429 0.130802 0.086237 0.077004
1 0.689895 0.165612 0.114112 0.109705
2 0.854530 0.207806 0.153310 0.200422
1 0.986280 0.252110 0.027439 0.089662
1 0.990418 0.311181 0.019164 0.100211
1 0.759582 0.429325 0.150697 0.157173
