1 0.997611 0.460285 0.004777 0.174134
1 0.325902 0.015530 0.045648 0.031059
1 0.841826 0.147658 0.071125 0.103870
1 0.389597 0.064155 0.052017 0.077393
1 0.285563 0.094705 0.067940 0.089613
1 0.201699 0.060081 0.062633 0.077393
1 0.713376 0.127291 0.069002 0.108961
1 0.607219 0.128310 0.064756 0.105906
1 0.719745 0.024695 0.047771 0.049389
1 0.166667 0.017312 0.052017 0.034623
1 0.667728 0.051935 0.049894 0.082485
2 0.283439 0.480652 0.113588 0.219959
1 0.070860 0.497963 0.141720 0.188391
1 0.045382 0.269857 0.090764 0.121181
