0 0.664147 0.102484 0.103672 0.139752
1 0.413607 0.463768 0.167387 0.203934
1 0.252700 0.234990 0.070194 0.130435
2 0.152268 0.331263 0.086393 0.203934
1 0.169546 0.136646 0.064795 0.098344
2 0.325054 0.585921 0.182505 0.286749
1 0.847732 0.626294 0.276458 0.255694
1 0.159827 0.065217 0.048596 0.075569
1 0.147948 0.007764 0.055076 0.015528
1 0.292657 0.010093 0.038877 0.020186
1 0.223542 0.030538 0.042117 0.061077
1 0.327214 0.090062 0.059395 0.095238
1 0.390929 0.270186 0.102592 0.159420
1 0.035637 0.043478 0.071274 0.056936
1 0.057235 0.070393 0.083153 0.064182
1 0.389849 0.018375 0.047516 0.036749
1 0.333693 0.016304 0.042117 0.032609
