1 0.838165 0.692557 0.323669 0.264563
3 0.793013 0.486246 0.413973 0.429612
1 0.426806 0.411812 0.181559 0.148058
1 0.170152 0.341424 0.132129 0.099515
1 0.041825 0.295307 0.083650 0.096278
2 0.873812 0.406958 0.252376 0.212783
1 0.603612 0.356796 0.170152 0.135922
1 0.417300 0.305016 0.154943 0.120550
1 0.267110 0.275081 0.122624 0.088188
1 0.162548 0.262136 0.094106 0.078479
1 0.078897 0.241909 0.071293 0.063107
1 0.024002 0.236246 0.048004 0.071197
1 0.973622 0.288026 0.052757 0.124595
1 0.939401 0.358414 0.121198 0.144013
1 0.753802 0.305016 0.187262 0.128641
1 0.379278 0.207120 0.109316 0.086570
1 0.212928 0.221683 0.087452 0.072816
3 0.926093 0.147249 0.147814 0.190129
1 0.607414 0.160194 0.120722 0.076861
1 0.392586 0.145631 0.091255 0.063107
1 0.706274 0.137540 0.113118 0.074434
1 0.249049 0.142395 0.076046 0.055825
1 0.415399 0.114078 0.082700 0.061489
1 0.124525 0.137540 0.061787 0.053398
1 0.292776 0.116505 0.073194 0.053398
