1 0.593126 0.606195 0.245011 0.224779
1 0.777162 0.396460 0.147450 0.128319
2 0.041851 0.493805 0.083703 0.261947
1 0.277162 0.424779 0.229490 0.165487
2 0.497783 0.350442 0.168514 0.161947
1 0.672949 0.324779 0.150776 0.115044
3 0.842572 0.256637 0.261641 0.191150
1 0.961197 0.256637 0.077605 0.079646
1 0.991962 0.243363 0.016075 0.071681
2 0.011086 0.407080 0.022173 0.228319
1 0.194013 0.354867 0.200665 0.148673
1 0.409091 0.288496 0.177384 0.125664
1 0.299335 0.208850 0.133038 0.100885
1 0.628603 0.254867 0.133038 0.102655
1 0.403548 0.241593 0.155211 0.100885
1 0.813747 0.216814 0.076497 0.077876
1 0.937916 0.165487 0.044346 0.058407
1 0.055710 0.144248 0.111419 0.088496
1 0.222838 0.130973 0.133038 0.084071
3 0.436807 0.084956 0.273836 0.142478
1 0.056818 0.109735 0.113636 0.079646
1 0.207317 0.096460 0.124168 0.073451
1 0.440133 0.089381 0.083149 0.062832
1 0.613082 0.113274 0.089800 0.061062
1 0.594235 0.086726 0.078714 0.052212
1 0.710643 0.107080 0.069845 0.061062
1 0.692905 0.084071 0.065410 0.050442
1 0.783814 0.104425 0.060976 0.046018
1 0.748337 0.076106 0.058758 0.050442
