1 0.264398 0.931746 0.189354 0.136508
2 0.306283 0.500794 0.103839 0.223809
1 0.192845 0.034921 0.027923 0.037302
1 0.324607 0.290476 0.072426 0.112698
1 0.457243 0.114286 0.039267 0.065873
2 0.375218 0.142857 0.052356 0.101587
1 0.166667 0.384127 0.105585 0.148413
2 0.167539 0.065873 0.046248 0.067460
1 0.444154 0.275397 0.060209 0.101587
1 0.397033 0.102381 0.032286 0.064286
1 0.116928 0.119841 0.060209 0.071429
1 0.296684 0.110317 0.052356 0.079365
1 0.428447 0.049206 0.031414 0.049206
1 0.013962 0.247619 0.027923 0.111111
3 0.536649 0.471429 0.198080 0.479365
