1 0.667355 0.357143 0.194215 0.166295
1 0.241736 0.242187 0.110537 0.111607
3 0.690857 0.649275 0.618285 0.701451
0 0.258264 0.398437 0.230372 0.347098
1 0.105372 0.395089 0.120868 0.145089
1 0.032283 0.331473 0.064566 0.132813
1 0.984762 0.385045 0.030475 0.195312
1 0.771694 0.306920 0.203512 0.169643
3 0.480372 0.183036 0.350207 0.270089
3 0.784091 0.162946 0.428719 0.309152
1 0.253099 0.188616 0.090909 0.100446
3 0.321281 0.118304 0.247934 0.198661
1 0.165289 0.181920 0.090909 0.092634
3 0.102789 0.088170 0.205579 0.135045
2 0.894112 0.560268 0.211777 0.325893
1 0.608471 0.474330 0.214876 0.208705
2 0.404959 0.376116 0.155992 0.200893
1 0.240702 0.347098 0.139463 0.145089
3 0.100723 0.255580 0.201446 0.245536
