2 0.060714 0.377528 0.121429 0.178652
1 0.300952 0.287640 0.114286 0.108989
1 0.469524 0.229213 0.076190 0.091011
1 0.429524 0.314607 0.084762 0.114607
2 0.107143 0.869382 0.214286 0.261236
1 0.335238 0.746067 0.191429 0.250562
3 0.574286 0.355056 0.223810 0.295506
1 0.267619 0.625843 0.198095 0.207865
1 0.526667 0.574157 0.129524 0.178652
2 0.074048 0.715730 0.148095 0.285393
1 0.087857 0.586517 0.175714 0.196629
1 0.290476 0.458427 0.149524 0.149438
1 0.690476 0.400000 0.084762 0.141573
1 0.618095 0.484270 0.095238 0.138202
1 0.425714 0.378652 0.100000 0.149438
1 0.692381 0.313483 0.048571 0.082022
1 0.740952 0.283146 0.049524 0.082022
1 0.751429 0.357303 0.054286 0.095506
