0 0.351476 0.791489 0.344096 0.358511
1 0.117159 0.089362 0.083948 0.065957
1 0.137454 0.111702 0.082103 0.077660
2 0.768450 0.412766 0.140221 0.176596
1 0.749078 0.512766 0.178044 0.165957
3 0.432657 0.113830 0.349631 0.178723
1 0.436347 0.254255 0.110701 0.095745
1 0.530443 0.397872 0.124539 0.165957
2 0.519373 0.318085 0.137454 0.134043
1 0.333026 0.096809 0.089483 0.080851
1 0.249077 0.201064 0.100553 0.097872
1 0.322878 0.331915 0.137454 0.136170
1 0.704797 0.241489 0.131919 0.077660
1 0.082103 0.168085 0.083948 0.075532
3 0.882611 0.175532 0.234779 0.186170
1 0.049585 0.270213 0.099170 0.106383
2 0.048432 0.194681 0.096863 0.103191
1 0.842251 0.154255 0.089483 0.077660
1 0.982242 0.326596 0.035517 0.093617
