1 0.875000 0.962043 0.204380 0.075914
1 0.368613 0.701113 0.178832 0.184420
1 0.185219 0.555644 0.110401 0.126391
1 0.090328 0.484897 0.091241 0.090620
1 0.033303 0.437997 0.066606 0.090620
3 0.076870 0.356121 0.153741 0.143084
1 0.153285 0.441176 0.086679 0.088235
3 0.416971 0.551669 0.481752 0.418124
3 0.850365 0.784579 0.299270 0.430843
1 0.503650 0.469793 0.126825 0.112878
1 0.371350 0.414149 0.105839 0.086645
3 0.332117 0.330684 0.190693 0.163752
1 0.506387 0.407790 0.110401 0.094595
1 0.676095 0.463434 0.143248 0.116852
1 0.891423 0.532591 0.178832 0.141494
3 0.972628 0.460254 0.054744 0.214626
1 0.770985 0.434022 0.142336 0.105723
1 0.577555 0.382353 0.105839 0.094595
3 0.435219 0.313990 0.196168 0.151033
