1 0.646199 0.092241 0.043860 0.061207
1 0.708577 0.103448 0.043860 0.056897
1 0.680312 0.154310 0.049708 0.065517
1 0.724172 0.218103 0.066277 0.098276
1 0.633528 0.268103 0.073099 0.106034
1 0.850877 0.269828 0.082846 0.112069
1 0.823587 0.439655 0.132554 0.186207
1 0.753411 0.743103 0.201754 0.300000
1 0.996589 0.743103 0.006823 0.249138
1 0.263158 0.214655 0.065302 0.079310
1 0.244639 0.617241 0.159844 0.218965
1 0.332359 0.231034 0.063353 0.087931
1 0.313840 0.346552 0.100390 0.126724
2 0.420078 0.142241 0.047758 0.087931
1 0.496101 0.131897 0.049708 0.062931
1 0.398635 0.094828 0.036062 0.053448
