0 0.827292 0.142857 0.102345 0.154412
1 0.996002 0.637605 0.007996 0.303571
1 0.894456 0.525210 0.114072 0.211134
1 0.871002 0.358193 0.093817 0.159664
1 0.898721 0.234244 0.088486 0.141807
1 0.953092 0.162815 0.067164 0.109244
1 0.987473 0.107143 0.025053 0.092437
1 0.911247 0.888393 0.177505 0.223214
1 0.231343 0.193277 0.127932 0.092437
1 0.562900 0.021008 0.079957 0.042017
1 0.463753 0.881040 0.329424 0.237920
2 0.277185 0.073529 0.081023 0.074580
1 0.920043 0.027311 0.090618 0.054622
1 0.034382 0.903624 0.068763 0.192752
