0 0.599515 0.182630 0.158576 0.178571
1 0.851133 0.153409 0.075243 0.077110
2 0.786408 0.185877 0.081715 0.094156
1 0.586570 0.306006 0.093851 0.103896
2 0.772654 0.133117 0.070388 0.073052
1 0.708738 0.271104 0.075243 0.099838
1 0.056432 0.332792 0.112864 0.125000
1 0.062298 0.420455 0.124595 0.149351
3 0.317961 0.281656 0.332524 0.310065
1 0.238673 0.297078 0.087379 0.105519
1 0.380259 0.435877 0.132686 0.129058
2 0.562298 0.393669 0.093042 0.151786
1 0.155340 0.264610 0.091424 0.094156
1 0.231392 0.197240 0.076861 0.071429
1 0.311489 0.193182 0.060680 0.071429
1 0.389159 0.625812 0.143204 0.176948
1 0.059061 0.867695 0.118123 0.264610
1 0.301780 0.151786 0.058252 0.071429
1 0.381068 0.142857 0.046116 0.063312
