1 0.163793 0.669104 0.300646 0.238574
2 0.037716 0.544790 0.075431 0.270567
1 0.264009 0.473492 0.223060 0.170932
2 0.478448 0.396709 0.163793 0.167276
1 0.647629 0.370201 0.146552 0.118830
3 0.813578 0.299817 0.255388 0.197441
1 0.932112 0.299817 0.081897 0.082267
1 0.975754 0.287020 0.048491 0.074040
2 0.008082 0.454296 0.016164 0.235832
1 0.182112 0.399452 0.195043 0.153565
1 0.391164 0.332724 0.172414 0.129799
1 0.570043 0.302559 0.139009 0.108775
1 0.712284 0.282450 0.094828 0.084095
1 0.842672 0.244058 0.081897 0.071298
1 0.051185 0.182815 0.102371 0.088665
1 0.210129 0.170018 0.129310 0.088665
3 0.418103 0.122486 0.266164 0.147166
1 0.050108 0.147166 0.100216 0.082267
1 0.197198 0.130713 0.120690 0.075868
1 0.397629 0.125229 0.082974 0.064899
1 0.589440 0.151737 0.089440 0.064899
1 0.566810 0.125229 0.073276 0.053931
1 0.684267 0.144424 0.065733 0.063071
1 0.660560 0.123400 0.067888 0.052102
1 0.757543 0.141682 0.060345 0.047532
1 0.716595 0.112431 0.059267 0.050274
