2 0.619508 0.540783 0.099297 0.259380
1 0.874341 0.637847 0.169596 0.259380
1 0.635325 0.249592 0.062390 0.102773
1 0.754833 0.036705 0.032513 0.044861
1 0.777680 0.060359 0.035149 0.057912
1 0.594025 0.376835 0.104569 0.125612
1 0.832162 0.100326 0.050088 0.069331
1 0.700351 0.176183 0.053603 0.081566
1 0.612478 0.113377 0.043058 0.063622
1 0.887522 0.128874 0.059754 0.073409
1 0.776801 0.111746 0.051845 0.071778
1 0.888401 0.073409 0.048330 0.052202
1 0.604569 0.068515 0.032513 0.046493
1 0.664323 0.074225 0.035149 0.056281
1 0.928822 0.240620 0.077329 0.100326
1 0.987258 0.184339 0.025483 0.077488
3 0.531634 0.128059 0.074692 0.163948
