2 0.232021 0.515399 0.143836 0.227355
3 0.156678 0.318841 0.253425 0.264493
2 0.841610 0.466486 0.220034 0.268116
1 0.581336 0.394928 0.177226 0.167572
2 0.411815 0.320652 0.129281 0.169384
1 0.276541 0.294384 0.116438 0.117754
3 0.144692 0.223732 0.199486 0.195652
1 0.051370 0.225543 0.065925 0.081522
2 0.883776 0.381341 0.232449 0.242754
1 0.579623 0.298913 0.144692 0.137681
1 0.270548 0.210145 0.099315 0.105072
0 0.139555 0.093297 0.078767 0.120471
1 0.929795 0.130435 0.136986 0.107790
1 0.770548 0.109601 0.122432 0.094203
1 0.624144 0.096014 0.103596 0.083333
3 0.456336 0.061141 0.211473 0.122283
1 0.992295 0.100543 0.015411 0.086051
1 0.889555 0.086957 0.130137 0.081522
1 0.725171 0.070652 0.106164 0.079710
1 0.595034 0.051630 0.091610 0.076993
1 0.369007 0.053442 0.055651 0.062500
1 0.323630 0.074275 0.069349 0.064312
1 0.298801 0.051630 0.059075 0.047101
1 0.244007 0.070652 0.054795 0.051630
1 0.217466 0.046196 0.043664 0.045290
1 0.172089 0.069746 0.041096 0.049819
