2 0.940972 0.257353 0.118056 0.212185
1 0.570313 0.125000 0.072917 0.096639
3 0.543403 0.038603 0.141493 0.077206
1 0.730035 0.067227 0.065104 0.081933
1 0.688368 0.043067 0.065104 0.074580
1 0.816840 0.025473 0.049479 0.050945
1 0.392361 0.113445 0.089410 0.069328
1 0.238715 0.003676 0.068576 0.007353
1 0.280382 0.194328 0.108507 0.105042
3 0.657986 0.786765 0.684028 0.426471
1 0.863715 0.002626 0.063368 0.005252
1 0.407118 0.168067 0.086806 0.092437
1 0.123264 0.292017 0.136285 0.136555
3 0.053168 0.777311 0.106337 0.445378
1 0.316840 0.705882 0.197917 0.209034
