1 0.381637 0.655462 0.244469 0.256302
3 0.842367 0.438025 0.315266 0.330882
2 0.050608 0.616597 0.101217 0.314076
1 0.293142 0.533613 0.228982 0.194328
2 0.513274 0.448529 0.167035 0.199580
1 0.688053 0.418067 0.150442 0.136555
3 0.859513 0.337185 0.256637 0.226891
1 0.967644 0.337185 0.064712 0.094538
1 0.052821 0.501050 0.105642 0.211134
1 0.565265 0.240546 0.109513 0.089286
2 0.619469 0.330882 0.150442 0.129202
1 0.932522 0.256303 0.067478 0.069328
1 0.064436 0.203782 0.128872 0.112395
1 0.238938 0.189076 0.133850 0.096639
3 0.456858 0.130252 0.273230 0.176471
1 0.016316 0.172269 0.032633 0.101891
1 0.134956 0.151261 0.140487 0.094538
1 0.293142 0.130252 0.109513 0.087185
1 0.628319 0.129202 0.071903 0.074580
1 0.681416 0.161765 0.082965 0.067227
1 0.743363 0.130252 0.076327 0.057773
1 0.797566 0.152311 0.061947 0.054622
