1 0.796015 0.192547 0.056926 0.100414
1 0.429791 0.052795 0.033207 0.068323
1 0.500000 0.014752 0.027514 0.029503
1 0.370019 0.084886 0.038899 0.075569
1 0.383302 0.143892 0.059772 0.098344
1 0.775142 0.536232 0.105313 0.191511
1 0.888994 0.484472 0.112903 0.159420
1 0.587287 0.184265 0.050285 0.107660
1 0.299810 0.185300 0.067362 0.105590
1 0.676471 0.177019 0.054080 0.100414
1 0.617647 0.059006 0.035104 0.064182
1 0.562619 0.103520 0.044592 0.068323
1 0.285579 0.400621 0.103416 0.161491
1 0.077799 0.489648 0.129032 0.189441
1 0.582543 0.043478 0.031309 0.051760
1 0.638520 0.025880 0.027514 0.051760
3 0.379507 0.035714 0.065465 0.071429
