1 0.081357 0.357484 0.162713 0.115446
1 0.304554 0.291401 0.135674 0.105892
2 0.436433 0.245223 0.114801 0.090764
1 0.555977 0.215764 0.083491 0.067675
1 0.638520 0.197452 0.067362 0.062102
1 0.944023 0.337580 0.069260 0.090764
1 0.567362 0.251592 0.090133 0.075637
2 0.186907 0.728503 0.330171 0.332006
1 0.471537 0.562898 0.188804 0.175159
3 0.710626 0.285032 0.222960 0.210987
1 0.049336 0.530255 0.098672 0.175159
1 0.405123 0.484076 0.201138 0.145701
1 0.663188 0.447452 0.139469 0.128185
2 0.181214 0.547771 0.211575 0.209395
1 0.032970 0.699045 0.065939 0.156847
1 0.251423 0.438694 0.188804 0.130573
1 0.427894 0.363854 0.147059 0.111465
1 0.828273 0.323248 0.083491 0.097930
1 0.753321 0.379777 0.093928 0.097930
1 0.568311 0.306529 0.110057 0.109076
1 0.823529 0.258758 0.053131 0.060510
1 0.875712 0.238854 0.048387 0.054936
1 0.885199 0.290605 0.055977 0.071656
