3 0.921157 0.307087 0.157686 0.175197
1 0.840989 0.396654 0.084806 0.112205
3 0.511484 0.596457 0.543286 0.573819
3 0.667845 0.262795 0.183746 0.172244
1 0.502650 0.359252 0.108657 0.109252
1 0.329505 0.427165 0.143993 0.134843
1 0.129859 0.497047 0.179329 0.163386
3 0.009496 0.415354 0.018993 0.247047
1 0.217314 0.394685 0.147526 0.124016
1 0.429329 0.326772 0.101590 0.107283
3 0.573322 0.241142 0.188163 0.172244
1 0.158127 0.996309 0.237632 0.007382
1 0.030256 0.307087 0.060512 0.079724
1 0.914311 0.448819 0.085689 0.117126
