1 0.457168 0.090389 0.069930 0.067506
2 0.601399 0.116705 0.079545 0.083524
1 0.629371 0.160183 0.076049 0.065217
1 0.756119 0.168192 0.076049 0.067506
1 0.778846 0.204805 0.083042 0.073227
1 0.864510 0.213959 0.076923 0.070938
1 0.934441 0.250572 0.095280 0.075515
0 0.364510 0.262014 0.081294 0.168192
1 0.057474 0.885870 0.114948 0.228261
1 0.242133 0.694508 0.130245 0.279176
1 0.324301 0.483982 0.076923 0.170481
1 0.260490 0.303204 0.067308 0.124714
1 0.230769 0.208238 0.056818 0.102975
1 0.201923 0.154462 0.046329 0.086957
1 0.333042 0.960240 0.289336 0.079519
1 0.948208 0.345538 0.103584 0.108696
1 0.402098 0.149886 0.073427 0.081236
1 0.946241 0.936499 0.107517 0.127002
1 0.298077 0.115561 0.079546 0.075515
