1 0.885602 0.610727 0.133136 0.180796
1 0.743590 0.645329 0.142012 0.197232
1 0.293886 0.250865 0.063116 0.076125
1 0.381657 0.226644 0.052268 0.067474
1 0.243590 0.197232 0.056213 0.063149
1 0.377712 0.313149 0.070020 0.096021
2 0.892505 0.416955 0.117357 0.161765
2 0.937870 0.299308 0.085799 0.115052
1 0.815582 0.289792 0.075937 0.086505
1 0.221893 0.322664 0.070020 0.092561
1 0.618343 0.298443 0.066075 0.104671
1 0.165681 0.267301 0.077909 0.094291
1 0.684418 0.240484 0.052268 0.079585
1 0.183432 0.481834 0.106509 0.143599
1 0.097633 0.226644 0.068047 0.070069
1 0.583826 0.203287 0.044379 0.073529
2 0.280079 0.655709 0.134122 0.242215
1 0.772189 0.164360 0.047337 0.055363
