0 0.582341 0.607895 0.373016 0.282456
1 0.857143 0.054386 0.100198 0.060526
1 0.881944 0.038596 0.082341 0.060526
3 0.197669 0.168421 0.395337 0.203509
3 0.025050 0.314912 0.050099 0.292982
1 0.807540 0.051754 0.088294 0.064035
1 0.736111 0.072807 0.086309 0.071053
1 0.679563 0.068421 0.090278 0.066667
1 0.556548 0.079825 0.087302 0.057895
1 0.536706 0.103509 0.111111 0.074561
1 0.583333 0.064035 0.094246 0.062281
1 0.353175 0.067544 0.103175 0.056140
1 0.381944 0.100000 0.127976 0.089474
1 0.058036 0.471930 0.116071 0.164035
1 0.943452 0.026316 0.080357 0.052632
1 0.065228 0.359649 0.130456 0.114035
1 0.361111 0.119298 0.082341 0.089474
1 0.198413 0.102632 0.111111 0.068421
1 0.370040 0.378070 0.199405 0.135088
1 0.119048 0.100877 0.127976 0.087719
3 0.693452 0.100877 0.376984 0.183333
