1 0.773083 0.543967 0.108764 0.213701
1 0.654147 0.067485 0.040689 0.074642
1 0.593897 0.086912 0.041471 0.077710
1 0.388889 0.005624 0.031299 0.011247
1 0.269953 0.028885 0.039906 0.057771
2 0.203443 0.021217 0.040689 0.042434
1 0.381064 0.060327 0.040689 0.082822
1 0.296557 0.084867 0.041471 0.082822
1 0.210485 0.096115 0.050861 0.094070
1 0.338028 0.260736 0.058685 0.128834
1 0.154147 0.205521 0.065728 0.111452
1 0.226135 0.320041 0.071987 0.125767
2 0.262128 0.743354 0.131455 0.290388
1 0.031299 0.252556 0.062598 0.120654
