1 0.723735 0.476285 0.213035 0.168972
1 0.418288 0.395257 0.162451 0.143281
1 0.201362 0.340909 0.125486 0.114624
3 0.625486 0.685524 0.718872 0.628953
0 0.149805 0.459486 0.216926 0.307312
1 0.031372 0.456522 0.062743 0.128458
1 0.909776 0.447628 0.180448 0.172925
1 0.633269 0.378459 0.191634 0.150198
1 0.957198 0.377470 0.085603 0.154150
3 0.358949 0.268775 0.329767 0.239130
3 0.644942 0.250988 0.403696 0.273715
1 0.144942 0.273715 0.085603 0.088933
3 0.209144 0.211462 0.233463 0.175889
1 0.062257 0.267787 0.085603 0.082016
3 0.050097 0.184783 0.100195 0.119565
2 0.773346 0.602767 0.249027 0.288538
1 0.479572 0.526680 0.202335 0.184783
2 0.287938 0.439723 0.146887 0.177866
1 0.133268 0.414032 0.131323 0.128458
3 0.048152 0.333004 0.096303 0.217391
