1 0.475926 0.410633 0.134259 0.240950
1 0.326852 0.201357 0.085185 0.128959
1 0.204630 0.066742 0.069444 0.085973
1 0.980556 0.953620 0.038889 0.092760
1 0.467593 0.245475 0.097222 0.131222
1 0.354630 0.128959 0.081482 0.113122
1 0.913889 0.615385 0.172222 0.273756
1 0.560185 0.131222 0.091667 0.096154
1 0.492593 0.080317 0.084259 0.082579
1 0.429630 0.033937 0.063889 0.067873
1 0.377778 0.020928 0.062963 0.041855
1 0.658333 0.191176 0.108333 0.117647
1 0.817593 0.222851 0.122222 0.104072
1 0.679630 0.157240 0.096296 0.104072
1 0.576852 0.101810 0.082407 0.096154
2 0.508333 0.035351 0.069444 0.070701
1 0.434259 0.017817 0.062963 0.035633
1 0.493519 0.013292 0.059259 0.026584
1 0.601852 0.260181 0.115741 0.154977
1 0.960648 0.323529 0.078704 0.154977
1 0.773148 0.281674 0.132407 0.117647
1 0.395370 0.075792 0.077778 0.109728
1 0.103009 0.645928 0.206019 0.209276
1 0.259259 0.020362 0.073148 0.040724
1 0.936574 0.390272 0.126852 0.142534
1 0.564815 0.035068 0.073148 0.070136
1 0.200926 0.028846 0.069444 0.057692
1 0.661111 0.096154 0.092593 0.074661
1 0.120370 0.003111 0.067593 0.006222
