3 0.314308 0.632407 0.628616 0.621296
0 0.752066 0.404630 0.230372 0.287963
1 0.904959 0.401852 0.120868 0.120370
1 0.973657 0.357407 0.052686 0.102778
1 0.021694 0.392593 0.043388 0.166667
1 0.236570 0.330556 0.202479 0.137963
3 0.529959 0.225926 0.350207 0.224074
3 0.226240 0.209259 0.428719 0.256481
1 0.757231 0.237037 0.089876 0.081481
3 0.689050 0.172222 0.247934 0.164815
1 0.845041 0.225000 0.090909 0.076852
3 0.902376 0.147222 0.195248 0.112037
2 0.111054 0.538889 0.222108 0.270370
1 0.401860 0.467593 0.214876 0.173148
2 0.605372 0.386111 0.155992 0.166667
1 0.769628 0.362037 0.139463 0.120370
3 0.904442 0.286111 0.191116 0.203704
