1 0.251736 0.008333 0.037326 0.016667
1 0.315104 0.025000 0.033854 0.050000
1 0.189236 0.011290 0.035590 0.022581
1 0.296007 0.083871 0.040799 0.083871
1 0.211806 0.070968 0.046007 0.087097
1 0.692708 0.501075 0.105035 0.191398
1 0.972656 0.509677 0.054688 0.206452
1 0.669271 0.211828 0.066840 0.117204
1 0.528646 0.409677 0.087674 0.176344
1 0.131076 0.016398 0.042535 0.032796
1 0.265625 0.192473 0.055556 0.098925
1 0.772569 0.208602 0.072049 0.117204
1 0.563368 0.175269 0.059028 0.111828
2 0.136285 0.269892 0.070313 0.163441
2 0.216146 0.491398 0.105035 0.236559
1 0.031901 0.250538 0.063802 0.130108
1 0.044488 0.504301 0.088976 0.198925
1 0.502604 0.027957 0.035590 0.055914
1 0.001302 0.182796 0.002604 0.115054
1 0.430556 0.009140 0.034722 0.018280
