1 0.776749 0.231029 0.044239 0.052277
1 0.848765 0.220911 0.049383 0.061551
2 0.918724 0.209949 0.040123 0.061551
2 0.523663 0.468803 0.075103 0.147555
2 0.177984 0.415683 0.086420 0.123946
1 0.895062 0.305228 0.061728 0.071669
1 0.980195 0.209106 0.039609 0.058179
2 0.838477 0.419056 0.105967 0.183811
1 0.957819 0.405565 0.079218 0.103710
1 0.992541 0.305228 0.014918 0.077572
1 0.478395 0.318718 0.058642 0.074199
1 0.583333 0.313659 0.058642 0.075885
1 0.400206 0.295110 0.057613 0.069983
1 0.458848 0.231872 0.049383 0.052277
