1 0.629915 0.064202 0.030769 0.055447
1 0.624786 0.159533 0.045299 0.082685
3 0.728205 0.107977 0.109402 0.163424
1 0.182906 0.357004 0.088034 0.156615
1 0.329060 0.263619 0.053846 0.110895
1 0.276068 0.195525 0.064957 0.101167
3 0.267521 0.101167 0.110256 0.186770
1 0.801709 0.259728 0.065812 0.104086
1 0.681197 0.364786 0.062393 0.136187
1 0.429915 0.863570 0.108547 0.272860
1 0.496581 0.064202 0.033333 0.062257
1 0.847863 0.487354 0.102564 0.147860
2 0.941880 0.319066 0.108547 0.159533
1 0.388034 0.093385 0.033333 0.067121
1 0.401709 0.038911 0.027350 0.057393
