1 0.913194 0.698630 0.173611 0.251712
1 0.710069 0.488870 0.085937 0.164384
0 0.665799 0.219178 0.079861 0.117295
1 0.742188 0.332192 0.077257 0.127569
1 0.453993 0.098459 0.034722 0.042808
1 0.407118 0.107877 0.038194 0.042808
1 0.430556 0.085616 0.032118 0.038527
1 0.476563 0.079623 0.031250 0.038527
1 0.615451 0.076199 0.042535 0.044521
1 0.523438 0.107021 0.047743 0.047089
2 0.596354 0.114726 0.054688 0.066781
1 0.453993 0.069349 0.030382 0.036815
1 0.018446 0.244007 0.036892 0.065068
1 0.544271 0.120719 0.051215 0.048801
1 0.432292 0.158390 0.065104 0.059075
1 0.348090 0.375856 0.125868 0.130137
1 0.308160 0.258562 0.100694 0.093322
1 0.121528 0.197774 0.084201 0.077055
1 0.060764 0.187500 0.065104 0.059075
1 0.272569 0.102740 0.049479 0.047089
2 0.362847 0.090753 0.041667 0.047089
1 0.188368 0.293664 0.097222 0.087329
1 0.112847 0.398973 0.138889 0.125856
