1 0.360177 0.850288 0.077876 0.149712
1 0.435398 0.756238 0.071681 0.116123
1 0.422124 0.575816 0.057522 0.072937
1 0.476991 0.569098 0.061062 0.091171
1 0.358407 0.647793 0.052212 0.095969
1 0.524779 0.968570 0.099115 0.062860
3 0.830973 0.876440 0.338053 0.247121
1 0.737168 0.817658 0.070796 0.142994
1 0.609734 0.709213 0.059292 0.136276
1 0.503540 0.667946 0.068142 0.104606
1 0.632743 0.595010 0.050442 0.081574
1 0.691150 0.657390 0.056637 0.104606
3 0.588496 0.520154 0.088496 0.149712
1 0.701770 0.550864 0.046018 0.091171
1 0.730973 0.516315 0.036283 0.059501
3 0.675221 0.469290 0.078761 0.111324
