1 0.399795 0.111213 0.074642 0.045956
2 0.455010 0.097426 0.082822 0.065257
1 0.524540 0.132353 0.098159 0.056985
2 0.577710 0.116728 0.085890 0.058824
1 0.634969 0.159926 0.093047 0.060662
1 0.706544 0.151654 0.088957 0.052390
1 0.747444 0.179228 0.094070 0.050551
1 0.816973 0.180147 0.082822 0.043199
1 0.954243 0.218750 0.091513 0.058824
0 0.218814 0.221507 0.095092 0.122243
1 0.968558 0.311581 0.062883 0.089154
1 0.124489 0.738051 0.248977 0.224265
1 0.150562 0.872472 0.301125 0.255055
1 0.596115 0.730699 0.293456 0.211397
1 0.155419 0.522059 0.119632 0.213235
1 0.156442 0.386949 0.093047 0.146140
1 0.114519 0.304228 0.076687 0.125919
1 0.089980 0.252757 0.073620 0.106618
1 0.049080 0.193015 0.065440 0.084559
1 0.028630 0.158088 0.057260 0.080882
1 0.018405 0.129596 0.036810 0.069853
1 0.612474 0.889476 0.327198 0.221048
1 0.348671 0.141544 0.098160 0.065257
1 0.976994 0.756434 0.046012 0.160846
