1 0.041951 0.960322 0.083901 0.079357
1 0.346678 0.955135 0.254685 0.089730
1 0.840716 0.983402 0.318569 0.033195
0 0.643952 0.684647 0.320273 0.346473
1 0.791312 0.143154 0.114991 0.113071
1 0.941014 0.192946 0.117973 0.125519
1 0.867121 0.120332 0.108177 0.105809
1 0.716354 0.071577 0.095400 0.103734
1 0.602215 0.052905 0.085179 0.091286
1 0.494037 0.032936 0.074106 0.065871
1 0.419080 0.021525 0.060477 0.043050
1 0.375639 0.008299 0.041738 0.016598
1 0.381601 0.119295 0.094549 0.098548
1 0.847530 0.379668 0.172913 0.170124
