1 0.370704 0.001754 0.026187 0.003507
1 0.356792 0.037074 0.028642 0.040080
1 0.654664 0.161323 0.059738 0.095190
1 0.550736 0.158317 0.051555 0.100200
1 0.479542 0.123247 0.046645 0.090180
1 0.360065 0.078156 0.039280 0.078156
1 0.256137 0.222445 0.062193 0.119238
1 0.488543 0.020040 0.029460 0.040080
1 0.348609 0.259519 0.072831 0.135271
1 0.463993 0.058116 0.032733 0.071142
2 0.509820 0.011022 0.031915 0.022044
1 0.197218 0.404810 0.097381 0.197395
1 0.323241 0.414830 0.097381 0.194389
1 0.452537 0.011774 0.025368 0.023547
1 0.069149 0.781563 0.138298 0.299599
3 0.087152 0.283567 0.174304 0.375752
3 0.305237 0.095441 0.087561 0.190882
