1 0.800377 0.178571 0.037665 0.052721
1 0.768362 0.224490 0.045198 0.062075
1 0.287194 0.692177 0.146893 0.205782
1 0.059557 0.750000 0.119115 0.207483
1 0.217514 0.530612 0.112994 0.142857
1 0.243879 0.363095 0.075330 0.086735
1 0.795669 0.314626 0.055555 0.080782
1 0.927495 0.247449 0.056497 0.064626
1 0.917138 0.367347 0.067797 0.090986
1 0.797552 0.416667 0.066855 0.094388
1 0.405838 0.292517 0.061205 0.086735
1 0.999529 0.392857 0.000942 0.094388
1 0.856874 0.624150 0.106403 0.153061
1 0.992232 0.596939 0.015537 0.148810
1 0.547081 0.215136 0.040490 0.056122
1 0.419021 0.197279 0.036723 0.056122
1 0.501883 0.184524 0.034840 0.052721
1 0.628060 0.178571 0.036723 0.052721
