1 0.448217 0.357143 0.087436 0.157468
1 0.486418 0.634740 0.129032 0.286526
1 0.449066 0.913961 0.182513 0.172078
1 0.679966 0.091721 0.053481 0.081169
0 0.579796 0.038961 0.063667 0.077922
1 0.041384 0.237825 0.082767 0.133117
1 0.421053 0.057630 0.058574 0.077110
1 0.696944 0.163149 0.088285 0.092532
1 0.530560 0.124188 0.058574 0.090097
1 0.172326 0.224838 0.089134 0.133117
1 0.782683 0.271916 0.117997 0.133117
0 0.252122 0.275974 0.157046 0.315747
3 0.185059 0.076502 0.117997 0.153003
1 0.770798 0.457792 0.150255 0.198052
1 0.089134 0.131494 0.072156 0.086851
1 0.735993 0.799513 0.250424 0.400974
1 0.956918 0.622565 0.086163 0.232955
1 0.286078 0.055195 0.039898 0.056006
1 0.347199 0.056006 0.037351 0.056006
1 0.256367 0.107955 0.044992 0.063312
