1 0.458258 0.509539 0.058984 0.058029
1 0.518149 0.507154 0.062613 0.075517
1 0.397459 0.575517 0.060799 0.079491
1 0.630672 0.981717 0.116152 0.036566
3 0.239791 0.824324 0.479583 0.351351
1 0.470962 0.551669 0.072595 0.067568
1 0.654265 0.877583 0.113430 0.184420
3 0.381125 0.670906 0.203267 0.263911
1 0.901089 0.911765 0.173321 0.176471
1 0.571688 0.521463 0.062613 0.067568
1 0.362976 0.489666 0.093466 0.052464
1 0.581670 0.459459 0.066243 0.056439
1 0.656080 0.543720 0.058076 0.071542
1 0.743194 0.518283 0.058076 0.073132
1 0.659710 0.449126 0.051724 0.054849
1 0.712341 0.476948 0.047187 0.064388
1 0.723230 0.434817 0.040835 0.050874
1 0.610708 0.601749 0.066243 0.094595
1 0.900181 0.750397 0.180581 0.143084
2 0.755898 0.410970 0.039020 0.052464
