1 0.944227 0.718501 0.111546 0.153110
1 0.711350 0.577352 0.156556 0.194577
1 0.642857 0.442584 0.097847 0.126794
0 0.601761 0.263158 0.090998 0.109250
1 0.701566 0.342105 0.079256 0.113238
1 0.361057 0.149123 0.039139 0.041467
1 0.308219 0.157097 0.042074 0.037480
1 0.563601 0.125199 0.045988 0.041467
1 0.502935 0.133174 0.036203 0.030303
1 0.335616 0.138756 0.036203 0.037480
1 0.006605 0.244817 0.013209 0.056619
3 0.426615 0.215311 0.179061 0.213716
1 0.345401 0.191388 0.047945 0.045455
1 0.388454 0.131579 0.032290 0.035885
1 0.100783 0.193780 0.065558 0.045455
1 0.271037 0.272727 0.089041 0.071770
1 0.077299 0.335726 0.112524 0.077352
2 0.087329 0.496013 0.174658 0.169856
1 0.362035 0.119617 0.032290 0.031898
1 0.240704 0.144338 0.049902 0.037480
1 0.008072 0.451356 0.016145 0.096491
