1 0.543210 0.194000 0.097737 0.092000
1 0.467078 0.153000 0.089506 0.081000
1 0.394033 0.109000 0.070988 0.066000
1 0.341564 0.086000 0.061728 0.066000
1 0.653292 0.250000 0.118313 0.100000
1 0.830247 0.275000 0.135802 0.100000
1 0.675926 0.212000 0.101852 0.092000
1 0.561728 0.160000 0.089506 0.076000
2 0.486626 0.106000 0.082305 0.071000
1 0.404321 0.075000 0.069959 0.069000
1 0.463992 0.072000 0.062757 0.064000
1 0.972479 0.367000 0.055041 0.126000
1 0.779835 0.327000 0.145062 0.111000
1 0.945988 0.427000 0.108025 0.137000
1 0.550412 0.115000 0.073045 0.071000
1 0.636831 0.154000 0.079218 0.069000
1 0.967078 0.956000 0.065844 0.088000
2 0.637860 0.435000 0.135802 0.230000
1 0.342593 0.284000 0.091564 0.116000
1 0.095679 0.115000 0.061728 0.090000
