3 0.669988 0.695532 0.660024 0.608936
0 0.195652 0.480924 0.269324 0.312249
1 0.043780 0.477912 0.087560 0.130522
1 0.798309 0.400602 0.236715 0.149598
3 0.455314 0.287149 0.409420 0.242972
3 0.779891 0.269076 0.440217 0.278112
1 0.189613 0.299197 0.105072 0.088353
3 0.269324 0.228916 0.289855 0.178715
1 0.086957 0.286145 0.106280 0.083333
3 0.067029 0.201807 0.134058 0.121486
2 0.907609 0.626506 0.184783 0.293173
1 0.605072 0.549197 0.251208 0.187751
2 0.367150 0.460843 0.182367 0.180723
1 0.175121 0.434739 0.163043 0.130522
3 0.064614 0.352410 0.129227 0.220884
