1 0.415730 0.507389 0.096442 0.238916
1 0.373596 0.855603 0.142322 0.288793
1 0.180712 0.052956 0.051498 0.089901
1 0.935159 0.464286 0.129682 0.268473
1 0.445693 0.055727 0.064607 0.111453
1 0.186330 0.144089 0.077715 0.113301
1 0.341760 0.061576 0.048689 0.108374
1 0.816479 0.514778 0.138577 0.268473
1 0.122659 0.273399 0.124532 0.166256
0 0.793071 0.702278 0.385768 0.595443
3 0.738764 0.135468 0.152622 0.270936
1 0.133895 0.460591 0.124532 0.219212
1 0.852060 0.210591 0.089888 0.146552
1 0.222846 0.663793 0.156367 0.330049
1 0.001639 0.697044 0.003277 0.362069
1 0.616105 0.099754 0.053371 0.113301
1 0.544007 0.120690 0.052434 0.113300
1 0.663858 0.220443 0.055243 0.134236
1 0.027856 0.931342 0.055712 0.137315
1 0.634831 0.033251 0.044007 0.066502
