1 0.443609 0.016335 0.038847 0.032670
1 0.302005 0.018229 0.043860 0.036458
1 0.458647 0.047348 0.050125 0.058712
1 0.369674 0.024858 0.043860 0.049716
1 0.414787 0.106061 0.060150 0.078598
1 0.295739 0.155303 0.076441 0.083333
2 0.205514 0.117424 0.068922 0.089962
1 0.174186 0.047348 0.056391 0.060606
1 0.374687 0.245265 0.086466 0.098485
1 0.895990 0.142045 0.075188 0.091856
1 0.999687 0.191288 0.000627 0.089962
1 0.129073 0.098485 0.061403 0.071970
1 0.176692 0.310606 0.119048 0.121212
1 0.325815 0.371212 0.119048 0.157197
1 0.803258 0.077652 0.055138 0.062500
1 0.630326 0.071970 0.050125 0.065341
1 0.911028 0.067235 0.061404 0.067235
1 0.036028 0.168561 0.072055 0.083333
1 0.021930 0.324811 0.043860 0.107955
2 0.013471 0.209280 0.026942 0.119318
1 0.176692 0.868371 0.244361 0.253788
