1 0.879464 0.182785 0.081250 0.082205
3 0.813393 0.096712 0.272321 0.162476
1 0.797321 0.174081 0.086607 0.082205
2 0.816071 0.208897 0.067857 0.103482
1 0.744643 0.286267 0.089286 0.100580
1 0.587500 0.311412 0.100000 0.112186
1 0.018750 0.392650 0.037500 0.121857
1 0.047991 0.472921 0.095982 0.142166
3 0.479464 0.198259 0.206250 0.231141
1 0.674107 0.368472 0.100000 0.128627
1 0.461607 0.427466 0.122321 0.135397
1 0.131250 0.297872 0.097321 0.118956
1 0.224107 0.305609 0.104464 0.142166
1 0.208036 0.243714 0.082143 0.105416
1 0.566071 0.474855 0.122321 0.150870
1 0.315179 0.566731 0.150000 0.167311
1 0.416964 0.691489 0.145536 0.192456
1 0.121429 0.852998 0.214286 0.245648
1 0.285714 0.168279 0.065179 0.088975
2 0.089062 0.546422 0.178125 0.222437
1 0.365179 0.184720 0.058036 0.088975
