1 0.538549 0.436380 0.136054 0.108423
3 0.375283 0.205197 0.189342 0.139785
1 0.209751 0.306452 0.099773 0.085125
1 0.335601 0.318100 0.103175 0.085125
1 0.085034 0.255376 0.081633 0.059140
1 0.547619 0.307348 0.103175 0.078853
1 0.717687 0.382616 0.141723 0.095878
1 0.162132 0.238351 0.089569 0.059140
1 0.341270 0.264337 0.085034 0.052867
1 0.888889 0.451613 0.173469 0.119176
3 0.209751 0.823477 0.419501 0.353047
1 0.113095 0.818100 0.226190 0.204301
3 0.648526 0.946237 0.702948 0.107527
1 0.990646 0.793011 0.018707 0.184588
1 0.681406 0.817204 0.327664 0.199821
1 0.931973 0.710573 0.136054 0.153226
