1 0.184543 0.120939 0.051262 0.051444
1 0.248423 0.109206 0.044953 0.049639
1 0.298107 0.139892 0.044953 0.051444
1 0.979692 0.379964 0.040615 0.090253
1 0.832019 0.436823 0.125394 0.134477
1 0.936120 0.427798 0.127760 0.144404
1 0.309148 0.181408 0.041798 0.064079
1 0.817823 0.298736 0.104890 0.109206
1 0.614353 0.315884 0.087539 0.107401
1 0.703470 0.317690 0.100158 0.107401
1 0.697161 0.261733 0.085174 0.081227
1 0.694795 0.219314 0.075710 0.079422
2 0.589905 0.194043 0.081230 0.128159
1 0.368297 0.325812 0.054416 0.107401
1 0.611199 0.184116 0.048107 0.064079
1 0.482650 0.214801 0.062303 0.083032
1 0.524448 0.176895 0.046530 0.065884
1 0.264196 0.367329 0.065457 0.109206
1 0.414038 0.520758 0.075710 0.157942
2 0.676656 0.546931 0.123817 0.201264
1 0.224763 0.728339 0.116719 0.263538
1 0.455047 0.120939 0.033912 0.057762
1 0.533123 0.131769 0.046530 0.068592
1 0.364353 0.855596 0.104890 0.284296
1 0.492902 0.107401 0.041798 0.064079
