1 0.356683 0.327243 0.092593 0.078904
1 0.540258 0.284884 0.070048 0.064784
1 0.445250 0.290698 0.073269 0.067276
1 0.645733 0.217608 0.042673 0.051495
1 0.524960 0.246678 0.051530 0.058970
1 0.496779 0.235880 0.052335 0.054817
1 0.574074 0.228405 0.045894 0.057309
1 0.541868 0.209302 0.045894 0.051495
1 0.614332 0.199336 0.041868 0.051495
1 0.201288 0.412791 0.115137 0.090532
1 0.390499 0.374585 0.094203 0.084718
1 0.636071 0.387043 0.080515 0.102159
1 0.036433 0.502492 0.072866 0.092193
1 0.799517 0.243355 0.054750 0.063123
1 0.875201 0.214286 0.052335 0.054817
