1 0.448498 0.517513 0.157725 0.184764
1 0.280043 0.359895 0.097640 0.097198
1 0.140558 0.257443 0.077253 0.068301
1 0.990075 0.937172 0.019850 0.125657
1 0.439914 0.394046 0.110515 0.104203
1 0.313305 0.304729 0.093348 0.087566
1 0.925697 0.669002 0.148605 0.203152
1 0.554721 0.309982 0.106223 0.074431
1 0.476395 0.268827 0.094421 0.063923
1 0.402361 0.232049 0.077253 0.060420
1 0.345494 0.214536 0.071888 0.056042
1 0.668455 0.356392 0.128755 0.091068
1 0.853004 0.381786 0.141631 0.083187
1 0.693133 0.328371 0.111588 0.080560
1 0.574034 0.286340 0.097639 0.074431
2 0.494635 0.232925 0.081545 0.060420
1 0.408798 0.206655 0.071888 0.060420
1 0.478541 0.204028 0.069742 0.051664
1 0.594421 0.404553 0.134120 0.118214
1 0.986588 0.459720 0.026824 0.122592
1 0.801502 0.426445 0.153433 0.091068
1 0.359442 0.264448 0.089056 0.084939
1 0.075376 0.706655 0.150751 0.161996
1 0.200644 0.211033 0.082618 0.057793
1 0.958691 0.511384 0.082618 0.110333
1 0.560086 0.234676 0.084764 0.054291
1 0.134120 0.224168 0.081545 0.054291
1 0.671674 0.281961 0.106223 0.057793
1 0.041846 0.188266 0.078326 0.054291
