3 0.958544 0.365142 0.082912 0.140379
1 0.916667 0.436120 0.084175 0.089905
3 0.558081 0.621451 0.565657 0.504732
3 0.048822 0.825710 0.097643 0.313880
3 0.752525 0.320189 0.178451 0.141956
1 0.590909 0.399054 0.101852 0.080442
1 0.427609 0.456625 0.137205 0.108044
1 0.239057 0.517350 0.165825 0.126972
3 0.027567 0.450315 0.055135 0.149842
1 0.293771 0.431388 0.148148 0.089905
1 0.516835 0.376972 0.100168 0.078864
3 0.657407 0.305205 0.178451 0.138013
1 0.864478 0.577287 0.117845 0.130915
1 0.803030 0.284700 0.051347 0.041009
1 0.047138 0.577287 0.094276 0.119874
