1 0.364309 0.374795 0.148026 0.139935
1 0.911801 0.728314 0.176398 0.254501
1 0.770559 0.283142 0.125000 0.097381
1 0.979235 0.387889 0.041530 0.085106
1 0.043586 0.311784 0.087171 0.124386
1 0.038446 0.221768 0.076891 0.108838
1 0.138980 0.212766 0.059211 0.093290
1 0.966077 0.536007 0.067845 0.157119
1 0.589638 0.220131 0.107730 0.094926
1 0.542763 0.182488 0.073191 0.072013
1 0.618421 0.276596 0.130757 0.114566
1 0.750822 0.369067 0.163651 0.139935
1 0.492599 0.307692 0.144737 0.114566
1 0.249178 0.513912 0.177632 0.172668
1 0.189967 0.678396 0.242599 0.277414
1 0.525493 0.601473 0.242599 0.211129
1 0.690789 0.883183 0.337993 0.233633
1 0.333882 0.154664 0.086349 0.077741
