1 0.580306 0.281553 0.041109 0.083738
1 0.952438 0.873786 0.095124 0.233010
1 0.448375 0.269417 0.035373 0.063107
1 0.853728 0.601942 0.083174 0.152913
1 0.624283 0.291262 0.038241 0.088592
1 0.909178 0.540049 0.085086 0.140777
3 0.324092 0.273058 0.118547 0.189320
1 0.398662 0.373786 0.049713 0.086165
3 0.887189 0.338592 0.136711 0.226942
2 0.666348 0.281553 0.038241 0.092233
1 0.448375 0.400485 0.050669 0.103155
1 0.784895 0.385922 0.048757 0.117718
1 0.308795 0.587379 0.084130 0.138350
1 0.129063 0.901092 0.136711 0.197815
1 0.312619 0.943568 0.125239 0.112864
3 0.065966 0.565534 0.131931 0.456311
1 0.744742 0.265777 0.038241 0.077670
