0 0.360952 0.675292 0.353333 0.278798
3 0.074524 0.110184 0.149048 0.126878
1 0.965238 0.456594 0.069524 0.130217
1 0.802857 0.367279 0.144762 0.111018
1 0.916190 0.510017 0.167619 0.171953
1 0.245714 0.168614 0.110476 0.060935
1 0.597143 0.286311 0.119048 0.059265
3 0.531429 0.158598 0.369524 0.148581
1 0.555238 0.393155 0.167619 0.122704
2 0.628571 0.339733 0.156190 0.132721
1 0.343810 0.137730 0.094286 0.059265
1 0.445714 0.205342 0.096190 0.065109
1 0.399048 0.296327 0.129524 0.080968
1 0.359048 0.245409 0.121905 0.067613
1 0.240000 0.335559 0.148571 0.095159
1 0.206667 0.213689 0.119048 0.090985
1 0.162857 0.269616 0.124762 0.075125
1 0.050000 0.296327 0.100000 0.083472
1 0.768571 0.183639 0.102857 0.060935
1 0.882857 0.217863 0.111429 0.059265
1 0.945000 0.308013 0.110000 0.079299
1 0.026190 0.202003 0.052381 0.067613
1 0.007381 0.234558 0.014762 0.069282
