0 0.328047 0.291444 0.079299 0.120321
1 0.535058 0.163102 0.036728 0.046346
1 0.577629 0.169340 0.035893 0.041889
1 0.556761 0.146168 0.033389 0.041889
1 0.515025 0.142602 0.034224 0.046346
1 0.537563 0.131016 0.034224 0.038324
2 0.615192 0.163102 0.037563 0.057041
2 0.640234 0.181818 0.033389 0.061497
1 0.588481 0.147950 0.036728 0.041889
1 0.386477 0.137255 0.037563 0.040107
3 0.318030 0.149733 0.113523 0.139037
3 0.997287 0.300356 0.005426 0.120321
3 0.444908 0.131016 0.090985 0.097148
1 0.424875 0.171123 0.043406 0.049020
1 0.590150 0.243315 0.070117 0.061497
1 0.716194 0.182709 0.052588 0.049020
1 0.748748 0.183601 0.047579 0.049020
1 0.631886 0.149733 0.037563 0.041889
