1 0.968607 0.620079 0.062785 0.172244
1 0.952626 0.893947 0.094749 0.212106
1 0.170091 0.149606 0.049087 0.062992
1 0.304795 0.205709 0.050228 0.071850
1 0.131279 0.194882 0.055936 0.062992
1 0.229452 0.200787 0.051370 0.062992
2 0.281963 0.301181 0.074201 0.102362
1 0.052511 0.186024 0.054795 0.062992
2 0.753425 0.199803 0.068493 0.119094
1 0.218037 0.546260 0.105023 0.134843
1 0.563927 0.198819 0.046804 0.064961
1 0.039098 0.576772 0.078196 0.156496
2 0.699772 0.158465 0.058219 0.098425
1 0.098174 0.978346 0.196347 0.043307
