1 0.898287 0.312641 0.203426 0.196388
2 0.667024 0.218962 0.170235 0.160271
1 0.358672 0.127540 0.098501 0.091422
1 0.266595 0.097065 0.072805 0.080135
1 0.345824 0.185102 0.095289 0.115124
2 0.770878 0.806433 0.372591 0.387133
1 0.450749 0.619639 0.215203 0.248307
3 0.185225 0.225734 0.251606 0.296840
1 0.938169 0.575621 0.123662 0.257336
1 0.526767 0.503386 0.222698 0.208804
1 0.235546 0.454853 0.155246 0.179458
2 0.781585 0.606095 0.238758 0.310384
1 0.953961 0.808126 0.092077 0.216704
1 0.744111 0.461625 0.221627 0.193002
1 0.502141 0.337472 0.163812 0.150113
1 0.048180 0.279910 0.095289 0.142212
1 0.133833 0.360045 0.110278 0.144470
1 0.349036 0.256208 0.114561 0.142212
1 0.053533 0.190745 0.059957 0.080135
1 0.011777 0.164786 0.023555 0.074492
1 0.007495 0.238149 0.014989 0.099323
