1 0.376997 0.678161 0.117412 0.279693
1 0.634984 0.055556 0.032748 0.061303
1 0.232428 0.342912 0.082268 0.131226
1 0.341853 0.366858 0.075879 0.138889
1 0.478434 0.262452 0.054313 0.106322
1 0.305911 0.226054 0.055112 0.095785
1 0.378594 0.237548 0.053514 0.097701
1 0.650160 0.146552 0.043930 0.090996
1 0.741214 0.181992 0.051118 0.104406
1 0.497604 0.138889 0.038339 0.074713
1 0.714057 0.454023 0.088658 0.195402
1 0.878594 0.267241 0.066294 0.109195
1 0.499201 0.071839 0.029553 0.059387
0 0.445687 0.064416 0.040735 0.128831
1 0.397764 0.063218 0.035942 0.068008
1 0.985623 0.318008 0.028754 0.117816
