2 0.104550 0.503247 0.209100 0.240260
1 0.387526 0.439935 0.212679 0.154221
2 0.592025 0.370942 0.155419 0.146104
1 0.753579 0.347403 0.138037 0.105519
3 0.893405 0.285714 0.213190 0.175325
1 0.992076 0.284903 0.015849 0.071429
2 0.076943 0.420455 0.153885 0.209416
1 0.311861 0.372565 0.185072 0.136364
1 0.510225 0.314123 0.164622 0.117695
1 0.670757 0.288961 0.134969 0.098214
1 0.778119 0.270292 0.089980 0.078734
1 0.892638 0.239448 0.077710 0.063312
1 0.647239 0.242695 0.115542 0.073052
1 0.936605 0.186688 0.064417 0.042208
1 0.027352 0.199675 0.054703 0.094156
1 0.163599 0.181818 0.143149 0.077110
1 0.336401 0.169643 0.122699 0.078734
3 0.533742 0.129058 0.252556 0.129058
1 0.138037 0.152597 0.143149 0.078734
1 0.319018 0.134740 0.114519 0.071429
1 0.471370 0.130682 0.084867 0.057630
1 0.702454 0.152597 0.081800 0.053571
1 0.659509 0.135552 0.068507 0.056006
1 0.790389 0.145292 0.066462 0.046266
1 0.747444 0.128247 0.057260 0.040584
1 0.857873 0.142857 0.057260 0.044643
1 0.809816 0.120130 0.060327 0.044643
