1 0.671875 0.801095 0.164474 0.216241
1 0.852796 0.613139 0.097862 0.145073
1 0.954770 0.509124 0.068257 0.097628
3 0.930715 0.397810 0.138569 0.164234
1 0.861842 0.491788 0.084704 0.101277
3 0.624178 0.622263 0.434211 0.479927
3 0.182566 0.826642 0.365132 0.346715
1 0.517270 0.532847 0.130757 0.118613
3 0.700658 0.368613 0.171875 0.187956
1 0.543586 0.457117 0.099507 0.108577
1 0.390625 0.520985 0.129112 0.134124
1 0.196546 0.600365 0.161184 0.162409
3 0.074013 0.517336 0.148026 0.246350
1 0.305099 0.487226 0.128290 0.121350
1 0.479441 0.427920 0.095395 0.108577
3 0.607730 0.349453 0.176809 0.173358
1 0.987459 0.456204 0.025082 0.082117
1 0.029605 0.677007 0.059210 0.127737
