1 0.688393 0.119122 0.038393 0.063480
1 0.804464 0.189655 0.049107 0.068966
1 0.854464 0.406740 0.110714 0.130094
2 0.716964 0.461599 0.117857 0.200627
1 0.951116 0.677900 0.097768 0.264107
1 0.334821 0.511755 0.120536 0.163793
2 0.185714 0.481191 0.153571 0.264107
1 0.434821 0.341693 0.074107 0.113636
1 0.552679 0.309561 0.064286 0.101881
1 0.450893 0.239028 0.058036 0.079937
1 0.553571 0.169279 0.042857 0.057210
1 0.503571 0.143417 0.036607 0.051724
2 0.559821 0.125392 0.041964 0.063480
1 0.468750 0.122257 0.033036 0.051724
1 0.488393 0.093260 0.032143 0.040752
