1 0.266387 0.390183 0.111765 0.090682
1 0.368908 0.399334 0.100000 0.076539
1 0.385714 0.336938 0.088235 0.059068
1 0.552101 0.299501 0.066387 0.059068
1 0.487395 0.293677 0.063025 0.063228
1 0.612605 0.260399 0.056302 0.053245
1 0.460504 0.277038 0.054622 0.057404
1 0.543697 0.267887 0.057143 0.054908
1 0.667227 0.228785 0.039496 0.043261
1 0.512605 0.244592 0.050420 0.047421
1 0.589076 0.235441 0.049580 0.053245
1 0.510084 0.578203 0.111765 0.165557
1 0.102521 0.471714 0.127731 0.083195
1 0.175630 0.509151 0.136975 0.094842
1 0.821849 0.257072 0.049580 0.054908
