1 0.093121 0.518627 0.186242 0.120588
1 0.146532 0.575490 0.210291 0.120588
1 0.307606 0.432353 0.147651 0.090196
1 0.362416 0.483333 0.151007 0.090196
1 0.482103 0.359804 0.112975 0.074510
1 0.503356 0.400000 0.120805 0.081373
1 0.527964 0.305882 0.093960 0.071569
1 0.600671 0.313725 0.098434 0.074510
1 0.615213 0.347059 0.099553 0.079412
1 0.618568 0.259804 0.095078 0.049020
1 0.683445 0.266667 0.090604 0.071569
1 0.703579 0.300980 0.092841 0.067647
1 0.708054 0.226471 0.070470 0.055882
1 0.775168 0.228431 0.081656 0.064706
1 0.814318 0.250000 0.077181 0.064706
1 0.878076 0.223529 0.065995 0.055882
1 0.893736 0.350980 0.102908 0.100000
