2 0.061789 0.984401 0.106504 0.031198
1 0.086992 0.480865 0.152846 0.106489
1 0.127642 0.529950 0.160163 0.106489
1 0.252033 0.405990 0.114634 0.100666
1 0.290244 0.447587 0.126016 0.099002
1 0.370732 0.351082 0.087805 0.079035
1 0.391057 0.382696 0.103252 0.079035
1 0.406504 0.297837 0.069106 0.067388
1 0.460976 0.302829 0.075610 0.070715
1 0.476423 0.335275 0.084553 0.079035
1 0.470732 0.263727 0.059350 0.057404
1 0.521138 0.262895 0.062602 0.070715
1 0.537398 0.300333 0.075610 0.064892
1 0.539837 0.235441 0.056098 0.053245
1 0.588618 0.234609 0.057724 0.064892
1 0.595122 0.267055 0.065041 0.067388
1 0.636585 0.240433 0.057724 0.067388
1 0.843902 0.231281 0.057724 0.059068
1 0.717886 0.304493 0.069106 0.074875
1 0.607317 0.382696 0.086992 0.096506
