1 0.862179 0.130785 0.063301 0.092555
1 0.756410 0.195171 0.079327 0.097586
0 0.295673 0.422535 0.243590 0.365191
1 0.576923 0.351107 0.101763 0.164990
3 0.564904 0.161972 0.214744 0.233400
1 0.146635 0.352113 0.121795 0.147887
1 0.129006 0.287726 0.112981 0.135815
2 0.483974 0.478873 0.125000 0.224346
1 0.220353 0.203219 0.076122 0.107646
1 0.266026 0.238431 0.077724 0.102616
1 0.141827 0.811871 0.201122 0.236419
2 0.241186 0.356137 0.084135 0.128773
1 0.337340 0.896881 0.164263 0.206237
1 0.289263 0.143863 0.064904 0.088531
1 0.407853 0.172032 0.066506 0.123742
