1 0.544944 0.152556 0.058588 0.039936
2 0.501605 0.140575 0.065008 0.056709
1 0.447031 0.170927 0.077047 0.049521
2 0.405297 0.157348 0.067416 0.051118
1 0.360353 0.194888 0.073034 0.052716
1 0.304173 0.187700 0.069823 0.045527
1 0.272071 0.211661 0.073836 0.043930
1 0.217496 0.212460 0.065008 0.037540
1 0.103531 0.246006 0.084270 0.051118
0 0.686196 0.250000 0.076244 0.115815
1 0.784912 0.697284 0.243178 0.194888
1 0.922151 0.902556 0.155698 0.194888
1 0.631621 0.761182 0.253612 0.221246
1 0.979936 0.669329 0.040128 0.143770
1 0.736758 0.509585 0.093900 0.185303
1 0.735955 0.392173 0.073034 0.126997
1 0.768860 0.320288 0.060193 0.109425
1 0.788122 0.275559 0.057785 0.092652
1 0.820225 0.223642 0.051364 0.073482
1 0.839486 0.193291 0.051364 0.070288
1 0.850722 0.168530 0.041734 0.060703
1 0.562600 0.884385 0.272873 0.231230
1 0.159711 0.301118 0.100321 0.066294
1 0.228732 0.683706 0.220706 0.160543
1 0.721509 0.149361 0.067416 0.052716
