1 0.370021 0.157018 0.076520 0.043860
2 0.426625 0.143860 0.084906 0.062281
1 0.497904 0.177193 0.100629 0.054386
2 0.552411 0.162281 0.088050 0.056140
1 0.611111 0.203509 0.095388 0.057895
1 0.684486 0.195614 0.091195 0.050000
1 0.726415 0.221930 0.096436 0.048246
1 0.797694 0.222807 0.084906 0.041228
1 0.945755 0.259649 0.108491 0.056140
0 0.185535 0.264035 0.099581 0.127193
1 0.107704 0.755263 0.215409 0.214035
1 0.133910 0.873684 0.267820 0.252632
1 0.119497 0.549123 0.122641 0.203509
1 0.120545 0.420175 0.095388 0.139474
1 0.077568 0.341228 0.078616 0.120175
1 0.052411 0.292105 0.075472 0.101754
1 0.022013 0.235088 0.044025 0.080702
1 0.009434 0.201754 0.018868 0.077193
1 0.134434 0.954386 0.268868 0.091228
1 0.632075 0.747368 0.294549 0.183333
1 0.350105 0.193860 0.095388 0.064035
1 0.971174 0.779825 0.057652 0.164035
