1 0.887372 0.281720 0.120307 0.150538
1 0.985282 0.208602 0.029437 0.130108
1 0.019625 0.554839 0.039249 0.219355
2 0.217577 0.411828 0.221843 0.321505
1 0.476962 0.326882 0.176621 0.198925
2 0.645904 0.241935 0.128840 0.206452
1 0.780717 0.208602 0.116041 0.139785
3 0.907210 0.125806 0.185580 0.232258
1 0.985495 0.126882 0.029010 0.096774
1 0.122014 0.204301 0.180034 0.216129
1 0.361775 0.086021 0.132253 0.143011
1 0.619454 0.098925 0.113481 0.115054
1 0.780717 0.113979 0.094710 0.119355
1 0.803754 0.028495 0.075085 0.056989
1 0.961604 0.008065 0.044369 0.016129
1 0.017918 0.040860 0.035836 0.081720
1 0.129693 0.040054 0.136519 0.080108
1 0.292662 0.022849 0.116894 0.045699
1 0.450512 0.009140 0.099829 0.018280
3 0.653584 0.000269 0.190273 0.000538
1 0.086177 0.011022 0.139932 0.022043
1 0.253413 0.003495 0.119454 0.006989
