1 0.391350 0.192308 0.074895 0.083470
1 0.462025 0.277414 0.093882 0.151391
1 0.478903 0.657938 0.184599 0.273322
1 0.617089 0.298691 0.088608 0.130115
1 0.522152 0.171849 0.068565 0.089198
1 0.808017 0.054828 0.051688 0.062193
1 0.758439 0.091653 0.060127 0.067921
1 0.629747 0.184943 0.068565 0.094926
2 0.548523 0.085925 0.064346 0.100655
2 0.842827 0.081015 0.067510 0.085106
1 0.357595 0.164484 0.108650 0.075286
1 0.864979 0.163666 0.080169 0.085106
1 0.844937 0.259411 0.109705 0.114566
3 0.418776 0.083879 0.176160 0.167758
