1 0.915561 0.904446 0.168878 0.191109
1 0.766327 0.695150 0.093878 0.221709
1 0.845918 0.433025 0.074490 0.128176
0 0.714286 0.378753 0.093878 0.163972
1 0.901020 0.317552 0.062245 0.109700
3 0.566327 0.302540 0.163265 0.229792
1 0.180612 0.250577 0.053061 0.063510
1 0.373469 0.319861 0.082653 0.065820
1 0.229592 0.280600 0.068367 0.076212
3 0.198980 0.222864 0.196939 0.177829
1 0.358163 0.391455 0.096939 0.098152
1 0.468367 0.206697 0.041837 0.057737
1 0.321429 0.217090 0.050000 0.060046
1 0.132653 0.493072 0.134694 0.133949
1 0.388776 0.198614 0.045918 0.051963
