1 0.351240 0.585041 0.119835 0.164959
3 0.538017 0.259221 0.142149 0.177254
1 0.472727 0.576844 0.108264 0.159836
1 0.465289 0.471311 0.091736 0.116803
1 0.584298 0.462090 0.082645 0.111680
1 0.417355 0.366803 0.072727 0.082992
1 0.333884 0.427254 0.092562 0.099385
1 0.546281 0.393443 0.083471 0.099385
1 0.629752 0.276639 0.047107 0.072746
1 0.213223 0.501025 0.116529 0.118852
1 0.071901 0.576844 0.139669 0.129098
1 0.514876 0.674180 0.121488 0.168033
1 0.623967 0.327869 0.065289 0.085041
2 0.576033 0.301230 0.066942 0.092213
1 0.611570 0.532787 0.101653 0.155738
1 0.678512 0.433402 0.071901 0.106557
2 0.513223 0.349385 0.063636 0.094262
1 0.652893 0.375000 0.066116 0.082992
1 0.949793 0.966957 0.100413 0.066086
1 0.756198 0.363730 0.062810 0.087090
1 0.921694 0.834016 0.156612 0.194672
1 0.634711 0.970031 0.251240 0.059938
2 0.658678 0.827869 0.169421 0.230533
2 0.750413 0.277664 0.089256 0.121926
1 0.209091 0.959785 0.230579 0.080430
1 0.095248 0.910861 0.190496 0.178279
