1 0.903527 0.336590 0.136929 0.096803
1 0.774896 0.344583 0.121369 0.079929
1 0.756224 0.278863 0.108921 0.063055
1 0.548755 0.238899 0.081950 0.063055
1 0.630705 0.233570 0.075726 0.064831
1 0.475104 0.197158 0.069502 0.056838
1 0.663900 0.216696 0.066390 0.063055
1 0.560166 0.206039 0.070539 0.061279
1 0.407676 0.162522 0.046680 0.044405
1 0.598548 0.180284 0.061203 0.048845
1 0.505187 0.170515 0.061203 0.056838
1 0.608921 0.544405 0.140041 0.178508
1 0.963434 0.461812 0.073133 0.101243
1 0.219917 0.196270 0.061203 0.058615
