1 0.360368 0.051020 0.042642 0.089796
1 0.898829 0.239796 0.086120 0.128571
1 0.274247 0.089796 0.052676 0.096939
1 0.163043 0.002551 0.046823 0.005102
1 0.729933 0.129592 0.066890 0.106122
2 0.166388 0.079592 0.062709 0.125510
1 0.327759 0.232653 0.071070 0.144898
1 0.203177 0.018112 0.047659 0.036224
2 0.609532 0.047194 0.054348 0.094388
1 0.122910 0.239796 0.091137 0.135714
1 0.531773 0.057143 0.040970 0.086735
1 0.671405 0.012245 0.043478 0.024490
1 0.186455 0.805102 0.154682 0.273469
1 0.585284 0.311224 0.076923 0.176531
