1 0.061275 0.557223 0.122549 0.137899
1 0.086453 0.609756 0.170232 0.115385
1 0.221034 0.471857 0.124777 0.095685
1 0.262032 0.511257 0.131016 0.104128
1 0.351159 0.409006 0.093583 0.090994
1 0.372549 0.441839 0.111408 0.095685
1 0.392157 0.347092 0.075758 0.066604
1 0.450089 0.356473 0.082888 0.068480
1 0.465241 0.389306 0.093583 0.089118
1 0.464349 0.311445 0.074866 0.064728
1 0.516934 0.312383 0.070410 0.068480
1 0.532977 0.347092 0.079323 0.066604
1 0.533868 0.275797 0.066845 0.060038
1 0.590018 0.275797 0.063280 0.071295
1 0.596257 0.310507 0.068627 0.071295
1 0.641711 0.285178 0.060606 0.060038
1 0.777184 0.317073 0.066845 0.082552
1 0.645276 0.453096 0.089127 0.124766
1 0.487522 0.576923 0.122103 0.164165
1 0.822638 0.252345 0.057041 0.060038
