1 0.646435 0.915640 0.228324 0.168719
1 0.035886 0.627258 0.071773 0.190476
1 0.406551 0.642857 0.157996 0.251232
1 0.607900 0.307061 0.069364 0.062397
1 0.561657 0.623153 0.173410 0.190476
1 0.561657 0.506568 0.120424 0.140394
1 0.687861 0.316092 0.077071 0.066502
1 0.262042 0.465517 0.112717 0.167488
1 0.526975 0.413793 0.112717 0.095238
1 0.321773 0.403120 0.081888 0.103448
1 0.708093 0.387521 0.105010 0.082102
1 0.089595 0.366995 0.089595 0.116585
2 0.905588 0.412972 0.149326 0.130542
1 0.265896 0.334154 0.069364 0.077997
