0 0.391262 0.702830 0.362136 0.315094
3 0.179612 0.074528 0.321359 0.143396
1 0.832039 0.349057 0.154369 0.118868
1 0.967233 0.547170 0.065534 0.210377
2 0.982039 0.476415 0.035922 0.207547
1 0.098058 0.064151 0.084466 0.062264
1 0.630097 0.266981 0.128155 0.098113
1 0.670874 0.387736 0.167961 0.140566
1 0.426214 0.148113 0.131068 0.068868
1 0.433010 0.219811 0.116505 0.076415
3 0.730097 0.125472 0.396117 0.181132
1 0.375728 0.309434 0.148544 0.112264
2 0.478641 0.263208 0.147573 0.127358
1 0.566990 0.102830 0.108738 0.076415
1 0.686408 0.200943 0.116505 0.083019
1 0.254369 0.231132 0.120388 0.089623
1 0.204854 0.174528 0.107767 0.080189
1 0.090291 0.276415 0.140777 0.098113
1 0.049272 0.148113 0.098544 0.096226
1 0.018689 0.206604 0.037379 0.078302
