1 0.355196 0.623632 0.239353 0.287746
1 0.003194 0.621444 0.006388 0.230853
2 0.189097 0.468271 0.214651 0.323851
1 0.445486 0.382932 0.176320 0.204595
2 0.614991 0.291028 0.129472 0.200219
1 0.748722 0.259300 0.115843 0.142232
3 0.879898 0.175055 0.201874 0.236324
1 0.970613 0.175055 0.058773 0.098468
1 0.994463 0.159737 0.011073 0.088621
2 0.130324 0.359956 0.238501 0.282276
1 0.380750 0.294311 0.154174 0.183807
1 0.545997 0.214442 0.136286 0.155361
1 0.686542 0.179431 0.109881 0.132385
1 0.798978 0.156455 0.075809 0.100656
1 0.902044 0.109409 0.065588 0.085339
1 0.003194 0.065372 0.006388 0.130744
1 0.099659 0.061816 0.135434 0.123632
1 0.258092 0.044037 0.119250 0.088074
1 0.402896 0.036379 0.102215 0.072757
3 0.567291 0.025438 0.210392 0.050875
1 0.091141 0.033917 0.132027 0.067834
1 0.261499 0.020788 0.109029 0.041575
1 0.392675 0.009026 0.095400 0.018053
1 0.551107 0.002462 0.065588 0.004923
1 0.702726 0.018326 0.070698 0.036652
1 0.777683 0.013403 0.051959 0.026805
1 0.835605 0.007112 0.047700 0.014223
