1 0.702361 0.514898 0.074199 0.149907
1 0.715852 0.287710 0.048061 0.093110
1 0.631535 0.274674 0.054806 0.094972
2 0.209949 0.351955 0.134064 0.154562
1 0.046796 0.410615 0.093592 0.130354
1 0.392074 0.274674 0.080944 0.088454
1 0.523609 0.392924 0.104553 0.108007
1 0.578415 0.556797 0.086847 0.161080
1 0.432546 0.210428 0.059865 0.079143
1 0.277403 0.249534 0.086847 0.099628
1 0.528668 0.181564 0.050590 0.070763
1 0.486509 0.167598 0.044688 0.066108
1 0.762226 0.839851 0.118887 0.262570
1 0.447723 0.152700 0.043845 0.079143
