0 0.547993 0.674242 0.325480 0.359307
3 0.816754 0.003247 0.258290 0.006494
1 0.710297 0.029491 0.070681 0.058983
1 0.073298 0.267316 0.139616 0.172078
1 0.126527 0.366883 0.157941 0.164502
1 0.008290 0.584416 0.016579 0.215368
1 0.652705 0.003247 0.087260 0.006494
1 0.584642 0.019210 0.084642 0.038420
1 0.540140 0.041126 0.088133 0.082251
1 0.321117 0.203463 0.136998 0.120130
1 0.344677 0.266234 0.142234 0.123377
1 0.253927 0.408009 0.177138 0.187229
1 0.523560 0.010281 0.080279 0.020563
1 0.399651 0.038961 0.098604 0.077922
2 0.575916 0.088745 0.122164 0.128788
1 0.539267 0.190476 0.128272 0.115801
1 0.377836 0.017045 0.086387 0.034091
1 0.615183 0.261905 0.129145 0.130952
3 0.877181 0.032468 0.245637 0.064935
3 0.868455 0.054113 0.263089 0.108225
1 0.217278 0.032738 0.098604 0.065476
1 0.156195 0.124459 0.125654 0.112554
1 0.787958 0.143939 0.105585 0.108225
1 0.160558 0.077922 0.105585 0.082251
1 0.885689 0.176407 0.124782 0.112554
1 0.015925 0.106061 0.031850 0.082251
