1 0.630702 0.022807 0.034210 0.045614
1 0.688597 0.017982 0.035088 0.035965
1 0.588596 0.035965 0.031579 0.054386
1 0.665790 0.038596 0.031579 0.062281
1 0.662281 0.078947 0.042982 0.071053
1 0.741228 0.107895 0.049123 0.072807
1 0.620175 0.135088 0.051754 0.080702
2 0.706140 0.182456 0.058772 0.101754
1 0.850877 0.237719 0.083333 0.114035
1 0.778070 0.339474 0.099123 0.141228
1 0.720175 0.527193 0.121930 0.189474
1 0.265789 0.317544 0.065789 0.127193
1 0.220175 0.624561 0.139474 0.216667
1 0.460526 0.406140 0.090351 0.157895
1 0.428947 0.112281 0.050000 0.074561
1 0.506140 0.135088 0.053509 0.100000
