1 0.040827 0.307876 0.081653 0.223150
1 0.317540 0.192124 0.185484 0.175418
1 0.668347 0.085919 0.113911 0.130072
3 0.273438 0.540573 0.546875 0.800716
0 0.667339 0.247017 0.224798 0.371122
1 0.816532 0.243437 0.117944 0.155131
1 0.908266 0.175418 0.103831 0.142005
3 0.971270 0.103819 0.057460 0.207637
1 0.166331 0.149165 0.198589 0.181384
3 0.450605 0.080549 0.341734 0.161098
3 0.181704 0.080251 0.363407 0.160501
1 0.672379 0.038186 0.088710 0.076372
3 0.605847 0.026850 0.241935 0.053699
1 0.758065 0.032518 0.088710 0.065036
2 0.075101 0.420048 0.150202 0.348449
1 0.325605 0.328162 0.209677 0.223150
2 0.524194 0.223150 0.152218 0.214797
1 0.684476 0.192124 0.136089 0.155131
3 0.841734 0.112768 0.237903 0.225537
