3 0.929313 0.222222 0.141374 0.186869
1 0.857029 0.312121 0.079073 0.110101
3 0.504792 0.559596 0.551917 0.663636
3 0.036741 0.801515 0.073482 0.396970
3 0.701278 0.165657 0.166933 0.172727
1 0.547923 0.262626 0.101438 0.112121
1 0.392173 0.337374 0.133387 0.134343
1 0.214057 0.414141 0.156550 0.155556
1 0.255591 0.317172 0.143770 0.131313
1 0.469649 0.240404 0.102236 0.105051
3 0.613419 0.145455 0.172524 0.179798
1 0.760383 0.551515 0.126997 0.191919
1 0.733227 0.110101 0.045527 0.050505
1 0.673323 0.072727 0.047125 0.052525
1 0.983027 0.296970 0.033946 0.103030
1 0.038938 0.493939 0.077875 0.150505
