1 0.377101 0.195375 0.040966 0.041467
1 0.303571 0.195375 0.043067 0.049442
1 0.364496 0.242424 0.054622 0.067783
1 0.215336 0.192185 0.043067 0.045455
1 0.147059 0.181818 0.043067 0.047049
1 0.190126 0.245614 0.061975 0.058214
1 0.228992 0.307815 0.067227 0.079745
2 0.822479 0.471292 0.139706 0.224880
1 0.324580 0.373206 0.087185 0.111643
2 0.137605 0.432217 0.108193 0.145933
1 0.039653 0.380383 0.079307 0.086922
1 0.025473 0.311802 0.050945 0.073365
1 0.226891 0.681818 0.137605 0.169856
2 0.693277 0.205742 0.042017 0.067783
