1 0.854890 0.400000 0.138013 0.148214
1 0.712145 0.353571 0.106467 0.101786
1 0.570189 0.287500 0.084385 0.097321
2 0.461356 0.243750 0.067035 0.082143
2 0.255521 0.481250 0.089117 0.154464
1 0.359621 0.211607 0.047319 0.058929
1 0.522871 0.325000 0.082019 0.091071
2 0.811514 0.828125 0.268139 0.343750
1 0.574921 0.656250 0.155363 0.194643
3 0.381703 0.337500 0.183754 0.234821
1 0.924290 0.616964 0.151420 0.228571
1 0.631703 0.566071 0.167192 0.171429
1 0.406151 0.508036 0.111199 0.141964
2 0.814669 0.645536 0.170347 0.245536
1 0.955836 0.813393 0.088328 0.190179
1 0.757886 0.513393 0.154574 0.141964
1 0.576498 0.411607 0.113565 0.118750
1 0.259464 0.353571 0.060726 0.099107
1 0.330442 0.433036 0.075710 0.106250
1 0.473186 0.349107 0.084385 0.112500
1 0.270505 0.296429 0.046530 0.065179
