1 0.910609 0.210185 0.069745 0.050926
1 0.021611 0.451852 0.043222 0.107407
2 0.142436 0.411111 0.165029 0.179630
1 0.777996 0.237963 0.054028 0.057407
1 0.203340 0.361111 0.106090 0.092593
1 0.213163 0.514815 0.157171 0.140741
1 0.305501 0.368519 0.089391 0.092593
1 0.771120 0.280556 0.052063 0.075000
1 0.689587 0.296296 0.054028 0.067593
2 0.755403 0.205556 0.054028 0.065741
1 0.773084 0.371296 0.061886 0.105556
1 0.455796 0.296296 0.077603 0.083333
1 0.341847 0.291667 0.094303 0.092593
1 0.658153 0.375000 0.057957 0.094444
1 0.431238 0.261111 0.066798 0.075000
1 0.657171 0.514815 0.074656 0.153704
1 0.791749 0.540741 0.081532 0.134259
1 0.544204 0.239815 0.057957 0.063889
1 0.523576 0.212037 0.059921 0.061111
1 0.456778 0.212037 0.051081 0.061111
1 0.828094 0.860185 0.129666 0.248148
1 0.600196 0.200926 0.046169 0.061111
