0 0.652651 0.241265 0.086837 0.112313
1 0.408592 0.133943 0.039305 0.043261
1 0.379342 0.126456 0.039305 0.039102
1 0.401280 0.104825 0.036563 0.039102
1 0.446984 0.102329 0.039305 0.043261
1 0.422303 0.090682 0.037477 0.035774
2 0.337294 0.121464 0.041133 0.053245
2 0.310786 0.138935 0.036563 0.057404
1 0.364717 0.109817 0.040219 0.037438
1 0.518282 0.118136 0.053930 0.043261
1 0.044790 0.212146 0.076782 0.059068
1 0.080439 0.214642 0.064899 0.059068
1 0.348263 0.090682 0.042962 0.035774
2 0.390311 0.079035 0.035649 0.039102
