1 0.578664 0.347414 0.102371 0.077586
1 0.660560 0.307759 0.091595 0.071552
1 0.733836 0.275000 0.077586 0.059483
1 0.787716 0.245690 0.067888 0.053448
1 0.464440 0.392241 0.123922 0.081897
1 0.280172 0.415517 0.142241 0.083621
1 0.437500 0.357759 0.110991 0.079310
1 0.557112 0.311207 0.098060 0.067241
2 0.636853 0.272414 0.081897 0.065517
1 0.723060 0.238793 0.065733 0.055172
1 0.654095 0.242241 0.077586 0.050862
1 0.078394 0.491379 0.156789 0.108621
1 0.328664 0.459483 0.149784 0.092241
1 0.116379 0.537069 0.198276 0.112069
1 0.571121 0.275000 0.085129 0.059483
1 0.480603 0.313793 0.091595 0.062931
1 0.437500 0.521552 0.143319 0.125000
1 0.627155 0.498276 0.128233 0.125000
2 0.809267 0.320690 0.085129 0.108621
1 0.980603 0.270690 0.038793 0.065517
