1 0.621747 0.848375 0.197955 0.303249
1 0.302974 0.405235 0.111524 0.140794
1 0.186803 0.294224 0.074349 0.083032
1 0.091078 0.221119 0.065985 0.070397
1 0.622677 0.597473 0.153346 0.226534
1 0.309480 0.316787 0.080855 0.085740
1 0.212825 0.250000 0.073420 0.076715
3 0.985827 0.793321 0.028346 0.310469
1 0.616171 0.456679 0.131041 0.134477
1 0.480483 0.291516 0.088290 0.079422
1 0.410781 0.255415 0.080855 0.070397
1 0.347584 0.218412 0.063197 0.068592
1 0.296468 0.187726 0.060409 0.059567
1 0.578996 0.348375 0.114312 0.092058
1 0.738848 0.369134 0.126394 0.092058
1 0.601301 0.314079 0.095725 0.081227
1 0.499071 0.265343 0.080855 0.070397
2 0.428439 0.215704 0.073420 0.064079
1 0.352230 0.181408 0.065985 0.059567
1 0.414498 0.179603 0.059480 0.055957
1 0.400558 0.307762 0.093866 0.093863
1 0.922630 0.446751 0.154740 0.115523
1 0.696097 0.413357 0.129182 0.096570
1 0.246282 0.214801 0.075279 0.079422
1 0.107574 0.706679 0.215149 0.168773
1 0.113383 0.174188 0.069703 0.049639
1 0.881970 0.501805 0.174721 0.128159
1 0.483271 0.216607 0.078067 0.057762
1 0.064126 0.193141 0.066914 0.055957
1 0.592007 0.271661 0.096654 0.065885
