1 0.792871 0.155897 0.052987 0.074313
1 0.831407 0.193861 0.046243 0.076737
1 0.852601 0.245557 0.069364 0.082391
1 0.939306 0.373183 0.110790 0.128433
1 0.869942 0.693053 0.160886 0.231826
1 0.208092 0.896607 0.227360 0.206785
2 0.534682 0.814216 0.190751 0.371567
1 0.236031 0.576737 0.145472 0.172052
1 0.399807 0.229402 0.064547 0.076737
2 0.604046 0.367528 0.077071 0.149435
1 0.528902 0.261712 0.066474 0.084006
1 0.502890 0.168013 0.043353 0.055735
1 0.563584 0.183360 0.053950 0.072698
2 0.575145 0.102585 0.034682 0.055735
