2 0.886667 0.655702 0.226667 0.368421
1 0.413333 0.520833 0.232222 0.202851
2 0.181111 0.422149 0.168889 0.197368
1 0.040278 0.390351 0.080556 0.140351
2 0.812222 0.486842 0.312222 0.286184
1 0.485556 0.422149 0.200000 0.184211
1 0.268889 0.343202 0.178889 0.158991
1 0.094444 0.308114 0.145556 0.130482
1 0.013611 0.285088 0.027222 0.106360
1 0.977778 0.428728 0.044444 0.168860
1 0.352222 0.240132 0.151111 0.125000
1 0.986667 0.194079 0.026667 0.134868
1 0.852222 0.188596 0.174444 0.127193
1 0.645556 0.165570 0.155556 0.104167
1 0.457778 0.149123 0.133333 0.106360
3 0.244444 0.095395 0.274444 0.171053
1 0.983611 0.165570 0.032778 0.100877
1 0.813333 0.134868 0.170000 0.121711
1 0.585556 0.110746 0.147778 0.104167
1 0.363333 0.093202 0.090000 0.080044
1 0.063333 0.128289 0.092222 0.070175
1 0.100000 0.096491 0.071111 0.064693
1 0.025278 0.092105 0.050556 0.060307
