1 0.233708 0.166978 0.117978 0.090485
1 0.396629 0.125933 0.079775 0.070896
1 0.320225 0.197761 0.100000 0.095149
2 0.033146 0.750933 0.066292 0.402052
1 0.208989 0.555970 0.225843 0.208022
3 0.491011 0.231343 0.264045 0.245336
1 0.129213 0.456157 0.233708 0.172575
1 0.434831 0.413246 0.152809 0.148321
1 0.010393 0.423507 0.020787 0.163246
1 0.156180 0.317164 0.176404 0.124067
1 0.628090 0.268657 0.100000 0.117537
1 0.542697 0.338619 0.112360 0.114739
1 0.315730 0.250933 0.117978 0.124067
1 0.630337 0.196828 0.057303 0.068097
1 0.687640 0.171642 0.058427 0.068097
1 0.700000 0.233209 0.064045 0.079291
