1 0.421811 0.371520 0.115226 0.152034
1 0.233539 0.262313 0.083333 0.137045
1 0.971965 0.394004 0.056070 0.146681
1 0.029835 0.209850 0.059671 0.122056
1 0.206790 0.371520 0.145062 0.149893
1 0.932870 0.568522 0.134259 0.228051
1 0.708848 0.294433 0.148148 0.134904
1 0.924383 0.420771 0.151235 0.190578
1 0.113169 0.430407 0.159465 0.177730
1 0.471193 0.605996 0.223251 0.213062
1 0.027778 0.522484 0.055556 0.192719
1 0.614198 0.352248 0.163580 0.146681
1 0.582304 0.288009 0.136831 0.127409
1 0.676955 0.909797 0.369342 0.180407
1 0.550412 0.195931 0.110082 0.109208
1 0.377572 0.232334 0.119342 0.116702
