1 0.246789 0.333333 0.120183 0.091453
1 0.367890 0.344444 0.107339 0.087179
1 0.375229 0.283761 0.095413 0.069231
1 0.565138 0.241026 0.068807 0.064957
1 0.483486 0.238462 0.066055 0.060684
1 0.627523 0.200855 0.055046 0.054701
1 0.455046 0.219658 0.059633 0.058974
1 0.543119 0.212820 0.058716 0.056410
1 0.680734 0.173504 0.044037 0.047009
1 0.511009 0.186325 0.048624 0.042735
1 0.592661 0.179487 0.055963 0.048718
1 0.472477 0.582051 0.134862 0.188034
1 0.067890 0.421368 0.135780 0.088889
1 0.166972 0.451282 0.143119 0.091453
1 0.833945 0.210256 0.054128 0.062393
