1 0.386894 0.803213 0.294434 0.349398
1 0.918312 0.427711 0.128366 0.168675
1 0.978232 0.284137 0.043537 0.109438
2 0.185817 0.451807 0.227110 0.297189
1 0.456014 0.373494 0.185817 0.187751
2 0.634650 0.289157 0.136445 0.185743
1 0.776481 0.260040 0.122083 0.130522
3 0.903950 0.182731 0.192101 0.216867
1 0.989228 0.182731 0.021544 0.090361
2 0.124102 0.353414 0.248205 0.259036
1 0.388689 0.295181 0.162478 0.168675
1 0.561939 0.218875 0.143627 0.142570
1 0.194794 0.182731 0.150808 0.149598
1 0.704668 0.095382 0.078097 0.088353
1 0.784560 0.169679 0.092460 0.116466
1 0.769300 0.117470 0.078995 0.085341
1 0.952424 0.102410 0.043986 0.071285
1 0.091562 0.078313 0.142729 0.116466
1 0.258528 0.055221 0.126571 0.100402
1 0.411131 0.044428 0.107720 0.088855
3 0.585278 0.034388 0.221723 0.068775
1 0.097846 0.040161 0.135548 0.080321
1 0.266607 0.030622 0.115799 0.061245
1 0.399461 0.021837 0.100539 0.043675
1 0.598743 0.014307 0.065530 0.028614
1 0.728007 0.026606 0.072711 0.053213
1 0.714542 0.009287 0.065530 0.018574
1 0.807002 0.023845 0.056553 0.047691
1 0.797127 0.006777 0.051167 0.013554
1 0.866248 0.018825 0.047576 0.037651
1 0.842011 0.004267 0.047576 0.008534
