1 0.144028 0.128253 0.064403 0.057621
1 0.225995 0.128253 0.057377 0.052974
1 0.183841 0.153346 0.050351 0.065985
1 0.257611 0.163569 0.048009 0.065985
1 0.774005 0.320632 0.159251 0.120818
1 0.941159 0.346654 0.117682 0.125465
1 0.337237 0.230483 0.087822 0.085502
1 0.905152 0.257435 0.141686 0.090149
1 0.619438 0.248141 0.107728 0.094796
1 0.755269 0.251859 0.118267 0.085502
1 0.430913 0.343866 0.122951 0.110595
1 0.738876 0.189591 0.097190 0.081784
1 0.435597 0.168216 0.070258 0.067844
1 0.577283 0.190520 0.094848 0.083643
1 0.613583 0.165428 0.080796 0.067844
1 0.647541 0.135688 0.064403 0.072491
2 0.500000 0.109665 0.073771 0.103160
1 0.352459 0.879414 0.169789 0.241171
1 0.556206 0.103160 0.060890 0.067844
