1 0.963295 0.342488 0.051387 0.055735
1 0.725122 0.212439 0.025286 0.032310
1 0.559543 0.928110 0.110930 0.143780
1 0.392333 0.941034 0.123980 0.117932
1 0.199837 0.930533 0.133768 0.138934
1 0.045677 0.943457 0.091354 0.113086
1 0.557096 0.746365 0.085644 0.160743
1 0.415171 0.750404 0.088091 0.153473
1 0.274878 0.771405 0.105220 0.174475
1 0.117455 0.803716 0.118271 0.164782
1 0.047716 0.730210 0.095432 0.149435
1 0.446982 0.589661 0.078303 0.145396
1 0.321370 0.642973 0.078303 0.126010
1 0.183524 0.653473 0.097879 0.166397
1 0.349918 0.560582 0.068516 0.103393
1 0.253670 0.559774 0.070962 0.110662
1 0.365416 0.495153 0.059543 0.088045
1 0.293638 0.483037 0.059543 0.084006
1 0.397227 0.436187 0.046493 0.074313
1 0.314845 0.431341 0.048124 0.072698
1 0.390701 0.394184 0.038336 0.068659
1 0.327896 0.394184 0.042414 0.065428
1 0.351550 0.360258 0.036705 0.058966
1 0.369494 0.328756 0.039152 0.057351
3 0.415171 0.324717 0.064437 0.143780
3 0.124796 0.517771 0.234910 0.308562
3 0.232463 0.381260 0.103589 0.176090
3 0.287113 0.314216 0.066069 0.134087
3 0.342578 0.256866 0.081566 0.126010
3 0.428222 0.266559 0.049755 0.084006
1 0.685971 0.208401 0.022839 0.032310
1 0.538336 0.222940 0.018760 0.032310
1 0.026305 0.600969 0.052610 0.110662
0 0.925775 0.362682 0.064437 0.099354
1 0.709625 0.239095 0.026101 0.036349
1 0.659870 0.265751 0.035073 0.040388
1 0.592170 0.235057 0.026101 0.036349
1 0.554649 0.256058 0.025286 0.046042
1 0.814845 0.360258 0.048124 0.063005
