1 0.135135 0.787169 0.123552 0.212831
1 0.647683 0.239308 0.039575 0.074338
1 0.737452 0.278004 0.046332 0.067210
1 0.163127 0.513238 0.077220 0.116090
1 0.699807 0.339104 0.054054 0.079430
1 0.268340 0.341141 0.051158 0.082485
1 0.638996 0.443992 0.058880 0.103870
1 0.761583 0.486762 0.080116 0.110998
1 0.846525 0.420570 0.068533 0.096741
1 0.368726 0.320774 0.049228 0.084521
1 0.444981 0.313646 0.043436 0.079430
1 0.347490 0.246436 0.037645 0.058045
1 0.893822 0.360489 0.062741 0.082485
1 0.393822 0.269857 0.035714 0.063136
