1 0.154703 0.128060 0.070545 0.089454
1 0.274752 0.889831 0.262376 0.220339
1 0.631188 0.015537 0.045792 0.031073
1 0.714109 0.034369 0.060643 0.068738
1 0.696782 0.088512 0.077970 0.094162
1 0.211634 0.373823 0.133663 0.154426
1 0.079208 0.329567 0.128713 0.133710
1 0.428218 0.100753 0.068069 0.080038
1 0.804455 0.138418 0.087871 0.100753
1 0.319307 0.099812 0.073020 0.080038
1 0.387376 0.014595 0.039604 0.029190
1 0.462871 0.040490 0.060643 0.064972
1 0.840347 0.351224 0.144802 0.167608
1 0.425743 0.003060 0.038366 0.006121
3 0.700495 0.011535 0.087871 0.023070
