2 0.066810 0.167470 0.133621 0.193976
1 0.316092 0.068675 0.113985 0.116867
1 0.483716 0.026506 0.075670 0.053012
1 0.441571 0.098795 0.085249 0.122892
2 0.112548 0.776807 0.225096 0.446386
1 0.346743 0.561446 0.192529 0.268675
3 0.587165 0.150301 0.225096 0.300602
1 0.278736 0.432530 0.199234 0.222892
1 0.539272 0.377108 0.130268 0.191566
2 0.079262 0.528916 0.158525 0.306024
1 0.093151 0.390361 0.186303 0.210843
1 0.301724 0.253012 0.150383 0.160241
1 0.704023 0.190361 0.085249 0.151807
1 0.631226 0.280723 0.095785 0.148193
1 0.437739 0.167470 0.100575 0.160241
1 0.705939 0.097590 0.048851 0.087952
1 0.754789 0.065060 0.049808 0.087952
1 0.765326 0.144578 0.054598 0.102410
