2 0.779536 0.151943 0.037975 0.054770
1 0.804852 0.216431 0.046413 0.060954
1 0.267932 0.683746 0.148734 0.177562
1 0.882911 0.207597 0.046413 0.067138
1 0.962025 0.216431 0.051688 0.062721
2 0.144515 0.402827 0.138186 0.194346
1 0.995517 0.177562 0.008966 0.054770
1 0.821730 0.294170 0.063291 0.088339
1 0.460970 0.239399 0.051688 0.062721
1 0.383966 0.244700 0.054852 0.064488
1 0.991034 0.494700 0.017933 0.114841
1 0.566456 0.191696 0.046414 0.062721
1 0.642405 0.187279 0.039030 0.058304
1 0.590717 0.157244 0.039030 0.052120
