1 0.460446 0.390728 0.104463 0.160596
1 0.506085 0.673841 0.154158 0.292219
1 0.461460 0.935430 0.218053 0.129139
1 0.743408 0.128311 0.067951 0.082781
0 0.623732 0.062086 0.082150 0.120033
1 0.017495 0.250828 0.034990 0.125828
1 0.427992 0.085265 0.069980 0.078642
1 0.775862 0.208609 0.110548 0.104305
1 0.565923 0.177980 0.076065 0.104305
1 0.153144 0.226821 0.094320 0.123344
1 0.881339 0.329470 0.145030 0.144868
0 0.250507 0.243377 0.155172 0.264901
3 0.153144 0.086921 0.137931 0.170530
1 0.882353 0.560430 0.205882 0.227649
1 0.043611 0.148179 0.085193 0.084437
1 0.845081 0.885762 0.309838 0.228477
1 0.272819 0.074503 0.049696 0.060430
1 0.342799 0.073675 0.044625 0.062914
1 0.239351 0.121689 0.048682 0.062914
