1 0.235632 0.526268 0.147126 0.172101
1 0.127586 0.416667 0.110345 0.128623
1 0.019253 0.334239 0.038506 0.094203
1 0.350575 0.496377 0.143678 0.137681
1 0.235632 0.414855 0.120690 0.096920
1 0.129885 0.340580 0.104598 0.087862
1 0.043678 0.303442 0.074713 0.068841
1 0.535632 0.519022 0.171264 0.126812
3 0.340230 0.363225 0.295402 0.247283
1 0.129885 0.298913 0.088506 0.079710
1 0.352874 0.350543 0.104598 0.070652
1 0.270115 0.305254 0.106897 0.073370
1 0.205747 0.269022 0.088506 0.059783
1 0.144828 0.248188 0.074713 0.059783
1 0.621839 0.449275 0.166667 0.081522
1 0.688506 0.421196 0.155172 0.083333
1 0.520690 0.365942 0.111494 0.086051
1 0.393103 0.316123 0.096552 0.064312
2 0.314943 0.271739 0.082759 0.062500
1 0.214943 0.238225 0.078161 0.062500
1 0.382759 0.274457 0.090805 0.062500
1 0.113218 0.781703 0.226437 0.161232
1 0.173276 0.928895 0.346552 0.142210
1 0.029310 0.254529 0.058621 0.062500
1 0.739080 0.823370 0.298851 0.163043
1 0.965230 0.525362 0.069540 0.109601
1 0.965230 0.940670 0.069540 0.118659
