3 0.569573 0.203297 0.159555 0.131868
1 0.455473 0.481162 0.133581 0.124804
1 0.063312 0.775510 0.126623 0.270016
1 0.589054 0.382261 0.099258 0.094976
1 0.433210 0.282575 0.077922 0.063579
1 0.339518 0.326531 0.106679 0.076138
1 0.408163 0.419152 0.126160 0.105965
1 0.672542 0.219780 0.054731 0.057300
1 0.205009 0.386185 0.132653 0.089482
1 0.062384 0.444270 0.124768 0.100471
1 0.641929 0.271586 0.073284 0.072213
2 0.613173 0.237049 0.078850 0.072213
1 0.476809 0.604396 0.158627 0.186028
1 0.652134 0.416013 0.096475 0.109890
2 0.546382 0.268446 0.071429 0.070644
1 0.666976 0.320251 0.077922 0.072213
1 0.803340 0.306907 0.064007 0.080063
2 0.751391 0.245683 0.104824 0.104396
1 0.875000 0.737049 0.250000 0.182104
1 0.841373 0.230769 0.071429 0.054160
1 0.864564 0.255887 0.069573 0.065149
1 0.371985 0.357143 0.102968 0.076138
1 0.930427 0.229984 0.063080 0.051805
1 0.805195 0.207221 0.062152 0.046311
