1 0.030234 0.544917 0.060467 0.184397
1 0.173780 0.403073 0.127033 0.128842
1 0.964685 0.193853 0.070630 0.078014
2 0.856707 0.191489 0.061992 0.083924
1 0.069614 0.601655 0.139228 0.187943
1 0.317073 0.321513 0.090447 0.108747
1 0.791667 0.189125 0.052845 0.065012
1 0.252032 0.516548 0.116870 0.171395
1 0.795732 0.251773 0.051829 0.083924
1 0.424797 0.242317 0.072155 0.100473
1 0.431911 0.336879 0.085366 0.108747
2 0.466463 0.197400 0.065041 0.120567
1 0.557927 0.218676 0.056911 0.089835
1 0.531504 0.184397 0.049797 0.075650
