1 0.244376 0.695298 0.211656 0.223327
0 0.410020 0.261302 0.095092 0.123870
1 0.350716 0.489150 0.089980 0.169078
1 0.661554 0.133816 0.041922 0.047016
1 0.715746 0.141953 0.044990 0.045208
1 0.688139 0.119349 0.037832 0.040687
1 0.634969 0.113020 0.037832 0.042495
1 0.661554 0.102170 0.036810 0.038879
1 0.505112 0.122966 0.048057 0.042495
1 0.428425 0.146474 0.061350 0.059674
1 0.457055 0.113924 0.052147 0.049729
1 0.589980 0.147378 0.057260 0.051537
1 0.541922 0.160940 0.065440 0.062387
1 0.587935 0.246835 0.080777 0.068716
1 0.979294 0.178119 0.041411 0.049729
1 0.703476 0.208861 0.072597 0.049729
1 0.719836 0.258590 0.089980 0.073237
2 0.949898 0.180832 0.065440 0.064195
2 0.744376 0.133816 0.046012 0.057866
1 0.941973 0.398734 0.116053 0.094033
2 0.853783 0.130199 0.044990 0.049729
1 0.710634 0.114828 0.046012 0.042495
