0 0.297595 0.182464 0.092184 0.168246
1 0.070892 0.742891 0.141784 0.342417
1 0.236473 0.598341 0.109218 0.241706
1 0.252505 0.413507 0.091182 0.176540
1 0.220441 0.279621 0.084168 0.151659
1 0.175351 0.196682 0.064128 0.123223
1 0.123246 0.130332 0.061122 0.104265
1 0.076152 0.936019 0.152305 0.127962
1 0.648297 0.063981 0.077154 0.061611
1 0.628257 0.161137 0.101202 0.095972
2 0.682365 0.098341 0.099198 0.078199
1 0.629259 0.913507 0.312625 0.172986
1 0.341683 0.072275 0.088176 0.081754
1 0.059118 0.062796 0.079158 0.078199
1 0.959669 0.177725 0.080661 0.075829
