1 0.489339 0.140422 0.077825 0.040584
2 0.546908 0.128247 0.086354 0.057630
1 0.619403 0.159091 0.102345 0.050325
2 0.674840 0.145292 0.089552 0.051948
1 0.734542 0.183442 0.097015 0.053571
1 0.809168 0.176136 0.092751 0.046266
1 0.851812 0.200487 0.098081 0.044643
1 0.924307 0.201299 0.086354 0.038149
0 0.301706 0.239448 0.101279 0.117695
1 0.170576 0.693993 0.323028 0.198052
1 0.168177 0.818993 0.336354 0.242695
1 0.234542 0.503247 0.124733 0.188312
1 0.235608 0.383929 0.097015 0.129058
1 0.191898 0.310877 0.079957 0.111201
1 0.166311 0.265422 0.076759 0.094156
1 0.123667 0.212662 0.068230 0.074675
1 0.098081 0.181818 0.068230 0.071429
1 0.083156 0.156656 0.055437 0.061688
1 0.142857 0.933442 0.285714 0.133117
1 0.715352 0.692370 0.303838 0.175325
1 0.534115 0.185065 0.098081 0.067370
