1 0.441525 0.888393 0.102542 0.223214
1 0.511017 0.142857 0.037288 0.069328
1 0.017797 0.985294 0.035593 0.029412
2 0.275424 0.906250 0.125424 0.187500
1 0.652542 0.126050 0.031356 0.065126
1 0.049153 0.716387 0.098305 0.248950
1 0.251695 0.346639 0.075424 0.154412
2 0.150000 0.370798 0.082203 0.156513
1 0.699153 0.215336 0.041525 0.081933
1 0.731356 0.156513 0.036441 0.061975
1 0.320339 0.240546 0.043220 0.085084
1 0.665254 0.343487 0.054237 0.105042
1 0.757627 0.343487 0.058475 0.109244
1 0.378814 0.189076 0.033051 0.074580
1 0.287288 0.179622 0.039830 0.069328
1 0.348305 0.156513 0.036441 0.072479
1 0.724576 0.572479 0.092373 0.181723
3 0.922881 0.398109 0.154237 0.385504
1 0.405932 0.132353 0.031356 0.065126
1 0.330508 0.115546 0.029661 0.052521
1 0.968644 0.955882 0.062712 0.088235
