1 0.421603 0.134380 0.058362 0.045375
2 0.445122 0.110820 0.062718 0.060209
1 0.556620 0.161431 0.079268 0.060209
2 0.636760 0.159686 0.075784 0.057592
1 0.695122 0.198080 0.082753 0.066318
1 0.756969 0.190227 0.075784 0.061955
1 0.791812 0.219895 0.083624 0.057592
1 0.851916 0.220768 0.069686 0.049738
1 0.957535 0.259162 0.084930 0.061955
0 0.340592 0.259162 0.081010 0.128272
1 0.178571 0.645724 0.188153 0.225131
1 0.282230 0.466841 0.066202 0.165794
1 0.265679 0.343805 0.074042 0.103839
1 0.213415 0.251309 0.060104 0.078534
1 0.190767 0.192845 0.060104 0.066318
1 0.160279 0.166667 0.045296 0.066318
1 0.087761 0.899869 0.175523 0.200262
3 0.881098 0.264398 0.237805 0.188482
1 0.672474 0.835079 0.263937 0.196335
1 0.525261 0.193717 0.081010 0.054101
