3 0.698876 0.504496 0.602248 0.603417
0 0.269807 0.283273 0.238758 0.279676
1 0.111349 0.280576 0.125268 0.116906
1 0.034529 0.229317 0.069058 0.107014
1 0.801927 0.209532 0.210921 0.136691
3 0.500000 0.109712 0.362955 0.217626
3 0.796306 0.109038 0.407388 0.218076
1 0.264454 0.114209 0.094218 0.080935
3 0.335118 0.068795 0.256959 0.137590
1 0.173448 0.108813 0.094218 0.074640
3 0.108137 0.043840 0.214133 0.087680
2 0.909529 0.413669 0.180942 0.262590
1 0.632762 0.344424 0.222698 0.168165
2 0.421842 0.265288 0.161670 0.161871
1 0.251606 0.241906 0.144540 0.116906
3 0.105460 0.168165 0.210921 0.197842
