1 0.453280 0.905810 0.279324 0.188380
1 0.815109 0.691021 0.142147 0.156690
3 0.954026 0.397887 0.091948 0.158451
1 0.907555 0.494718 0.095427 0.095951
3 0.621272 0.614437 0.524851 0.463028
3 0.158052 0.826584 0.316103 0.346831
3 0.713718 0.369718 0.207753 0.181338
1 0.523857 0.455106 0.120278 0.104754
1 0.338966 0.516725 0.156064 0.129401
1 0.104374 0.593310 0.194831 0.156690
3 0.022863 0.513204 0.045726 0.237676
1 0.235587 0.484155 0.155070 0.117077
1 0.446322 0.426937 0.115308 0.104754
3 0.601392 0.351232 0.213718 0.167254
1 0.968439 0.534331 0.063121 0.118838
