1 0.676252 0.863217 0.192950 0.273566
1 0.497217 0.585041 0.123377 0.209016
1 0.311688 0.375000 0.091837 0.116803
1 0.236549 0.299180 0.069573 0.079918
1 0.166048 0.251025 0.060297 0.067623
1 0.718924 0.696721 0.151206 0.201844
1 0.479592 0.423156 0.103896 0.136271
1 0.333952 0.312500 0.073284 0.094262
1 0.257885 0.263320 0.069573 0.070697
3 0.865955 0.712090 0.268089 0.575820
1 0.509276 0.365779 0.096475 0.102459
1 0.568646 0.343238 0.099258 0.090164
1 0.503711 0.299180 0.081633 0.079918
1 0.439703 0.258197 0.069573 0.074795
1 0.390538 0.233607 0.059369 0.072746
1 0.670686 0.403689 0.114100 0.109631
1 0.829314 0.429303 0.126160 0.090164
1 0.693878 0.364754 0.100186 0.092213
1 0.590909 0.311475 0.081633 0.082992
2 0.522263 0.259221 0.075139 0.072746
1 0.451762 0.220287 0.060297 0.063525
1 0.503711 0.218238 0.059369 0.060451
1 0.378479 0.279713 0.084416 0.077869
1 0.968228 0.519467 0.063544 0.136271
2 0.038729 0.783812 0.077458 0.230533
1 0.801484 0.486680 0.156772 0.126025
1 0.270872 0.226434 0.075139 0.074795
1 0.310761 0.817623 0.226345 0.184426
1 0.162338 0.201844 0.071429 0.063525
1 0.951067 0.591189 0.097866 0.155738
1 0.577922 0.256148 0.076994 0.058402
1 0.133581 0.220287 0.085343 0.056352
1 0.743043 0.342213 0.092764 0.077869
