1 0.408680 0.910518 0.235986 0.178964
1 0.413201 0.726845 0.167269 0.217425
1 0.877939 0.407378 0.066004 0.098901
1 0.617541 0.554945 0.114828 0.161695
1 0.103300 0.716640 0.206600 0.211931
1 0.438517 0.534537 0.143761 0.176609
1 0.669982 0.418367 0.075949 0.096546
1 0.392405 0.472527 0.107595 0.115385
1 0.179928 0.394819 0.094937 0.085557
1 0.248644 0.400314 0.100362 0.085557
1 0.548825 0.416797 0.090416 0.098901
1 0.914105 0.512559 0.093128 0.135793
1 0.007233 0.513344 0.014467 0.105965
3 0.188065 0.298273 0.190778 0.197017
