1 0.744755 0.123457 0.032343 0.050265
1 0.681818 0.156966 0.035839 0.058201
1 0.798951 0.126984 0.030594 0.044092
2 0.258741 0.595238 0.111014 0.231922
1 0.702797 0.221340 0.039336 0.071429
1 0.772727 0.206349 0.048077 0.068783
2 0.845280 0.191358 0.046329 0.074956
2 0.513986 0.286596 0.046329 0.111111
2 0.284091 0.249559 0.048077 0.100529
1 0.831294 0.335097 0.065559 0.108466
1 0.912587 0.195767 0.049825 0.062610
1 0.882867 0.146384 0.044580 0.058201
2 0.794580 0.566138 0.131993 0.290124
1 0.926573 0.519400 0.100524 0.158730
1 0.967439 0.342152 0.065122 0.102293
1 0.473776 0.179894 0.041084 0.060847
1 0.548077 0.183422 0.042832 0.062610
1 0.416958 0.168430 0.037587 0.056437
