1 0.126065 0.968354 0.252129 0.063291
1 0.494889 0.660338 0.213799 0.257384
1 0.024489 0.708861 0.048978 0.222574
2 0.230835 0.561181 0.214651 0.312236
1 0.488075 0.478903 0.176320 0.197257
2 0.657581 0.390295 0.129472 0.193038
1 0.791312 0.359705 0.115843 0.137131
3 0.910775 0.278481 0.178450 0.227848
1 0.991908 0.278481 0.016184 0.094937
2 0.172913 0.456751 0.238501 0.272152
1 0.423339 0.393460 0.154174 0.177215
1 0.588586 0.316456 0.136286 0.149789
1 0.731687 0.281646 0.108177 0.120253
1 0.859455 0.248945 0.068143 0.089662
1 0.952300 0.207806 0.055366 0.080169
1 0.024489 0.170886 0.048978 0.129747
1 0.142249 0.167722 0.135434 0.122363
1 0.300681 0.143460 0.119250 0.102321
1 0.445486 0.128692 0.102215 0.102321
3 0.609881 0.079378 0.210392 0.158755
1 0.137138 0.126582 0.130324 0.092827
1 0.304940 0.102321 0.109029 0.094937
1 0.434412 0.085443 0.095400 0.087553
1 0.596252 0.079114 0.065588 0.074895
1 0.745315 0.107595 0.070698 0.074894
1 0.728279 0.077004 0.058773 0.062236
1 0.820273 0.099156 0.051959 0.072785
1 0.801533 0.073840 0.053663 0.060127
1 0.878194 0.095992 0.047700 0.054852
1 0.845826 0.062236 0.046848 0.058017
