1 0.636602 0.492099 0.126095 0.181716
3 0.437828 0.129797 0.150613 0.189616
1 0.507005 0.483070 0.112960 0.171558
1 0.514011 0.366817 0.095447 0.125282
1 0.373905 0.340858 0.084063 0.112867
1 0.569177 0.251693 0.076182 0.088036
1 0.654116 0.308126 0.097198 0.093679
1 0.429947 0.282167 0.084939 0.115124
1 0.338879 0.151242 0.053415 0.062077
1 0.780210 0.401806 0.125219 0.115124
1 0.929729 0.492099 0.140543 0.138826
1 0.457969 0.581264 0.126095 0.197517
1 0.349387 0.217833 0.072680 0.091422
2 0.421191 0.196388 0.077058 0.101580
1 0.351138 0.425508 0.098949 0.150113
1 0.056042 0.822799 0.112084 0.173815
1 0.238179 0.250564 0.060420 0.099323
2 0.627846 0.354402 0.091944 0.144470
1 0.620841 0.961625 0.267075 0.076749
1 0.166375 0.160271 0.059545 0.077878
1 0.956655 0.951467 0.086690 0.097065
2 0.080560 0.933409 0.161121 0.133183
