1 0.308871 0.115843 0.033065 0.052811
1 0.299194 0.150767 0.041129 0.060477
2 0.244355 0.125213 0.033065 0.060477
1 0.339516 0.215503 0.044355 0.072402
1 0.209677 0.105622 0.033065 0.050256
1 0.648387 0.377342 0.077419 0.116695
1 0.773387 0.394378 0.077419 0.109029
1 0.705645 0.297274 0.062097 0.086882
1 0.726613 0.216354 0.045968 0.072402
1 0.306452 0.344974 0.058871 0.113288
1 0.173387 0.247019 0.058064 0.080920
1 0.168548 0.428450 0.079839 0.120954
1 0.295968 0.507666 0.078226 0.139693
1 0.620161 0.160988 0.038710 0.068995
1 0.034476 0.283646 0.068952 0.101363
1 0.032258 0.483816 0.064516 0.125213
1 0.197581 0.905451 0.145968 0.189097
1 0.024798 0.849233 0.049597 0.195911
1 0.524194 0.110733 0.028226 0.046848
