1 0.126271 0.913522 0.252542 0.172956
1 0.564407 0.908215 0.324576 0.183569
1 0.890042 0.911950 0.219915 0.176101
0 0.564407 0.657233 0.318644 0.268082
1 0.252542 0.230346 0.088983 0.063679
1 0.414407 0.258648 0.105932 0.089623
0 0.664407 0.264937 0.155932 0.110063
1 0.447458 0.231918 0.092373 0.074686
1 0.295763 0.208333 0.088983 0.061321
1 0.549153 0.182390 0.083898 0.057390
1 0.664407 0.208333 0.111017 0.081761
2 0.824576 0.239780 0.149153 0.149371
1 0.969703 0.272799 0.060593 0.066824
1 0.973729 0.316824 0.052542 0.074686
1 0.159322 0.253931 0.098305 0.061321
1 0.338136 0.292453 0.104237 0.076258
1 0.853390 0.355346 0.152542 0.099057
