0 0.656879 0.257305 0.079698 0.111201
1 0.449664 0.142045 0.036074 0.042208
1 0.406040 0.148539 0.036074 0.040584
1 0.427013 0.127435 0.032718 0.038149
1 0.470638 0.123377 0.033557 0.040584
1 0.447987 0.112825 0.032718 0.034903
2 0.373322 0.142857 0.036913 0.050325
1 0.599832 0.116071 0.030201 0.038149
1 0.621644 0.133117 0.036074 0.046266
3 0.660235 0.117695 0.109899 0.111201
1 0.539430 0.136364 0.044463 0.042208
2 0.338926 0.160714 0.034396 0.059253
1 0.581376 0.142857 0.043624 0.042208
1 0.068792 0.245942 0.079698 0.067370
1 0.507550 0.188312 0.056208 0.053571
1 0.434564 0.189935 0.064597 0.051948
1 0.212248 0.183442 0.060403 0.047890
1 0.332215 0.294643 0.091443 0.074675
1 0.317114 0.137175 0.049497 0.040584
1 0.406879 0.116883 0.036913 0.038149
1 0.063129 0.498377 0.126258 0.111201
