1 0.350895 0.089391 0.040756 0.055992
1 0.631213 0.321218 0.068588 0.111984
1 0.401590 0.145383 0.048708 0.069745
1 0.277336 0.176817 0.060636 0.090373
2 0.702783 0.227898 0.066600 0.111984
2 0.854871 0.166012 0.075547 0.139489
1 0.574553 0.164047 0.048708 0.083497
1 0.334990 0.393910 0.092445 0.134578
1 0.702783 0.102161 0.043738 0.057957
1 0.626243 0.106090 0.040755 0.067780
1 0.551690 0.081532 0.035785 0.057957
1 0.052684 0.246562 0.082505 0.090373
1 0.668986 0.062868 0.034791 0.049116
1 0.621272 0.064833 0.035785 0.049116
1 0.216700 0.909627 0.189861 0.180747
