1 0.522023 0.346359 0.077488 0.164298
1 0.487765 0.645648 0.124796 0.307282
1 0.400489 0.024423 0.043230 0.048845
1 0.038336 0.238899 0.076672 0.136767
1 0.363785 0.089698 0.055465 0.095027
1 0.307504 0.033304 0.054649 0.066607
1 0.909462 0.248668 0.085644 0.126110
1 0.449429 0.087922 0.049755 0.090586
1 0.324633 0.189165 0.075041 0.121670
1 0.514682 0.932504 0.157423 0.134991
1 0.775693 0.344583 0.098695 0.185613
1 0.824633 0.260213 0.088907 0.134991
1 0.230832 0.154529 0.085644 0.136767
1 0.826264 0.106572 0.053018 0.073712
1 0.246330 0.419183 0.134584 0.206039
1 0.649266 0.143872 0.056281 0.098579
1 0.752855 0.095915 0.052202 0.075488
1 0.110114 0.398757 0.150897 0.199822
1 0.274062 0.814387 0.188418 0.371226
1 0.836052 0.043517 0.039967 0.061279
1 0.062806 0.877442 0.125612 0.245115
1 0.665579 0.037300 0.038336 0.061279
1 0.718597 0.025089 0.035889 0.050178
1 0.547308 0.025533 0.048940 0.051066
