0 0.246946 0.062613 0.153578 0.125226
1 0.316754 0.154611 0.073298 0.075045
1 0.220768 0.132007 0.072426 0.087703
3 0.463351 0.089964 0.250436 0.179928
1 0.454625 0.192586 0.094241 0.090416
2 0.344677 0.191682 0.074171 0.111212
1 0.995637 0.288427 0.008726 0.132007
1 0.979712 0.333635 0.040576 0.126582
1 0.426702 0.282098 0.098604 0.113924
1 0.644852 0.358951 0.125654 0.128391
1 0.915358 0.188969 0.093368 0.096745
1 0.795812 0.184448 0.069808 0.085895
3 0.845986 0.283002 0.308028 0.331826
1 0.541885 0.416817 0.118674 0.143761
1 0.849040 0.585895 0.166667 0.184448
1 0.837696 0.136528 0.067190 0.079566
1 0.714660 0.100362 0.062827 0.083183
1 0.789703 0.098553 0.060209 0.075045
1 0.786213 0.781193 0.178883 0.239602
1 0.993892 0.881329 0.012216 0.237342
