3 0.488395 0.194215 0.166344 0.173554
1 0.899420 0.878357 0.201161 0.243285
1 0.626692 0.597107 0.138298 0.183884
1 0.631528 0.296488 0.080271 0.083678
1 0.729207 0.352273 0.111219 0.100207
1 0.382012 0.214876 0.058027 0.075413
1 0.868472 0.431818 0.138298 0.114669
1 0.976547 0.509298 0.046905 0.132231
1 0.710832 0.508264 0.131528 0.161157
2 0.443907 0.238636 0.085106 0.098140
2 0.511605 0.277893 0.074468 0.090909
1 0.476789 0.422521 0.104449 0.132231
1 0.113153 0.686983 0.189555 0.244835
2 0.361702 0.297521 0.126693 0.183884
1 0.247582 0.246901 0.074468 0.075413
1 0.435203 0.525826 0.118956 0.159091
1 0.621857 0.347107 0.095745 0.095041
1 0.169246 0.273760 0.062863 0.085744
1 0.480658 0.325413 0.095745 0.098140
