1 0.660000 0.786207 0.173913 0.266667
3 0.940652 0.239080 0.118696 0.206897
1 0.880870 0.368966 0.080870 0.125287
3 0.630435 0.521839 0.459130 0.604598
3 0.178261 0.791954 0.356522 0.416092
3 0.711304 0.202299 0.181739 0.236782
1 0.545217 0.313793 0.105217 0.136782
1 0.383478 0.394253 0.136522 0.168965
1 0.178261 0.494253 0.170435 0.204598
3 0.061739 0.402299 0.123478 0.303448
1 0.293044 0.351724 0.135652 0.152874
1 0.477391 0.277012 0.100870 0.136782
3 0.613043 0.178161 0.186957 0.218391
1 0.879130 0.504598 0.101739 0.168965
3 0.965870 0.327586 0.068261 0.266667
1 0.018261 0.606897 0.036522 0.168965
