1 0.777778 0.323694 0.138418 0.141791
1 0.095339 0.783582 0.190678 0.282649
1 0.026601 0.403918 0.053202 0.124067
1 0.969162 0.199627 0.061676 0.108209
1 0.215631 0.300373 0.169492 0.127798
1 0.439736 0.208022 0.094162 0.101679
1 0.933851 0.327425 0.132298 0.135261
1 0.965631 0.402052 0.068738 0.159515
1 0.434087 0.276119 0.151601 0.121269
1 0.548964 0.258396 0.149717 0.127798
1 0.576271 0.610075 0.267420 0.225746
1 0.955038 0.597948 0.089925 0.238806
1 0.783427 0.197761 0.132768 0.117537
1 0.724105 0.142724 0.083804 0.093284
1 0.756121 0.149254 0.113936 0.121269
1 0.512241 0.855877 0.332392 0.288246
1 0.111347 0.943097 0.222693 0.113806
1 0.948211 0.113806 0.082863 0.095149
