1 0.614807 0.144764 0.198498 0.156057
1 0.181330 0.044918 0.112661 0.089836
3 0.670333 0.444559 0.659335 0.688912
0 0.212446 0.191992 0.239270 0.319302
1 0.058208 0.188912 0.116416 0.133470
1 0.005633 0.130390 0.011266 0.122177
1 0.975590 0.179671 0.048820 0.179671
1 0.745708 0.107803 0.211373 0.156057
3 0.443133 0.059035 0.363734 0.118070
3 0.758584 0.058778 0.445279 0.117556
1 0.207082 0.022587 0.094421 0.045175
3 0.277897 0.012834 0.257511 0.025667
1 0.115880 0.017710 0.094421 0.035421
2 0.881438 0.340862 0.237125 0.299795
1 0.576180 0.261807 0.223176 0.191992
2 0.364807 0.171458 0.162017 0.184805
1 0.194206 0.144764 0.144850 0.133470
3 0.076717 0.086756 0.153433 0.173511
