1 0.807771 0.893087 0.245399 0.213826
1 0.561350 0.321543 0.102249 0.073955
1 0.480573 0.277331 0.088957 0.065113
1 0.408998 0.253215 0.074642 0.058682
1 0.356851 0.229904 0.060327 0.055466
1 0.663599 0.362540 0.119632 0.076367
1 0.838446 0.385852 0.134969 0.073955
1 0.692229 0.330386 0.103272 0.070740
1 0.575665 0.293408 0.084867 0.057074
2 0.504090 0.250804 0.084867 0.053055
1 0.420245 0.221061 0.068507 0.051447
1 0.482618 0.221865 0.065440 0.049839
1 0.976994 0.461415 0.046012 0.112540
1 0.794479 0.425241 0.146217 0.087621
1 0.912832 0.639068 0.174335 0.190514
1 0.952198 0.507235 0.095603 0.101286
1 0.562372 0.252412 0.076687 0.049839
1 0.891360 0.798231 0.217280 0.266881
1 0.649284 0.290997 0.085890 0.058682
1 0.502045 0.362540 0.106339 0.089228
1 0.351738 0.345659 0.094069 0.086013
2 0.215746 0.237138 0.065440 0.080386
1 0.059305 0.218650 0.065440 0.057074
