2 0.315047 0.177264 0.024295 0.066474
1 0.813480 0.819846 0.122257 0.228324
1 0.356583 0.263006 0.033699 0.068401
2 0.276646 0.285164 0.041536 0.091522
1 0.698276 0.398844 0.054075 0.100193
1 0.320533 0.393064 0.052508 0.096339
1 0.181035 0.271676 0.041536 0.075145
2 0.512539 0.324663 0.039969 0.116570
1 0.569749 0.306358 0.041536 0.081888
1 0.188871 0.498073 0.071317 0.121387
1 0.297022 0.628131 0.084640 0.161850
1 0.112069 0.460501 0.065047 0.116570
2 0.535266 0.204239 0.027429 0.075145
1 0.195141 0.998555 0.135580 0.002890
