1 0.975151 0.152079 0.049699 0.183807
1 0.850402 0.092998 0.135542 0.124726
1 0.673695 0.035011 0.107430 0.070022
2 0.540161 0.004923 0.089357 0.009847
2 0.312249 0.305252 0.133534 0.219912
1 0.678715 0.087527 0.115462 0.117068
2 0.903112 0.694748 0.193775 0.459519
1 0.675703 0.464989 0.197791 0.238512
3 0.429719 0.109136 0.233936 0.218271
1 0.747992 0.354486 0.212851 0.210066
1 0.466867 0.289934 0.141566 0.176149
2 0.936245 0.451860 0.127510 0.300875
1 0.905120 0.289934 0.189759 0.173961
1 0.677711 0.165208 0.144578 0.145514
1 0.280121 0.102845 0.083333 0.132385
1 0.370482 0.198031 0.096386 0.140044
1 0.546185 0.088621 0.107430 0.137856
1 0.293173 0.034464 0.056225 0.068928
