1 0.857558 0.056112 0.034884 0.052104
1 0.069525 0.700401 0.139050 0.216433
1 0.823643 0.090180 0.038760 0.066132
1 0.328488 0.299599 0.070736 0.114228
1 0.766473 0.152305 0.046512 0.073146
1 0.853682 0.174349 0.058140 0.078156
1 0.928295 0.147295 0.053295 0.073146
1 0.454457 0.281563 0.070736 0.126252
1 0.560078 0.277555 0.062985 0.109218
1 0.456395 0.143287 0.043605 0.069138
1 0.958333 0.091182 0.042636 0.062124
1 0.502907 0.187375 0.050388 0.076152
2 0.842054 0.482966 0.086240 0.178357
1 0.980136 0.495992 0.039729 0.156313
2 0.545543 0.064128 0.043605 0.102204
1 0.605620 0.093186 0.039729 0.069138
