3 0.644531 0.520408 0.710938 0.622449
0 0.164583 0.292208 0.232292 0.288497
1 0.035677 0.289425 0.071354 0.120594
1 0.940885 0.281076 0.118229 0.162338
1 0.682292 0.216141 0.205208 0.141002
1 0.991667 0.215213 0.016667 0.144712
3 0.388542 0.113173 0.353125 0.224490
3 0.694792 0.112477 0.432292 0.224954
1 0.159375 0.117811 0.091667 0.083488
3 0.228125 0.070965 0.250000 0.141929
1 0.070833 0.112245 0.091667 0.076994
3 0.055729 0.045223 0.111458 0.090445
2 0.832292 0.426716 0.266667 0.270872
1 0.517708 0.355288 0.216667 0.173469
2 0.312500 0.273655 0.157292 0.166976
1 0.146875 0.249536 0.140625 0.120594
3 0.053646 0.173469 0.107292 0.204082
