1 0.718182 0.211470 0.087500 0.097670
2 0.579545 0.205197 0.087500 0.127240
1 0.787500 0.342294 0.135227 0.161290
1 0.728409 0.647849 0.182955 0.231183
1 0.997727 0.890681 0.004545 0.218638
1 0.032955 0.913082 0.065909 0.173835
1 0.201136 0.502688 0.137500 0.190860
1 0.392045 0.610215 0.151136 0.227599
1 0.219318 0.327061 0.110227 0.133513
1 0.426136 0.200717 0.068182 0.093190
1 0.335227 0.150538 0.064773 0.082437
2 0.438636 0.119176 0.064773 0.097670
1 0.296591 0.101254 0.050000 0.069892
1 0.328409 0.058244 0.044318 0.059140
2 0.452273 0.045699 0.037500 0.061828
