1 0.007339 0.498162 0.014678 0.211397
1 0.251894 0.386029 0.194129 0.147978
1 0.618371 0.292279 0.116477 0.109375
3 0.274858 0.631434 0.549716 0.616728
0 0.662879 0.405331 0.211174 0.285846
1 0.803030 0.402574 0.110795 0.119485
1 0.889205 0.350184 0.097538 0.109375
3 0.960701 0.287684 0.078598 0.174632
1 0.005445 0.394301 0.010890 0.160846
1 0.192235 0.329963 0.186553 0.139706
3 0.459280 0.227941 0.321023 0.222426
3 0.188684 0.211397 0.377367 0.254596
1 0.667614 0.232537 0.083333 0.082721
3 0.605114 0.174632 0.227273 0.163603
1 0.748106 0.227022 0.083333 0.076287
3 0.805871 0.149816 0.189394 0.111213
2 0.088542 0.538603 0.177083 0.268382
1 0.341856 0.467831 0.196970 0.171875
2 0.528409 0.386949 0.142992 0.165441
1 0.678977 0.363051 0.127841 0.119485
3 0.826705 0.287684 0.223485 0.202206
