1 0.339012 0.066790 0.027257 0.048237
1 0.315162 0.133581 0.041738 0.081633
1 0.221465 0.051020 0.034072 0.052876
1 0.714651 0.892393 0.163543 0.215213
2 0.674617 0.361781 0.102215 0.230983
1 0.205281 0.133581 0.048552 0.075139
1 0.235945 0.192022 0.045145 0.083488
1 0.160988 0.065863 0.033220 0.052876
1 0.752981 0.333024 0.077513 0.116883
1 0.478705 0.178108 0.048552 0.072356
1 0.248722 0.460111 0.087734 0.144712
1 0.051533 0.612245 0.103066 0.221707
1 0.035349 0.351577 0.070698 0.118738
1 0.577513 0.077922 0.031516 0.051020
1 0.187394 0.743043 0.123509 0.229128
