2 0.196673 0.601124 0.206458 0.239968
3 0.135763 0.394061 0.271526 0.296950
1 0.975538 0.590690 0.048924 0.167737
2 0.743640 0.482344 0.250489 0.237560
1 0.447162 0.418941 0.202544 0.150080
2 0.253425 0.353130 0.147749 0.150080
1 0.098826 0.329856 0.133072 0.104334
3 0.031067 0.267255 0.062133 0.173355
2 0.809198 0.403692 0.273973 0.205457
1 0.490215 0.345907 0.168297 0.127608
1 0.151663 0.264848 0.125245 0.101124
0 0.015166 0.153291 0.030333 0.106742
1 0.976761 0.186196 0.046478 0.098716
1 0.844423 0.184591 0.156556 0.095506
1 0.663405 0.166132 0.139922 0.083467
1 0.496086 0.154093 0.118395 0.073836
3 0.304305 0.110754 0.241683 0.133226
1 0.954012 0.157303 0.091977 0.073836
1 0.802348 0.146067 0.147750 0.072231
1 0.617417 0.132424 0.122309 0.072231
1 0.464775 0.115570 0.106654 0.070626
1 0.210372 0.116372 0.062622 0.055377
1 0.153620 0.133226 0.078278 0.056982
1 0.134051 0.113162 0.070450 0.040128
1 0.061644 0.130016 0.061644 0.045746
1 0.038160 0.109952 0.051859 0.037721
1 0.008072 0.130819 0.016145 0.045746
