3 0.351786 0.651952 0.703571 0.579796
0 0.876020 0.421053 0.247959 0.271647
1 0.104082 0.389643 0.208163 0.148557
1 0.401020 0.337012 0.201020 0.129032
1 0.053827 0.328523 0.107653 0.126486
3 0.692857 0.242784 0.345918 0.205433
3 0.392857 0.227504 0.423469 0.235144
1 0.917347 0.252971 0.088775 0.074703
3 0.850000 0.193548 0.244898 0.151104
1 0.979592 0.241935 0.040816 0.070458
3 0.982143 0.170628 0.035714 0.102716
2 0.258163 0.529711 0.261225 0.247878
1 0.566327 0.464346 0.212245 0.158744
2 0.767347 0.389643 0.154082 0.152801
1 0.929592 0.367572 0.137755 0.110357
3 0.984184 0.297963 0.031633 0.186757
