1 0.661398 0.460800 0.163893 0.149600
1 0.863561 0.361600 0.099834 0.117600
3 0.976498 0.283200 0.047005 0.159200
1 0.008319 0.586400 0.016639 0.164800
2 0.190516 0.479200 0.216306 0.239200
1 0.443428 0.416000 0.172213 0.148000
2 0.608153 0.351200 0.125624 0.153600
1 0.739601 0.328000 0.113145 0.104000
3 0.868552 0.266400 0.192180 0.172800
1 0.959235 0.267200 0.065724 0.072000
1 0.043885 0.284000 0.087770 0.124800
1 0.317804 0.293600 0.157238 0.121600
1 0.561564 0.294400 0.133943 0.109600
1 0.574875 0.199200 0.102329 0.092800
1 0.862729 0.170400 0.052413 0.045600
2 0.905158 0.208000 0.059900 0.062400
1 0.006656 0.184000 0.013311 0.099200
1 0.105657 0.184800 0.133111 0.095200
1 0.260399 0.164800 0.119800 0.087200
1 0.402662 0.154400 0.102329 0.072000
3 0.573211 0.108800 0.202163 0.124800
1 0.059900 0.150400 0.119800 0.089600
1 0.210483 0.138400 0.112313 0.072000
1 0.345258 0.128000 0.089850 0.068000
1 0.469218 0.111200 0.079035 0.064800
1 0.757072 0.107200 0.049085 0.044000
1 0.779534 0.129600 0.052413 0.047200
1 0.818636 0.107200 0.045757 0.037600
