1 0.704357 0.170635 0.032158 0.041270
1 0.037863 0.972421 0.075726 0.055159
3 0.169087 0.365079 0.266598 0.299206
1 0.857884 0.214286 0.045643 0.052381
1 0.741701 0.234921 0.045643 0.061905
1 0.521784 0.796032 0.133817 0.233333
1 0.602697 0.200000 0.045643 0.056349
1 0.855809 0.286508 0.063278 0.060317
2 0.940871 0.246825 0.070539 0.079365
1 0.371369 0.359524 0.075726 0.090476
1 0.440871 0.246825 0.053942 0.065873
2 0.297718 0.880159 0.158714 0.239683
1 0.867220 0.438095 0.086100 0.115079
1 0.329876 0.252381 0.044606 0.064286
1 0.411826 0.205556 0.049793 0.067460
2 0.366183 0.196825 0.044606 0.065873
