1 0.603718 0.990847 0.110568 0.018307
1 0.525440 0.878719 0.086106 0.176201
1 0.552838 0.598398 0.065558 0.092677
1 0.490215 0.591533 0.067515 0.114416
1 0.622309 0.679634 0.065558 0.108696
1 0.347358 0.957952 0.094912 0.084096
1 0.515656 0.749428 0.092955 0.136156
1 0.345401 0.751716 0.063601 0.144165
1 0.199609 0.943650 0.113503 0.112700
3 0.394325 0.559497 0.086106 0.209382
1 0.240705 0.710526 0.073386 0.165904
1 0.280822 0.590389 0.047945 0.094966
3 0.316047 0.498856 0.089041 0.154462
1 0.181996 0.489703 0.042074 0.075515
1 0.226027 0.480549 0.036203 0.059497
