1 0.594523 0.666110 0.187279 0.235392
1 0.246466 0.052588 0.029152 0.037563
1 0.383392 0.292154 0.088339 0.101002
1 0.260601 0.084307 0.042403 0.041736
1 0.393110 0.087646 0.045053 0.039232
2 0.196996 0.204508 0.062721 0.099332
1 0.227915 0.169449 0.052120 0.059265
1 0.204947 0.916528 0.181095 0.166945
1 0.121908 0.282972 0.078622 0.114357
1 0.545053 0.112688 0.053887 0.047579
1 0.562721 0.148581 0.069788 0.065109
1 0.465548 0.177796 0.078622 0.060935
1 0.054770 0.152755 0.042403 0.057596
1 0.109541 0.125209 0.037986 0.049249
2 0.722615 0.158598 0.082156 0.075125
1 0.721731 0.206177 0.074205 0.102671
1 0.646643 0.232053 0.083922 0.073456
1 0.059187 0.106845 0.036219 0.049249
1 0.125442 0.083472 0.037986 0.045910
1 0.067138 0.079299 0.025618 0.037563
1 0.005521 0.211185 0.011042 0.070952
1 0.009055 0.083472 0.018110 0.041736
1 0.993816 0.424875 0.012367 0.111853
1 0.960026 0.472454 0.079947 0.136895
