1 0.182828 0.460356 0.146465 0.130259
3 0.410101 0.203074 0.173737 0.139968
1 0.331313 0.453074 0.132323 0.126214
1 0.322222 0.370550 0.112121 0.092233
1 0.468687 0.362460 0.101010 0.086570
1 0.263636 0.288026 0.088889 0.065534
1 0.161616 0.335761 0.113131 0.078479
1 0.421212 0.309061 0.102020 0.078479
1 0.523232 0.216828 0.057576 0.057443
1 0.042677 0.394013 0.085354 0.093851
1 0.383838 0.529126 0.148485 0.134304
1 0.516162 0.257282 0.079798 0.067152
2 0.457576 0.236246 0.081818 0.071197
1 0.501010 0.418285 0.124242 0.122977
3 0.808081 0.915858 0.383838 0.168285
1 0.582828 0.340615 0.087879 0.082524
2 0.380808 0.274272 0.077778 0.074434
1 0.552525 0.293689 0.079798 0.063107
1 0.876768 0.798544 0.246465 0.139968
1 0.682828 0.288026 0.075758 0.067152
1 0.870707 0.660194 0.258586 0.153722
1 0.431313 0.833333 0.304040 0.180421
3 0.144949 0.911003 0.289899 0.177993
2 0.491919 0.651294 0.211111 0.170712
2 0.695960 0.210356 0.116162 0.099515
1 0.022980 0.791262 0.045960 0.120550
