1 0.663386 0.123754 0.044291 0.073090
1 0.812008 0.225914 0.079724 0.094684
1 0.959646 0.727575 0.080709 0.239203
1 0.189961 0.651163 0.181102 0.228405
1 0.095472 0.517442 0.150591 0.173588
1 0.340551 0.323920 0.090551 0.127907
2 0.236220 0.284053 0.109252 0.191030
1 0.412402 0.210963 0.062008 0.088870
1 0.511811 0.173588 0.054134 0.080565
1 0.429134 0.137874 0.048228 0.064784
1 0.497047 0.087209 0.036417 0.051495
1 0.457677 0.066445 0.036417 0.049003
2 0.516732 0.055648 0.036417 0.057309
1 0.426181 0.053156 0.031496 0.041528
