0 0.792381 0.186548 0.088571 0.173858
1 0.998095 0.847716 0.003810 0.304568
1 0.558095 0.019670 0.039048 0.039340
1 0.507619 0.025381 0.041905 0.050761
1 0.532381 0.007931 0.037143 0.015863
1 0.581905 0.004124 0.037143 0.008249
2 0.473333 0.023477 0.041905 0.046954
1 0.731429 0.007931 0.041905 0.015863
1 0.671429 0.010470 0.048571 0.020939
1 0.778095 0.011739 0.050476 0.023477
2 0.661905 0.095178 0.054286 0.111675
1 0.583810 0.060914 0.067619 0.090102
1 0.223810 0.125635 0.076190 0.092640
2 0.582857 0.095178 0.076190 0.111675
1 0.331429 0.054569 0.063809 0.069797
3 0.255238 0.066942 0.170476 0.133883
1 0.422857 0.182741 0.079048 0.098985
1 0.390476 0.298223 0.111429 0.144670
1 0.437143 0.010470 0.049524 0.020939
3 0.228095 0.630076 0.456190 0.739848
1 0.187619 0.369289 0.124762 0.131980
2 0.488571 0.004124 0.042857 0.008249
1 0.198095 0.486041 0.155238 0.180203
