1 0.798780 0.935466 0.161585 0.129067
1 0.411585 0.220174 0.044715 0.090022
1 0.283537 0.170282 0.037602 0.061822
1 0.695122 0.567245 0.088415 0.161605
0 0.900406 0.655098 0.159553 0.411063
1 0.989837 0.634490 0.020325 0.200651
1 0.238821 0.154013 0.040650 0.056399
1 0.965193 0.406725 0.069614 0.116052
1 0.816057 0.359002 0.073171 0.103037
1 0.821138 0.251627 0.049797 0.071583
1 0.348577 0.553145 0.092480 0.136659
1 0.137195 0.682213 0.130081 0.189805
1 0.048781 0.494577 0.090447 0.140998
1 0.248984 0.953633 0.165650 0.092733
