0 0.431006 0.660163 0.289773 0.260163
1 0.655844 0.195935 0.073864 0.061789
1 0.031656 0.269919 0.062500 0.071545
1 0.029221 0.313008 0.058442 0.082927
2 0.701299 0.213008 0.093344 0.082927
1 0.554383 0.217886 0.107143 0.074797
1 0.184253 0.236585 0.116883 0.092683
1 0.593344 0.240650 0.099838 0.074797
1 0.324675 0.200813 0.110390 0.092683
1 0.442370 0.280488 0.116071 0.094309
1 0.434253 0.174797 0.084416 0.067480
1 0.431006 0.237398 0.107143 0.082927
0 0.275974 0.261789 0.159091 0.126829
2 0.237825 0.211382 0.132305 0.139024
