1 0.354737 0.917842 0.146316 0.164317
1 0.571579 0.933026 0.158947 0.133948
1 0.821053 0.922994 0.169474 0.154013
1 0.980789 0.943601 0.038421 0.112798
1 0.363158 0.691974 0.110526 0.226681
1 0.545263 0.699566 0.113684 0.213666
1 0.725263 0.735358 0.135789 0.231020
1 0.927368 0.770065 0.145263 0.236443
1 0.977368 0.662690 0.045263 0.206074
1 0.502105 0.478308 0.100000 0.200651
1 0.663158 0.558568 0.101053 0.174620
1 0.843158 0.572668 0.126316 0.231020
1 0.627368 0.441432 0.088421 0.148590
1 0.750526 0.439263 0.091579 0.144252
1 0.608421 0.351410 0.075789 0.123644
1 0.702105 0.334056 0.076842 0.116052
1 0.571579 0.277657 0.067368 0.099783
1 0.673684 0.271150 0.060000 0.099783
1 0.575789 0.216920 0.053684 0.090022
1 0.657895 0.215835 0.055790 0.092191
1 0.627368 0.174620 0.055790 0.082429
1 0.604211 0.132321 0.045263 0.077006
3 0.544211 0.112798 0.084211 0.185466
3 0.883684 0.381779 0.232632 0.424078
3 0.775789 0.202820 0.127368 0.236443
3 0.713684 0.114967 0.101053 0.182213
3 0.642105 0.063178 0.110526 0.126356
3 0.531579 0.053959 0.062105 0.107918
3 0.966842 0.407809 0.066316 0.418655
0 0.743158 0.023319 0.063158 0.046638
