0 0.339901 0.333021 0.078818 0.126642
1 0.632184 0.491557 0.062397 0.124766
1 0.168309 0.815197 0.219212 0.256098
1 0.641215 0.342401 0.045156 0.089118
2 0.720033 0.397749 0.055008 0.121951
1 0.692118 0.296435 0.045977 0.071295
1 0.698686 0.180113 0.027094 0.040338
2 0.726601 0.536585 0.061576 0.164165
1 0.723317 0.193246 0.022989 0.040338
1 0.505747 0.535647 0.089491 0.142589
1 0.747947 0.228893 0.038588 0.046904
1 0.707718 0.258912 0.041872 0.058161
1 0.767652 0.265478 0.049261 0.053471
1 0.614943 0.212946 0.029557 0.042214
1 0.668309 0.227017 0.030378 0.048780
1 0.593596 0.245779 0.036125 0.061914
1 0.568966 0.356473 0.049261 0.100375
1 0.623974 0.186679 0.030378 0.040338
1 0.885878 0.330206 0.068966 0.055347
1 0.867816 0.359287 0.082923 0.068480
1 0.539409 0.170732 0.030378 0.040338
1 0.525452 0.193246 0.035304 0.053471
1 0.574713 0.204503 0.027094 0.044090
1 0.565681 0.162289 0.033662 0.046904
3 0.627258 0.145403 0.074713 0.093809
3 0.961823 0.619137 0.076355 0.342402
