1 0.865571 0.177653 0.037718 0.041801
1 0.096712 0.659968 0.146035 0.163987
1 0.830754 0.204984 0.039652 0.053055
1 0.343327 0.360932 0.066731 0.087621
1 0.773694 0.255627 0.046422 0.061093
1 0.861702 0.274116 0.060928 0.061093
1 0.938104 0.252412 0.054159 0.061093
1 0.466151 0.345659 0.069632 0.097267
1 0.569632 0.342444 0.060928 0.083601
1 0.465184 0.241961 0.043520 0.057074
1 0.968085 0.204984 0.042553 0.053055
1 0.513540 0.274116 0.049323 0.061093
2 0.853965 0.536978 0.089942 0.150322
1 0.987186 0.545820 0.025629 0.131833
2 0.554159 0.178457 0.041586 0.081994
1 0.613153 0.201768 0.039652 0.053055
