1 0.269811 0.083857 0.031132 0.052411
2 0.192453 0.098532 0.033019 0.079665
1 0.866981 0.607966 0.117925 0.191824
1 0.241509 0.170860 0.049057 0.089099
1 0.088679 0.087002 0.037736 0.059748
2 0.516038 0.488470 0.078302 0.210692
1 0.601887 0.405660 0.078302 0.121593
1 0.139623 0.214885 0.052830 0.096436
1 0.234906 0.285115 0.064151 0.104822
1 0.064151 0.205451 0.053774 0.094340
2 0.518868 0.197065 0.048113 0.109015
1 0.183019 0.485325 0.080189 0.141509
1 0.050236 0.467505 0.100472 0.183438
2 0.402830 0.103774 0.033019 0.084906
2 0.576415 0.084906 0.033962 0.067086
