1 0.538462 0.864583 0.135747 0.270833
1 0.449095 0.138566 0.048643 0.062016
2 0.762443 0.880814 0.168552 0.238372
1 0.950226 0.718992 0.099548 0.227713
1 0.306561 0.111434 0.037330 0.048450
1 0.797511 0.433140 0.108597 0.137597
1 0.500000 0.148256 0.045249 0.068798
1 0.908371 0.421512 0.121041 0.128876
3 0.179864 0.106589 0.122172 0.128876
1 0.254525 0.174419 0.053167 0.062016
3 0.847285 0.221899 0.188914 0.206395
2 0.548643 0.141473 0.046380 0.078488
1 0.311086 0.190891 0.050905 0.073643
1 0.707014 0.255814 0.069005 0.098837
1 0.170814 0.303295 0.080317 0.087209
1 0.033088 0.479651 0.066176 0.132752
1 0.209276 0.520349 0.108597 0.147287
3 0.007636 0.295543 0.015271 0.310078
1 0.659502 0.144380 0.046380 0.066860
