3 0.635652 0.539783 0.642609 0.606691
0 0.210435 0.317360 0.193913 0.281193
1 0.081739 0.314647 0.101739 0.117541
1 0.023043 0.271248 0.046087 0.100362
1 0.903478 0.305606 0.193044 0.162749
1 0.644348 0.245027 0.170435 0.134720
1 0.946957 0.242315 0.106087 0.141049
3 0.397391 0.142857 0.294783 0.218807
3 0.653043 0.126582 0.360870 0.250452
1 0.206087 0.153707 0.075652 0.079566
3 0.263478 0.090416 0.208696 0.160940
1 0.132174 0.141953 0.076522 0.075045
3 0.083043 0.066004 0.166087 0.109403
2 0.767826 0.448463 0.222609 0.264014
1 0.505217 0.378843 0.180870 0.169078
2 0.333913 0.299277 0.131304 0.162749
1 0.195652 0.275769 0.117391 0.117541
3 0.081304 0.201627 0.162609 0.198915
