2 0.936407 0.884244 0.127186 0.225080
3 0.753577 0.605305 0.492846 0.536978
1 0.121622 0.460611 0.116852 0.129421
1 0.025040 0.364148 0.050079 0.101286
1 0.982512 0.594855 0.034976 0.168006
2 0.795707 0.484727 0.203498 0.237942
1 0.555644 0.421222 0.164547 0.150322
2 0.397456 0.355305 0.120032 0.150322
1 0.272655 0.331994 0.108108 0.104502
3 0.150238 0.269293 0.185215 0.173633
1 0.062798 0.269293 0.061208 0.072347
1 0.018482 0.255627 0.036963 0.053055
2 0.850556 0.406752 0.225755 0.213022
1 0.616057 0.352894 0.140699 0.127814
1 0.425278 0.291801 0.121622 0.123794
0 0.320350 0.168006 0.110493 0.139068
1 0.172496 0.186495 0.054849 0.057074
1 0.090620 0.196945 0.038951 0.053055
1 0.982512 0.187299 0.034976 0.098071
1 0.878378 0.186495 0.127186 0.095659
1 0.730525 0.168006 0.113673 0.083601
1 0.595389 0.155949 0.096184 0.073955
3 0.439587 0.112540 0.196343 0.133441
1 0.967607 0.160772 0.064785 0.070740
1 0.850556 0.147910 0.118442 0.072347
1 0.709062 0.136656 0.102544 0.072347
1 0.573132 0.119775 0.091415 0.072347
1 0.377583 0.118167 0.053259 0.055466
1 0.315580 0.137460 0.062798 0.051447
1 0.312401 0.112540 0.060413 0.044212
1 0.244833 0.132637 0.050874 0.049839
1 0.231320 0.109325 0.040541 0.037781
1 0.191574 0.132637 0.040541 0.045820
