1 0.654687 0.101911 0.039844 0.045382
1 0.242188 0.880573 0.253125 0.238853
1 0.532031 0.381369 0.099219 0.128185
1 0.557813 0.144108 0.050781 0.054936
2 0.425781 0.152070 0.071094 0.085191
1 0.800781 0.390924 0.083594 0.126592
1 0.532813 0.187898 0.077344 0.073248
1 0.363281 0.150478 0.061719 0.066083
1 0.714063 0.219745 0.062500 0.081210
1 0.413281 0.261943 0.088281 0.085191
1 0.844531 0.178344 0.041406 0.064490
1 0.264063 0.281051 0.102344 0.092357
1 0.214844 0.253981 0.097656 0.085191
1 0.155469 0.229299 0.084375 0.079618
