0 0.334380 0.253108 0.072998 0.121670
1 0.527473 0.126110 0.032182 0.046181
1 0.569074 0.134103 0.033752 0.044405
1 0.548666 0.111901 0.030612 0.041741
1 0.507849 0.106572 0.030612 0.044405
1 0.528257 0.095915 0.029042 0.038188
2 0.597331 0.126998 0.034537 0.055062
2 0.383046 0.134991 0.035322 0.058615
1 0.437206 0.115453 0.040816 0.055062
2 0.416797 0.125222 0.047881 0.058615
1 0.833595 0.220249 0.069074 0.061279
3 0.918171 0.206039 0.163658 0.193606
1 0.507064 0.171403 0.049451 0.063055
1 0.547096 0.225577 0.060440 0.075488
1 0.715071 0.154529 0.050235 0.048845
3 0.580063 0.321492 0.235479 0.328597
1 0.635008 0.237123 0.071429 0.069272
2 0.627159 0.126110 0.040816 0.056838
1 0.608320 0.272647 0.068289 0.075488
1 0.623234 0.111012 0.043171 0.044405
1 0.872057 0.477797 0.125589 0.115453
