0 0.356506 0.212644 0.082888 0.157471
1 0.575758 0.048276 0.036542 0.059770
1 0.622995 0.058621 0.038324 0.057471
1 0.599822 0.029885 0.034759 0.054023
1 0.553476 0.026437 0.034759 0.052874
1 0.576649 0.016954 0.032977 0.033908
2 0.655971 0.049425 0.039216 0.071264
2 0.397504 0.045977 0.039216 0.079310
1 0.459002 0.030172 0.042781 0.060345
2 0.430481 0.037931 0.047237 0.073563
1 0.964572 0.200000 0.070856 0.083908
3 0.989082 0.171264 0.021836 0.248276
1 0.529412 0.083908 0.046346 0.073563
1 0.553476 0.139080 0.059715 0.087356
1 0.819964 0.105747 0.060606 0.071264
3 0.582888 0.237931 0.232620 0.357471
1 0.653298 0.159770 0.074866 0.083908
2 0.696970 0.055172 0.040107 0.073563
1 0.617647 0.194253 0.063280 0.089655
1 0.712121 0.041379 0.050802 0.057471
1 0.868984 0.416092 0.127451 0.133333
1 0.993538 0.501149 0.012923 0.157471
1 0.633690 0.015805 0.042781 0.031609
