1 0.256410 0.000700 0.034188 0.001399
1 0.206838 0.000700 0.028205 0.001399
1 0.194872 0.010494 0.035043 0.020989
1 0.335043 0.018190 0.038462 0.036381
2 0.462393 0.325560 0.129060 0.194963
1 0.298291 0.339552 0.089744 0.137127
2 0.076923 0.278918 0.082051 0.201493
1 0.240171 0.140858 0.064957 0.095149
1 0.435043 0.024021 0.045299 0.048041
1 0.317094 0.074627 0.048718 0.046642
1 0.108547 0.118470 0.053846 0.083955
1 0.081197 0.722015 0.123932 0.254664
1 0.610256 0.118470 0.071795 0.082090
1 0.561538 0.147388 0.077778 0.088619
1 0.539316 0.197761 0.082906 0.085821
1 0.038462 0.032649 0.036752 0.046642
