3 0.945848 0.231499 0.108305 0.170778
1 0.891267 0.331120 0.081336 0.098672
3 0.644692 0.464896 0.452055 0.499051
3 0.187500 0.749526 0.375000 0.500949
3 0.724315 0.201139 0.178938 0.195446
1 0.560788 0.293169 0.103596 0.112903
1 0.401541 0.359583 0.134418 0.139469
1 0.199486 0.442125 0.167808 0.168880
3 0.072774 0.357685 0.145548 0.256167
1 0.312500 0.324478 0.133562 0.126186
1 0.494007 0.262808 0.099315 0.112903
3 0.627568 0.181214 0.184075 0.180266
3 0.696062 0.611954 0.391267 0.546490
1 0.007706 0.332068 0.015411 0.140417
1 0.028253 0.521822 0.056507 0.136622
