1 0.087926 0.502160 0.175852 0.209503
1 0.439880 0.374730 0.208417 0.168467
1 0.835671 0.269978 0.127254 0.125270
3 0.415832 0.648758 0.740481 0.702484
0 0.897044 0.394168 0.205912 0.335853
1 0.997745 0.390929 0.004509 0.140389
1 0.107966 0.381210 0.215932 0.188985
1 0.407816 0.305616 0.197395 0.164147
1 0.059118 0.304536 0.118237 0.168467
3 0.690381 0.185745 0.339679 0.261339
3 0.395792 0.166307 0.415832 0.299136
1 0.910822 0.191145 0.088176 0.097192
3 0.844689 0.123110 0.240481 0.192225
1 0.975952 0.184665 0.048096 0.089633
3 0.978457 0.093952 0.043086 0.130670
2 0.263527 0.550756 0.256513 0.315335
1 0.566132 0.467603 0.208417 0.201944
2 0.763527 0.372570 0.151303 0.194384
1 0.922846 0.344492 0.135271 0.140389
3 0.980461 0.255940 0.039078 0.237581
