1 0.044660 0.443532 0.089319 0.172485
1 0.192817 0.382957 0.127599 0.119096
1 0.354442 0.311088 0.102079 0.109856
2 0.478261 0.263860 0.083176 0.092402
2 0.650284 0.646817 0.151229 0.243326
1 0.588847 0.228953 0.061437 0.063655
1 0.273157 0.418891 0.129490 0.131417
2 0.117675 0.866016 0.235350 0.267967
1 0.358223 0.732033 0.186200 0.223819
3 0.589792 0.365503 0.220227 0.270021
1 0.015123 0.686858 0.030246 0.262834
1 0.290170 0.628337 0.200378 0.197125
1 0.547259 0.573922 0.135161 0.172485
2 0.086484 0.719713 0.172968 0.282341
1 0.138941 0.567762 0.185255 0.163244
1 0.356333 0.450719 0.136106 0.138604
1 0.724953 0.399384 0.078450 0.124230
1 0.640832 0.482546 0.090737 0.129363
1 0.480151 0.378850 0.101134 0.129363
1 0.713611 0.327515 0.053875 0.085216
