0 0.363366 0.256849 0.095050 0.115582
1 0.521782 0.512842 0.153465 0.156678
1 0.690099 0.299658 0.059406 0.085616
1 0.673267 0.159247 0.039604 0.044521
1 0.655446 0.208904 0.047525 0.065068
1 0.628713 0.115582 0.039604 0.038527
2 0.729703 0.154966 0.048515 0.059075
2 0.779208 0.244863 0.048515 0.087329
1 0.686139 0.127568 0.046535 0.040240
1 0.855446 0.192637 0.060396 0.050514
2 0.771287 0.159247 0.042574 0.060788
1 0.963366 0.227740 0.072277 0.056507
1 0.604951 0.147260 0.036634 0.042808
1 0.725743 0.116438 0.034653 0.036815
1 0.652475 0.108733 0.034653 0.036815
1 0.701980 0.100171 0.034653 0.034247
1 0.579208 0.092466 0.040594 0.038527
1 0.559406 0.104452 0.042574 0.042808
