1 0.365385 0.458692 0.116186 0.144578
3 0.547276 0.181583 0.137820 0.147160
1 0.483974 0.448365 0.103365 0.132530
1 0.477564 0.359725 0.087340 0.095525
1 0.597756 0.349398 0.077724 0.086059
1 0.427885 0.272806 0.069712 0.067126
1 0.349359 0.319277 0.089744 0.075732
1 0.555288 0.297762 0.080930 0.086059
1 0.637019 0.196213 0.047276 0.050775
1 0.233173 0.386403 0.112981 0.092083
1 0.093750 0.453528 0.135417 0.105852
1 0.528045 0.525818 0.115385 0.148881
1 0.629006 0.243546 0.061699 0.073150
2 0.570513 0.226334 0.068109 0.077453
1 0.619391 0.413081 0.098558 0.128227
1 0.973758 0.721170 0.052484 0.172978
3 0.580128 0.927711 0.826122 0.144578
1 0.693910 0.313253 0.064904 0.092083
2 0.470353 0.281411 0.071314 0.086059
1 0.662660 0.831325 0.249199 0.148881
1 0.725160 0.233219 0.058494 0.071429
1 0.210737 0.870052 0.243590 0.202238
1 0.840545 0.201377 0.054487 0.062823
1 0.193109 0.667814 0.195513 0.150602
1 0.032252 0.788296 0.064503 0.150602
