1 0.422670 0.413655 0.135593 0.192771
1 0.520127 0.292169 0.098517 0.133534
1 0.645127 0.202811 0.088983 0.107430
1 0.710805 0.156627 0.066737 0.078313
1 0.769068 0.124498 0.068856 0.076305
1 0.318856 0.371486 0.136653 0.145582
1 0.418432 0.295181 0.105932 0.111446
1 0.518009 0.205823 0.097458 0.109438
1 0.598517 0.165663 0.077331 0.088353
1 0.673729 0.130522 0.077331 0.076305
1 0.143008 0.404618 0.161017 0.154618
3 0.323093 0.227912 0.272246 0.269076
1 0.518009 0.163655 0.083686 0.092369
1 0.151483 0.289157 0.114407 0.095382
1 0.394068 0.165663 0.088983 0.081325
1 0.453390 0.124498 0.077331 0.066265
1 0.503178 0.104418 0.068856 0.064257
1 0.036282 0.298193 0.072564 0.095382
1 0.155720 0.230924 0.100636 0.081325
1 0.269068 0.192771 0.105932 0.083333
2 0.352754 0.137550 0.090042 0.083333
1 0.437500 0.093373 0.073093 0.073293
1 0.117585 0.200803 0.109110 0.085341
1 0.076271 0.719880 0.152542 0.190763
1 0.427966 0.894327 0.308263 0.211345
2 0.762712 0.712851 0.288136 0.204819
1 0.046081 0.895080 0.092161 0.209839
1 0.736229 0.093373 0.080509 0.071285
