1 0.740954 0.169550 0.049342 0.059689
1 0.048314 0.515571 0.096628 0.131488
1 0.716283 0.189446 0.042763 0.061419
1 0.080592 0.371972 0.129112 0.106401
1 0.297697 0.397059 0.117599 0.102941
1 0.196546 0.397059 0.120888 0.112457
1 0.237664 0.318339 0.096217 0.094291
1 0.242599 0.277682 0.088816 0.082180
2 0.365954 0.250000 0.099507 0.141869
1 0.654605 0.287197 0.053454 0.096021
1 0.347862 0.238754 0.066612 0.088235
1 0.461349 0.286332 0.078947 0.092561
1 0.443257 0.230104 0.053454 0.073529
1 0.735197 0.350346 0.068257 0.100346
1 0.607730 0.413495 0.063322 0.118512
2 0.501645 0.355536 0.078125 0.122837
1 0.745066 0.553633 0.088816 0.180796
1 0.527138 0.175606 0.043586 0.071799
1 0.445724 0.177336 0.059211 0.079585
1 0.630757 0.629758 0.082237 0.186851
1 0.497533 0.150519 0.040296 0.061419
1 0.636513 0.892734 0.125000 0.214533
