3 0.700127 0.575939 0.599745 0.572526
0 0.298812 0.366041 0.189304 0.265358
1 0.173175 0.363481 0.099321 0.110922
1 0.094228 0.322526 0.088285 0.094710
3 0.033319 0.262799 0.066638 0.157850
1 0.940577 0.354949 0.118846 0.153584
1 0.722411 0.297782 0.166384 0.127133
1 0.983022 0.295222 0.033956 0.133106
3 0.481324 0.201365 0.287776 0.206485
3 0.730900 0.186007 0.352292 0.236348
1 0.294567 0.211604 0.073854 0.075085
3 0.350594 0.151877 0.203735 0.151877
1 0.222411 0.200512 0.074703 0.070819
3 0.170628 0.128840 0.169779 0.103242
2 0.842954 0.489761 0.217318 0.249147
1 0.586587 0.424061 0.176570 0.159556
2 0.419355 0.348976 0.128183 0.153584
1 0.284380 0.326792 0.114601 0.110922
3 0.151952 0.256826 0.200340 0.187713
