1 0.088235 0.389815 0.147876 0.120370
1 0.132353 0.430556 0.153595 0.102778
1 0.254085 0.300926 0.108660 0.083333
1 0.290850 0.342593 0.117647 0.083333
1 0.374183 0.237963 0.080882 0.078704
1 0.395425 0.271296 0.095588 0.083333
1 0.412582 0.178704 0.066176 0.061111
1 0.464869 0.192593 0.071078 0.063889
1 0.475490 0.221296 0.072712 0.076852
1 0.474673 0.138889 0.058007 0.054630
1 0.523693 0.140741 0.062908 0.065741
1 0.540033 0.180556 0.067810 0.061111
1 0.544118 0.111111 0.052288 0.054630
1 0.591503 0.106481 0.051471 0.063889
1 0.603758 0.140741 0.055556 0.063889
1 0.641340 0.116667 0.051471 0.059259
1 0.530229 0.455556 0.121732 0.203704
1 0.828431 0.117593 0.058824 0.057407
