1 0.417012 0.322457 0.156639 0.145873
1 0.193983 0.184261 0.074689 0.109405
1 0.935425 0.264875 0.129149 0.124760
1 0.770747 0.189060 0.103734 0.099808
1 0.045643 0.263916 0.091286 0.132438
1 0.014523 0.369482 0.029046 0.189059
1 0.288382 0.356046 0.191909 0.154511
1 0.237552 0.466411 0.203320 0.184261
1 0.715768 0.228407 0.149378 0.118042
1 0.579876 0.210173 0.150415 0.122841
1 0.754149 0.696737 0.328838 0.265835
1 0.252075 0.711132 0.262448 0.286948
1 0.341286 0.153551 0.127593 0.109405
1 0.426349 0.114203 0.106847 0.095969
1 0.369295 0.110365 0.112033 0.120921
1 0.855550 0.931862 0.288900 0.136276
