1 0.096591 0.163399 0.094968 0.062091
3 0.744318 0.082516 0.224026 0.118464
1 0.662338 0.151961 0.090909 0.056373
1 0.536526 0.129085 0.081169 0.050654
2 0.206981 0.307190 0.117695 0.111928
1 0.459416 0.141340 0.083604 0.058007
1 0.323864 0.124183 0.077922 0.053922
1 0.660714 0.415850 0.162338 0.108660
3 0.257305 0.064338 0.206981 0.128676
2 0.611201 0.320261 0.125812 0.116013
1 0.495942 0.268791 0.135552 0.094771
1 0.159903 0.141340 0.094968 0.053922
1 0.096591 0.124183 0.083604 0.052288
1 0.955966 0.441176 0.088068 0.116013
