2 0.055116 0.556190 0.110232 0.281905
1 0.294304 0.481905 0.219409 0.180952
2 0.505274 0.400952 0.160338 0.171429
1 0.671941 0.373333 0.142405 0.121905
3 0.832278 0.300000 0.252110 0.205714
1 0.949367 0.300000 0.079114 0.083810
1 0.983914 0.287619 0.032173 0.079048
2 0.027162 0.458095 0.054325 0.248571
1 0.216245 0.401905 0.190928 0.160000
1 0.420886 0.334286 0.169831 0.138095
1 0.587553 0.303810 0.139240 0.115238
1 0.697257 0.281905 0.093882 0.092381
1 0.814346 0.248571 0.080169 0.074286
1 0.340717 0.280952 0.157173 0.115238
1 0.767932 0.200952 0.080169 0.060952
1 0.954641 0.239048 0.051688 0.056190
1 0.068565 0.179048 0.137131 0.090476
1 0.241561 0.164762 0.126582 0.092381
3 0.445148 0.117143 0.260548 0.151429
1 0.038766 0.146667 0.077532 0.095238
1 0.207806 0.123810 0.123418 0.087619
1 0.370253 0.118095 0.088608 0.069524
1 0.619198 0.146667 0.085443 0.062857
1 0.575949 0.122857 0.074894 0.065714
1 0.710970 0.135238 0.068565 0.056190
1 0.664557 0.114286 0.055907 0.047619
1 0.778481 0.133333 0.060127 0.054286
1 0.726793 0.106667 0.064346 0.054286
