0 0.463956 0.821802 0.347505 0.356395
1 0.885397 0.184884 0.097043 0.104651
1 0.732902 0.227907 0.107209 0.094186
1 0.536969 0.280233 0.128466 0.112791
0 0.300370 0.280233 0.180222 0.173256
1 0.521257 0.229070 0.113678 0.106977
1 0.673752 0.198837 0.103512 0.090698
1 0.847505 0.156977 0.081331 0.076744
1 0.480592 0.139535 0.091497 0.084884
1 0.354898 0.177907 0.121072 0.120930
2 0.180222 0.224419 0.162662 0.220930
1 0.027495 0.273256 0.054991 0.098837
1 0.023105 0.338372 0.046211 0.110465
1 0.821627 0.260465 0.111830 0.098837
1 0.492606 0.386047 0.136784 0.138372
