1 0.468750 0.528523 0.135417 0.172819
1 0.568182 0.420302 0.095644 0.123322
1 0.697917 0.324664 0.084280 0.101510
1 0.768939 0.280201 0.069129 0.069631
1 0.819129 0.250839 0.057765 0.061242
1 0.329545 0.536913 0.136364 0.155201
1 0.455492 0.429530 0.103220 0.107383
1 0.594697 0.318792 0.078599 0.083893
1 0.664773 0.283557 0.065341 0.061242
1 0.737689 0.255034 0.071023 0.059564
1 0.006866 0.877517 0.013731 0.244966
3 0.290720 0.416107 0.317235 0.290268
1 0.576705 0.286913 0.076705 0.069631
1 0.407197 0.338087 0.101326 0.073826
1 0.474432 0.288591 0.074811 0.065436
1 0.536932 0.255034 0.075758 0.061242
1 0.586174 0.226510 0.060606 0.047819
1 0.312500 0.389262 0.122159 0.085570
1 0.135417 0.392617 0.120265 0.079698
1 0.286932 0.340604 0.112689 0.077181
1 0.384470 0.302013 0.097538 0.071309
2 0.451705 0.253356 0.069129 0.059564
1 0.527462 0.224832 0.057765 0.049497
1 0.471591 0.227349 0.055871 0.052013
1 0.667614 0.250839 0.075758 0.061242
1 0.016335 0.468960 0.032670 0.114933
2 0.892992 0.682886 0.214015 0.182886
1 0.186553 0.439597 0.140152 0.095638
1 0.749053 0.221477 0.069129 0.063758
1 0.531250 0.713087 0.230114 0.151007
1 0.829545 0.204698 0.076705 0.043624
1 0.037405 0.520134 0.074811 0.111577
1 0.379735 0.260067 0.078599 0.055369
1 0.855114 0.221477 0.067235 0.041946
1 0.036695 0.402685 0.073390 0.073826
