1 0.750471 0.613454 0.127119 0.225904
1 0.875706 0.045181 0.033898 0.057229
2 0.728814 0.356426 0.074388 0.166667
1 0.902072 0.065261 0.038606 0.057229
1 0.725047 0.228916 0.057439 0.092369
1 0.950094 0.057229 0.045198 0.059237
1 0.829567 0.067269 0.041431 0.064257
1 0.611111 0.109438 0.037665 0.073293
2 0.689266 0.109438 0.044256 0.097390
1 0.814501 0.212851 0.061205 0.109438
2 0.970574 0.132530 0.058851 0.111446
1 0.604520 0.275100 0.071563 0.107430
1 0.661017 0.076305 0.031073 0.069277
1 0.748588 0.065261 0.041431 0.073293
3 0.519774 0.595382 0.213748 0.604418
