1 0.252577 0.653484 0.104124 0.140301
1 0.324742 0.584746 0.078350 0.113936
1 0.315464 0.432203 0.065979 0.082863
1 0.382474 0.425612 0.065979 0.084746
3 0.194845 0.906780 0.330928 0.186441
1 0.570103 0.873823 0.131959 0.223164
1 0.241237 0.496234 0.064948 0.082863
1 0.444330 0.616761 0.087629 0.122411
3 0.631959 0.565913 0.153608 0.345574
1 0.612371 0.455744 0.064948 0.089454
1 0.598969 0.405838 0.053608 0.071563
1 0.473196 0.449153 0.065979 0.084746
1 0.631959 0.363465 0.053608 0.064972
1 0.682474 0.370056 0.049485 0.064972
3 0.579381 0.320151 0.087629 0.113936
