1 0.955501 0.462323 0.088998 0.094976
1 0.931351 0.505494 0.137299 0.089482
1 0.811270 0.396389 0.126118 0.076138
1 0.768336 0.438775 0.131485 0.089482
1 0.668157 0.339089 0.095707 0.072213
1 0.655635 0.375196 0.110912 0.072213
1 0.637746 0.296703 0.072451 0.054160
1 0.578712 0.301413 0.079606 0.055730
1 0.564401 0.326531 0.090340 0.065149
1 0.567084 0.263736 0.068873 0.048666
1 0.509839 0.260597 0.070662 0.059655
1 0.492844 0.293564 0.082290 0.055730
1 0.482111 0.229984 0.053667 0.051805
1 0.440072 0.233124 0.059928 0.055730
1 0.393560 0.246468 0.064401 0.051805
1 0.339893 0.221350 0.057245 0.050235
1 0.465116 0.431711 0.108229 0.105965
