0 0.628391 0.278061 0.086799 0.113095
1 0.583183 0.755102 0.219711 0.238095
2 0.930606 0.920068 0.138788 0.159864
1 0.236890 0.583333 0.116637 0.183673
1 0.150995 0.136905 0.040687 0.036565
1 0.172694 0.368197 0.058770 0.108844
1 0.224231 0.143707 0.028933 0.034014
1 0.299277 0.246599 0.038879 0.056122
1 0.279385 0.375850 0.060579 0.107143
1 0.527125 0.544218 0.163653 0.183673
1 0.241411 0.243197 0.043400 0.058673
1 0.197107 0.167517 0.037071 0.032313
1 0.191682 0.192177 0.047016 0.038265
1 0.357143 0.212585 0.037071 0.056122
1 0.409584 0.368197 0.067812 0.116497
1 0.339060 0.306122 0.047016 0.076531
1 0.315552 0.192177 0.037071 0.058673
3 0.261302 0.158163 0.073237 0.119048
3 0.077306 0.319728 0.154611 0.248299
3 0.090416 0.212585 0.132911 0.130952
1 0.401447 0.243197 0.044304 0.078231
1 0.366184 0.165816 0.033454 0.048469
1 0.439421 0.156463 0.032550 0.042517
1 0.462025 0.129252 0.032550 0.038265
1 0.416817 0.125000 0.033454 0.034014
3 0.319168 0.103741 0.062387 0.076531
