1 0.592271 0.520668 0.054416 0.067568
1 0.540221 0.516693 0.054416 0.075517
1 0.645110 0.585056 0.052839 0.079491
1 0.451893 0.991256 0.097003 0.017488
3 0.786869 0.829094 0.426262 0.341812
1 0.581230 0.561208 0.063091 0.067568
1 0.422713 0.890302 0.100158 0.178855
3 0.659306 0.680445 0.176656 0.263911
1 0.190063 0.941971 0.148265 0.116057
1 0.494480 0.532591 0.054416 0.069952
1 0.683754 0.498410 0.079653 0.052464
1 0.485016 0.468998 0.057571 0.056439
1 0.425079 0.558029 0.051262 0.075517
1 0.346215 0.534976 0.047319 0.077106
1 0.422713 0.457870 0.049685 0.050874
1 0.379338 0.489666 0.041798 0.060413
1 0.364353 0.444356 0.032334 0.050874
1 0.458202 0.625596 0.062303 0.096184
1 0.226341 0.766296 0.153785 0.152623
2 0.337539 0.420509 0.035489 0.056439
