1 0.640411 0.434021 0.167808 0.176289
3 0.382420 0.098969 0.196347 0.173196
1 0.471461 0.421650 0.147260 0.156701
1 0.480594 0.314433 0.124429 0.114433
1 0.310502 0.296907 0.113014 0.105155
1 0.552511 0.209278 0.099315 0.080412
1 0.663242 0.262887 0.126712 0.085567
1 0.371005 0.240206 0.117580 0.103093
1 0.253425 0.118557 0.068493 0.058763
1 0.827626 0.346392 0.160959 0.107217
1 0.965468 0.428866 0.069064 0.126804
1 0.407534 0.512371 0.164384 0.180412
1 0.263699 0.177320 0.092466 0.085567
2 0.357306 0.157732 0.099315 0.092784
1 0.277397 0.376289 0.135845 0.144330
3 0.500000 0.955670 1.000000 0.088660
1 0.144977 0.229897 0.085616 0.100000
2 0.570776 0.268041 0.109589 0.117526
1 0.480594 0.891753 0.352740 0.144330
1 0.063927 0.136082 0.083333 0.075258
1 0.954053 0.906443 0.091895 0.187113
