2 0.611332 0.250430 0.095427 0.117900
2 0.715706 0.311532 0.112326 0.117900
1 0.964215 0.441480 0.071571 0.132530
1 0.670974 0.213425 0.068588 0.065404
3 0.478131 0.188468 0.171968 0.148881
1 0.744533 0.222892 0.072565 0.055077
1 0.748509 0.184165 0.070577 0.047332
1 0.122266 0.174699 0.080517 0.043029
1 0.271372 0.171256 0.078529 0.047332
1 0.663022 0.791738 0.325050 0.185886
1 0.859841 0.176420 0.074553 0.049053
1 0.696819 0.925990 0.325050 0.148021
1 0.168986 0.357143 0.128231 0.092083
1 0.508946 0.158348 0.074553 0.044750
1 0.009692 0.451807 0.019384 0.099828
3 0.063867 0.839286 0.127734 0.321429
1 0.960239 0.162651 0.076541 0.044750
