1 0.903986 0.898641 0.159420 0.202719
1 0.808877 0.745863 0.091486 0.226950
1 0.332428 0.989362 0.143116 0.021277
1 0.517210 0.937943 0.115942 0.124113
1 0.760870 0.987293 0.169384 0.025414
1 0.508152 0.744681 0.104167 0.247045
1 0.339674 0.870272 0.111413 0.259456
1 0.739130 0.542553 0.102355 0.210402
1 0.685688 0.847813 0.138587 0.304374
1 0.959918 0.423168 0.080163 0.140662
1 0.882246 0.432624 0.095109 0.151300
1 0.791667 0.238771 0.061594 0.106383
1 0.875906 0.277778 0.066123 0.108747
1 0.080616 0.417258 0.115942 0.196217
2 0.567935 0.132388 0.043478 0.108747
2 0.765399 0.113475 0.039855 0.092199
