2 0.064973 0.538278 0.129946 0.246412
1 0.716727 0.258373 0.051259 0.068182
1 0.125000 0.466507 0.107914 0.127990
1 0.086331 0.699761 0.171763 0.200957
1 0.214928 0.477273 0.089029 0.127990
1 0.688849 0.308612 0.042266 0.082536
1 0.616007 0.327751 0.044065 0.090909
1 0.686151 0.395933 0.051259 0.113636
1 0.367806 0.374402 0.076439 0.101675
1 0.269784 0.366029 0.087230 0.119617
1 0.592626 0.400718 0.051259 0.110048
1 0.362410 0.315789 0.064748 0.099282
1 0.580036 0.546651 0.062050 0.173445
1 0.687050 0.574163 0.065648 0.155502
1 0.452338 0.303828 0.054856 0.090909
1 0.443345 0.261962 0.058453 0.090909
1 0.385791 0.258373 0.053057 0.078947
1 0.704137 0.855263 0.093525 0.221292
1 0.512590 0.252392 0.044065 0.078947
