1 0.627534 0.768388 0.081081 0.146322
1 0.558277 0.648670 0.067568 0.107199
1 0.576858 0.478873 0.054899 0.059468
1 0.524493 0.473396 0.058277 0.074335
1 0.637669 0.537559 0.049831 0.078247
3 0.140414 0.926448 0.280828 0.146322
1 0.198480 0.828638 0.114020 0.151800
1 0.402027 0.693271 0.068412 0.143193
1 0.524493 0.574335 0.071791 0.085289
1 0.391047 0.547731 0.050676 0.085289
1 0.298986 0.654930 0.070101 0.124413
3 0.429899 0.449139 0.074324 0.125978
1 0.311655 0.515649 0.050676 0.101721
1 0.323480 0.460876 0.041385 0.059468
3 0.358953 0.405321 0.085304 0.098592
