1 0.899132 0.568067 0.170282 0.207563
1 0.828633 0.424370 0.105206 0.133613
0 0.779826 0.238655 0.100868 0.117647
1 0.892625 0.321008 0.087853 0.121849
1 0.515184 0.117647 0.043384 0.042017
1 0.456616 0.126050 0.046638 0.042017
1 0.701735 0.110084 0.056399 0.047899
1 0.622560 0.120168 0.059653 0.042017
1 0.485900 0.106723 0.039046 0.037815
1 0.183297 0.182353 0.082429 0.052101
3 0.463124 0.269748 0.274404 0.300840
1 0.417570 0.205882 0.074837 0.063866
1 0.543384 0.103361 0.040130 0.042017
1 0.312364 0.133613 0.061822 0.043697
1 0.259219 0.331092 0.124729 0.093277
1 0.037690 0.418487 0.075380 0.101681
2 0.026302 0.727731 0.052603 0.252941
1 0.514100 0.090756 0.039046 0.033613
1 0.442516 0.094958 0.046638 0.036134
