3 0.726699 0.664574 0.546603 0.670852
0 0.312718 0.417031 0.212544 0.339520
1 0.160279 0.399563 0.101916 0.141921
1 0.079268 0.347162 0.090592 0.121179
3 0.025479 0.270742 0.050958 0.201965
1 0.943380 0.388646 0.113240 0.196507
1 0.723868 0.315502 0.170732 0.162664
1 0.986934 0.312227 0.026132 0.170306
3 0.476481 0.192140 0.295296 0.264192
3 0.732578 0.172489 0.361498 0.302402
1 0.284843 0.205240 0.075784 0.096070
3 0.342335 0.128821 0.209059 0.194323
1 0.210801 0.191048 0.076655 0.090611
3 0.157666 0.099345 0.174216 0.132096
2 0.847561 0.561135 0.222997 0.318777
1 0.584495 0.477074 0.181185 0.204148
2 0.412892 0.381004 0.131533 0.196507
1 0.274390 0.352620 0.117596 0.141921
3 0.138502 0.263100 0.205575 0.240175
