1 0.289786 0.171627 0.051069 0.063492
1 0.701900 0.687500 0.136580 0.221230
1 0.368171 0.233135 0.052256 0.070436
1 0.908551 0.436508 0.099762 0.113095
1 0.764846 0.459325 0.095012 0.122024
1 0.587886 0.376984 0.070071 0.101190
1 0.178147 0.166667 0.043943 0.051587
1 0.820665 0.343254 0.074822 0.084325
1 0.723278 0.353175 0.067696 0.094246
1 0.336104 0.346230 0.071259 0.103175
1 0.188836 0.385913 0.081948 0.122024
1 0.566508 0.266865 0.052257 0.072421
1 0.218527 0.757937 0.162708 0.245040
1 0.004454 0.498016 0.008907 0.128968
1 0.568884 0.207341 0.042755 0.058532
0 0.641330 0.201389 0.055819 0.125000
1 0.704276 0.197421 0.051069 0.058532
