1 0.243659 0.400194 0.206522 0.162791
1 0.538949 0.317829 0.154891 0.140504
1 0.749094 0.263566 0.119565 0.112403
3 0.375906 0.613372 0.669384 0.650194
0 0.818841 0.375000 0.201993 0.301357
1 0.949955 0.372093 0.100091 0.125969
1 0.994339 0.316860 0.011322 0.115310
1 0.097600 0.363372 0.195199 0.169574
1 0.368659 0.295543 0.178442 0.147287
1 0.053442 0.294574 0.106884 0.151163
3 0.624094 0.187984 0.307065 0.234496
3 0.357790 0.170543 0.375906 0.268411
1 0.823370 0.192829 0.079710 0.087209
3 0.763587 0.131783 0.217391 0.172481
1 0.900362 0.187016 0.079710 0.080426
3 0.932518 0.105620 0.134964 0.117248
2 0.238225 0.515504 0.231884 0.282946
1 0.511775 0.440891 0.188406 0.181202
2 0.690217 0.355620 0.136775 0.174419
1 0.834239 0.330426 0.122283 0.125969
3 0.934330 0.250969 0.131341 0.213178
