1 0.192464 0.107877 0.037678 0.047089
1 0.251527 0.109589 0.036660 0.050514
1 0.117108 0.117295 0.033605 0.048801
1 0.247454 0.161815 0.043788 0.054795
1 0.096741 0.147260 0.047861 0.054795
2 0.542770 0.464041 0.109980 0.186644
1 0.541752 0.270548 0.066191 0.085616
1 0.144603 0.210616 0.060081 0.089041
2 0.650713 0.271404 0.062118 0.105308
1 0.018075 0.260274 0.036151 0.078767
1 0.563136 0.188356 0.044807 0.056507
1 0.034114 0.404966 0.068228 0.113870
1 0.520367 0.127568 0.039715 0.047089
1 0.078411 0.690069 0.137475 0.182363
