1 0.085199 0.686242 0.170398 0.220638
1 0.242952 0.527685 0.112770 0.198825
1 0.238806 0.317953 0.072139 0.111577
0 0.315920 0.223993 0.077114 0.117450
1 0.179934 0.208054 0.053897 0.085570
3 0.359867 0.110738 0.102819 0.121644
1 0.798507 0.159396 0.053068 0.053691
1 0.492537 0.132550 0.046435 0.043624
1 0.865672 0.233221 0.075456 0.063758
3 0.844113 0.165268 0.204809 0.155201
1 0.476783 0.151846 0.057214 0.053691
1 0.519901 0.105705 0.037313 0.043624
1 0.710614 0.144295 0.052239 0.047819
1 0.610282 0.203859 0.078773 0.069631
1 0.661692 0.138423 0.047264 0.046141
1 0.626036 0.103188 0.043118 0.039430
3 0.865464 0.671980 0.269071 0.532718
1 0.892206 0.447987 0.141791 0.113255
1 0.898010 0.376678 0.123549 0.087248
