1 0.328431 0.647590 0.140196 0.225904
0 0.413725 0.256024 0.091177 0.137550
1 0.346078 0.437751 0.091177 0.164659
1 0.653922 0.114458 0.039216 0.050201
1 0.706863 0.124498 0.043137 0.050201
1 0.680392 0.099398 0.036274 0.045181
1 0.628431 0.092369 0.035294 0.047189
1 0.513726 0.098394 0.047059 0.047189
2 0.420588 0.086345 0.048039 0.062249
1 0.653922 0.080321 0.034314 0.043173
1 0.465686 0.091365 0.042157 0.045181
1 0.572549 0.131526 0.054902 0.057229
1 0.593137 0.262048 0.091177 0.104418
1 0.626471 0.184739 0.077451 0.078313
2 0.901961 0.175703 0.059804 0.066265
1 0.730392 0.201807 0.077451 0.076305
1 0.755882 0.275100 0.095098 0.097390
1 0.848039 0.136546 0.059804 0.052209
1 0.887255 0.548193 0.152941 0.152610
1 0.803922 0.087349 0.040196 0.045181
2 0.714706 0.073293 0.042157 0.050201
