1 0.715321 0.411184 0.100414 0.125000
3 0.982919 0.638980 0.034161 0.458059
1 0.873706 0.773026 0.214286 0.264803
1 0.682195 0.225329 0.069358 0.082237
1 0.596273 0.211349 0.059006 0.079770
1 0.353002 0.134046 0.036232 0.050987
1 0.576605 0.291118 0.077640 0.097862
1 0.466874 0.239309 0.061077 0.069901
1 0.270186 0.164474 0.049689 0.075658
1 0.562112 0.188322 0.045549 0.068257
1 0.457557 0.189967 0.048654 0.064145
1 0.511387 0.149671 0.041408 0.054276
1 0.444099 0.140625 0.038302 0.050987
3 0.559006 0.097039 0.066253 0.105263
