1 0.106031 0.908902 0.190661 0.182196
1 0.411479 0.803506 0.156615 0.255535
1 0.406615 0.437269 0.098249 0.159594
1 0.321984 0.319188 0.084630 0.098708
1 0.512646 0.173432 0.058366 0.092251
1 0.590467 0.190037 0.054475 0.098708
1 0.407588 0.125461 0.042802 0.054428
1 0.805447 0.222325 0.062257 0.113469
1 0.768483 0.119926 0.043774 0.076568
1 0.874514 0.128229 0.043774 0.067343
2 0.839494 0.083026 0.035992 0.063653
1 0.965953 0.161439 0.055447 0.065498
1 0.932879 0.257380 0.070039 0.098708
1 0.887160 0.561808 0.117704 0.177122
