1 0.374199 0.198492 0.031250 0.047739
1 0.377404 0.283920 0.047276 0.071189
3 0.278045 0.234506 0.108173 0.144891
1 0.781250 0.422948 0.079327 0.124791
1 0.651442 0.348409 0.050481 0.089615
1 0.698718 0.293132 0.053686 0.083752
3 0.713141 0.216918 0.099359 0.160804
1 0.208333 0.371859 0.063301 0.085427
1 0.322917 0.469849 0.061699 0.124791
1 0.564103 0.885260 0.105769 0.229481
1 0.502404 0.190955 0.031250 0.053601
1 0.158654 0.586265 0.099359 0.134841
2 0.069712 0.425461 0.106571 0.140703
1 0.601763 0.212730 0.032051 0.057789
1 0.590545 0.164992 0.026442 0.047739
