1 0.835630 0.637083 0.250984 0.224956
1 0.640748 0.441125 0.097441 0.168717
1 0.709646 0.231986 0.071850 0.097540
0 0.585630 0.188928 0.094488 0.124780
1 0.764764 0.144112 0.058071 0.083480
3 0.453740 0.122144 0.150591 0.168717
1 0.062008 0.094903 0.052165 0.050088
1 0.273622 0.141476 0.074803 0.054482
1 0.102362 0.122144 0.067913 0.057996
3 0.086368 0.080844 0.172736 0.135325
1 0.263780 0.187170 0.089567 0.074692
1 0.347441 0.059754 0.040354 0.045694
1 0.198819 0.069420 0.051181 0.045694
1 0.057579 0.260984 0.115157 0.095782
1 0.262795 0.055360 0.046260 0.043937
