1 0.894939 0.356867 0.210123 0.162476
1 0.463190 0.241780 0.148262 0.117021
3 0.705266 0.575435 0.589468 0.648936
0 0.288344 0.337524 0.228016 0.300774
1 0.137014 0.334623 0.119632 0.125725
1 0.048313 0.279497 0.096626 0.115087
3 0.004601 0.213733 0.009202 0.183752
1 0.996166 0.325919 0.007669 0.169246
1 0.796524 0.258221 0.201431 0.147002
3 0.508180 0.150870 0.346626 0.234043
3 0.798313 0.133704 0.403374 0.267408
1 0.283231 0.155706 0.089980 0.087041
3 0.350716 0.094778 0.245399 0.172147
1 0.196319 0.149903 0.089980 0.080271
3 0.133947 0.068665 0.204499 0.117021
2 0.906442 0.477756 0.187117 0.282398
1 0.634969 0.403288 0.212679 0.180851
2 0.433538 0.318182 0.154397 0.174081
1 0.270961 0.293037 0.138037 0.125725
3 0.116053 0.213733 0.232106 0.212766
