1 0.522907 0.866723 0.233807 0.266554
1 0.237757 0.606112 0.128752 0.168930
1 0.093997 0.473684 0.081359 0.114601
3 0.066548 0.308998 0.133096 0.152801
1 0.133491 0.399830 0.078989 0.092530
3 0.360979 0.517827 0.417062 0.446520
3 0.803318 0.774194 0.393365 0.451613
1 0.860190 0.624788 0.195893 0.189304
3 0.286730 0.276740 0.165087 0.155348
1 0.438389 0.364177 0.095577 0.101019
1 0.585308 0.423599 0.124013 0.124788
1 0.771722 0.497453 0.154818 0.151104
3 0.909163 0.420204 0.181675 0.229202
1 0.667457 0.392190 0.123223 0.112903
1 0.500000 0.337012 0.091627 0.101019
3 0.376777 0.264007 0.169826 0.161290
1 0.021524 0.382003 0.043049 0.101019
1 0.951817 0.577250 0.096366 0.129032
