1 0.780778 0.415755 0.141469 0.132385
3 0.602592 0.118162 0.182505 0.170678
1 0.451404 0.248359 0.089633 0.090810
1 0.582073 0.261488 0.099352 0.103939
1 0.338013 0.183807 0.078834 0.085339
1 0.763499 0.234136 0.093952 0.079869
1 0.922246 0.327133 0.130670 0.117068
1 0.417927 0.167396 0.087473 0.075492
1 0.555076 0.178337 0.080994 0.075492
3 0.246220 0.819475 0.492441 0.361050
1 0.277538 0.864333 0.251620 0.249453
3 0.661987 0.977024 0.676026 0.045952
1 0.210583 0.134573 0.057235 0.077681
1 0.123110 0.090810 0.082074 0.067834
1 0.826134 0.861050 0.316415 0.233042
1 0.958153 0.729759 0.083693 0.187090
