1 0.658730 0.515464 0.116667 0.134021
3 0.456349 0.226804 0.136508 0.146907
1 0.521429 0.497423 0.104762 0.138316
1 0.529365 0.409794 0.088889 0.099656
1 0.420635 0.408076 0.082540 0.103952
1 0.572222 0.315292 0.067460 0.069588
1 0.652381 0.364261 0.089683 0.083333
1 0.450000 0.341924 0.081746 0.079038
1 0.368254 0.243127 0.045238 0.060997
1 0.767460 0.428694 0.111905 0.097938
1 0.903968 0.491409 0.135714 0.109966
1 0.540476 0.632302 0.142857 0.157217
1 0.373810 0.286082 0.064286 0.067010
2 0.419048 0.262027 0.066667 0.077320
1 0.388889 0.460481 0.097619 0.132302
1 0.321429 0.377148 0.067460 0.099656
2 0.477778 0.299828 0.061111 0.079038
1 0.353175 0.334192 0.066667 0.081615
1 0.248413 0.321306 0.060318 0.079038
3 0.187302 0.950172 0.374603 0.099656
2 0.155556 0.700172 0.165873 0.191581
2 0.294444 0.266323 0.089683 0.109966
1 0.346825 0.866839 0.221429 0.205326
1 0.456349 0.770619 0.221429 0.172680
1 0.215079 0.251718 0.056349 0.060997
1 0.137302 0.242268 0.053175 0.056701
