1 0.283920 0.145695 0.032663 0.045530
1 0.345059 0.179636 0.034338 0.051325
1 0.231993 0.149834 0.030151 0.041391
2 0.742044 0.570364 0.101340 0.210265
1 0.324958 0.240066 0.036851 0.067053
1 0.257119 0.224338 0.046901 0.064570
2 0.186767 0.212748 0.046901 0.070364
2 0.505025 0.294702 0.043551 0.104305
2 0.721943 0.259934 0.044389 0.094371
1 0.200167 0.349338 0.061139 0.104305
1 0.121441 0.217715 0.049414 0.058775
1 0.149916 0.170530 0.042714 0.057119
2 0.233668 0.572848 0.129816 0.280629
1 0.104690 0.528974 0.097152 0.153146
1 0.060302 0.356788 0.077052 0.098510
1 0.542714 0.196192 0.039363 0.054636
1 0.472362 0.198676 0.041039 0.058775
1 0.597152 0.185430 0.034338 0.052980
