1 0.423933 0.863949 0.110390 0.272102
1 0.500000 0.126719 0.039889 0.060904
1 0.052412 0.817289 0.104824 0.326130
2 0.242115 0.879666 0.138219 0.240668
1 0.660482 0.130648 0.036178 0.062868
1 0.046614 0.549116 0.093228 0.176817
1 0.233766 0.286837 0.076994 0.132613
2 0.132653 0.301572 0.076994 0.139489
1 0.718924 0.223969 0.051020 0.079568
1 0.751391 0.155206 0.043599 0.064833
1 0.303340 0.200393 0.045455 0.079568
1 0.681818 0.367387 0.065863 0.111984
1 0.791280 0.369352 0.074212 0.116896
1 0.358998 0.157171 0.036178 0.064833
1 0.267161 0.149312 0.039889 0.062868
1 0.327458 0.126719 0.033395 0.062868
1 0.765306 0.643418 0.122449 0.223969
3 0.950835 0.396857 0.098330 0.365422
1 0.388683 0.110020 0.033395 0.057957
