0 0.567814 0.759073 0.380567 0.324597
1 0.817814 0.122984 0.079959 0.073589
1 0.873482 0.118952 0.073887 0.071573
3 0.228492 0.243952 0.456984 0.229839
3 0.045800 0.405242 0.091599 0.329637
1 0.771255 0.109879 0.092105 0.066532
1 0.734818 0.150202 0.090081 0.076613
1 0.652834 0.142137 0.114373 0.085685
1 0.521255 0.156250 0.090081 0.064516
1 0.498988 0.174395 0.110324 0.088710
1 0.532389 0.128024 0.086032 0.057460
1 0.289474 0.157258 0.108300 0.062500
1 0.302632 0.188508 0.105263 0.095766
1 0.083249 0.565524 0.166498 0.169355
1 0.897773 0.090726 0.096154 0.064516
1 0.116397 0.446573 0.136640 0.134073
1 0.327935 0.201613 0.084008 0.092742
1 0.112348 0.194556 0.104251 0.092742
1 0.436235 0.467742 0.195344 0.153226
1 0.058451 0.172379 0.116903 0.081653
3 0.748988 0.164315 0.369433 0.198589
