1 0.228464 0.138051 0.052435 0.063805
1 0.536517 0.845708 0.104869 0.238979
1 0.701311 0.879350 0.105805 0.241299
1 0.881086 0.906323 0.133895 0.187355
1 0.661049 0.617169 0.088951 0.216937
1 0.809925 0.719258 0.097378 0.194896
1 0.960908 0.771462 0.078184 0.277262
1 0.772472 0.577726 0.081461 0.162413
1 0.886704 0.587007 0.087079 0.162413
1 0.755618 0.481439 0.071161 0.128770
1 0.838015 0.466357 0.068352 0.134571
1 0.723783 0.404872 0.060861 0.110209
1 0.813670 0.396752 0.058989 0.098608
1 0.726592 0.342227 0.051498 0.098608
1 0.798689 0.337587 0.049625 0.098608
1 0.770599 0.292343 0.045880 0.093967
1 0.750000 0.248260 0.040262 0.084687
3 0.701311 0.228538 0.082397 0.192575
3 0.961376 0.599768 0.077247 0.539443
3 0.909176 0.338747 0.119850 0.252900
3 0.845506 0.233179 0.097378 0.194896
3 0.780899 0.153132 0.100187 0.186775
3 0.688202 0.153132 0.063670 0.150812
1 0.083333 0.256380 0.074906 0.080046
0 0.764045 0.109049 0.100187 0.102088
