1 0.064272 0.416667 0.128544 0.216895
1 0.291115 0.305936 0.135161 0.162100
1 0.503781 0.230594 0.089792 0.108447
1 0.664461 0.150685 0.068053 0.086758
1 0.695652 0.660959 0.152174 0.268265
1 0.962193 0.300228 0.060492 0.100457
2 0.189981 0.848744 0.327977 0.302511
1 0.469754 0.695205 0.188091 0.256849
3 0.702268 0.289954 0.219282 0.305936
1 0.070652 0.666667 0.141304 0.321918
1 0.662571 0.486301 0.147448 0.165525
1 0.828922 0.348174 0.070888 0.126712
2 0.337429 0.577626 0.166352 0.264840
1 0.087665 0.849886 0.175331 0.300228
1 0.287335 0.511416 0.174858 0.189498
1 0.534026 0.349315 0.113422 0.138128
1 0.876181 0.212329 0.055766 0.100457
