1 0.558043 0.151771 0.024046 0.032040
1 0.913764 0.309444 0.056385 0.061551
1 0.936153 0.454469 0.077114 0.100337
1 0.539801 0.910624 0.118574 0.178752
1 0.368988 0.920742 0.126036 0.158516
1 0.172471 0.908094 0.135987 0.183811
1 0.033582 0.927487 0.067164 0.145025
1 0.534826 0.707420 0.088723 0.173693
1 0.391376 0.713322 0.085406 0.176223
1 0.249585 0.736088 0.109453 0.185497
1 0.090381 0.768971 0.120232 0.183811
1 0.036692 0.690556 0.073383 0.166105
1 0.425373 0.546374 0.082090 0.163575
1 0.296020 0.605396 0.082090 0.139966
1 0.156716 0.612142 0.097015 0.185497
1 0.327529 0.514334 0.070481 0.122260
1 0.227197 0.516863 0.072969 0.122260
1 0.341625 0.447723 0.060531 0.097808
1 0.266169 0.432546 0.060531 0.093592
1 0.371476 0.387015 0.053897 0.077572
1 0.289386 0.381956 0.052239 0.086003
1 0.367330 0.341484 0.042289 0.077572
1 0.304312 0.338954 0.042289 0.071669
1 0.328358 0.308600 0.040630 0.068297
1 0.346600 0.274030 0.039801 0.058179
3 0.397181 0.242833 0.063847 0.128162
3 0.109660 0.467960 0.219320 0.339798
3 0.207297 0.327993 0.103648 0.183811
3 0.258706 0.258853 0.088723 0.147555
3 0.319237 0.204047 0.085406 0.138280
3 0.362355 0.145025 0.059701 0.071669
