0 0.603161 0.652344 0.297005 0.312500
1 0.372712 0.094727 0.075707 0.074219
1 0.990225 0.184570 0.019551 0.083008
1 0.992512 0.235352 0.014975 0.099609
2 0.326123 0.115234 0.095674 0.099609
1 0.476706 0.121094 0.109817 0.089844
1 0.856073 0.143555 0.119800 0.111328
1 0.436772 0.148437 0.102329 0.089844
1 0.712146 0.100586 0.113145 0.111328
1 0.590682 0.197266 0.117305 0.108398
1 0.599834 0.069336 0.086522 0.081055
1 0.603161 0.144531 0.109817 0.099609
0 0.777870 0.181641 0.162230 0.155273
2 0.488353 0.044678 0.089018 0.089355
