1 0.319264 0.160163 0.095238 0.052033
2 0.461039 0.168293 0.098485 0.052033
1 0.529221 0.207317 0.098485 0.050407
1 0.633117 0.200000 0.094156 0.057724
1 0.670996 0.229268 0.099567 0.046341
1 0.751082 0.228455 0.086580 0.046341
1 0.858225 0.260163 0.116883 0.056098
0 0.115801 0.264228 0.100649 0.119512
1 0.037067 0.509756 0.074134 0.175610
1 0.047348 0.376423 0.094697 0.104065
1 0.002706 0.270732 0.005411 0.078862
3 0.931548 0.311382 0.136905 0.156098
1 0.321429 0.808943 0.333333 0.188618
1 0.560606 0.251220 0.113636 0.063415
1 0.891504 0.939837 0.216991 0.120325
1 0.029221 0.165854 0.058441 0.052033
