3 0.948298 0.162844 0.103403 0.206422
1 0.896161 0.285550 0.082897 0.119266
3 0.644852 0.444954 0.460733 0.603211
3 0.185646 0.745986 0.371291 0.508027
3 0.726004 0.126147 0.182373 0.236239
1 0.559337 0.237385 0.105585 0.136468
1 0.397033 0.317661 0.136998 0.168578
1 0.191099 0.417431 0.171030 0.204128
3 0.068063 0.323395 0.136126 0.298165
1 0.306283 0.275229 0.136126 0.152523
1 0.491274 0.200688 0.101222 0.136468
3 0.627400 0.105505 0.187609 0.211009
1 0.229494 0.989679 0.208551 0.020642
3 0.743456 0.567661 0.356021 0.619266
1 0.049520 0.260321 0.099040 0.162844
1 0.022688 0.517202 0.045375 0.170871
