2 0.487889 0.371134 0.151384 0.187285
1 0.801903 0.008591 0.037197 0.017182
1 0.584775 0.036082 0.054498 0.054983
1 0.646194 0.077320 0.059689 0.050687
1 0.649654 0.042096 0.055363 0.048969
2 0.826990 0.091065 0.054498 0.087629
1 0.932526 0.085052 0.047578 0.062715
1 0.992863 0.108247 0.014273 0.067010
1 0.438581 0.090206 0.071799 0.067010
1 0.897059 0.036942 0.041522 0.048969
1 0.963668 0.036082 0.037197 0.050687
1 0.384948 0.208763 0.107266 0.079038
1 0.280277 0.203608 0.121972 0.097938
1 0.046064 0.199313 0.092128 0.091924
