3 0.538400 0.200653 0.137600 0.137031
1 0.242400 0.701468 0.173600 0.238173
1 0.448800 0.495922 0.119200 0.129690
1 0.420000 0.282219 0.066400 0.066069
1 0.339200 0.325449 0.092000 0.079119
1 0.626400 0.216966 0.047200 0.059543
1 0.224000 0.389070 0.114400 0.090538
1 0.084800 0.449429 0.140000 0.104405
1 0.400800 0.412724 0.092000 0.102773
2 0.575200 0.235726 0.069600 0.077488
2 0.519200 0.266721 0.061600 0.073409
1 0.567200 0.362969 0.074400 0.092985
1 0.804000 0.540783 0.124800 0.179445
2 0.653600 0.270799 0.100000 0.125612
1 0.743200 0.240620 0.060800 0.061990
1 0.631200 0.406199 0.088800 0.111745
1 0.427200 0.323817 0.082400 0.073409
1 0.814400 0.253670 0.050400 0.063622
1 0.568000 0.288744 0.073600 0.073409
