1 0.821092 0.327231 0.135593 0.146453
2 0.682674 0.274600 0.117702 0.130435
1 0.554614 0.239130 0.085687 0.100686
1 0.470810 0.212815 0.067797 0.092677
1 0.542373 0.290618 0.085687 0.108696
2 0.879708 0.862414 0.240584 0.275172
1 0.641243 0.729977 0.191149 0.249428
3 0.405838 0.336384 0.222222 0.303204
1 0.709040 0.615561 0.200565 0.213959
1 0.454802 0.561785 0.136535 0.184211
2 0.912194 0.708238 0.175612 0.298627
1 0.862524 0.546911 0.187382 0.184211
1 0.688324 0.439359 0.150659 0.152174
1 0.287194 0.384439 0.080038 0.140732
1 0.364407 0.470252 0.093220 0.138444
1 0.551789 0.360412 0.098870 0.156751
1 0.293785 0.299771 0.059322 0.086957
1 0.241996 0.267735 0.048964 0.081236
1 0.231638 0.340961 0.053672 0.100687
