0 0.276091 0.287326 0.088235 0.118924
1 0.510436 0.163194 0.038899 0.045139
1 0.560721 0.171007 0.040797 0.043403
1 0.536053 0.149306 0.037002 0.040799
1 0.486717 0.144965 0.037002 0.043403
1 0.511385 0.133681 0.035104 0.037326
2 0.595825 0.164063 0.041746 0.053819
2 0.316888 0.160590 0.041746 0.057292
1 0.381404 0.144097 0.046490 0.047743
2 0.351992 0.151910 0.050285 0.053819
1 0.947818 0.285590 0.092030 0.065972
3 0.976992 0.257812 0.046015 0.178819
1 0.452562 0.189236 0.050285 0.055556
1 0.482922 0.227431 0.061670 0.065972
1 0.779886 0.210938 0.064516 0.053819
3 0.505693 0.296007 0.239089 0.261285
1 0.583491 0.243056 0.078748 0.063368
2 0.640417 0.169271 0.041746 0.055556
1 0.547438 0.272569 0.067362 0.067708
1 0.663188 0.161458 0.055977 0.045139
1 0.800759 0.427951 0.129032 0.096354
1 0.960863 0.486111 0.078273 0.112847
1 0.576850 0.132812 0.046490 0.037326
