1 0.927152 0.289474 0.078366 0.062753
1 0.822296 0.281377 0.061810 0.047571
1 0.731788 0.310729 0.065121 0.062753
1 0.710817 0.354251 0.065121 0.081984
1 0.012693 0.509109 0.025386 0.124494
1 0.230684 0.538462 0.136865 0.117409
1 0.103753 0.537449 0.151214 0.124494
1 0.128035 0.457490 0.122517 0.093117
1 0.135762 0.410931 0.110375 0.091093
2 0.290287 0.388664 0.113687 0.150810
1 0.629139 0.489879 0.073951 0.108300
1 0.272627 0.379555 0.091612 0.096154
1 0.429360 0.415992 0.091612 0.091093
1 0.383002 0.364372 0.067329 0.086032
1 0.758278 0.550607 0.088300 0.120445
1 0.566225 0.668016 0.093819 0.165992
2 0.316777 0.649798 0.137969 0.182186
1 0.786976 0.862348 0.149007 0.241903
1 0.486755 0.300607 0.051876 0.071862
1 0.376380 0.308704 0.073951 0.089069
1 0.622517 0.927126 0.122517 0.145749
1 0.441501 0.282389 0.049669 0.071862
