0 0.439880 0.217206 0.211423 0.207836
1 0.115230 0.172913 0.092184 0.086882
2 0.199399 0.217206 0.107214 0.104770
1 0.464930 0.361158 0.128257 0.104770
2 0.230461 0.155877 0.089178 0.086882
1 0.286573 0.321124 0.103206 0.109029
1 0.967685 0.309199 0.064629 0.116695
1 0.941884 0.390119 0.112224 0.109029
3 0.799850 0.351789 0.400301 0.379898
1 0.829659 0.303237 0.103206 0.097104
1 0.752505 0.539182 0.184369 0.163543
2 0.495992 0.489779 0.131263 0.181431
1 0.873748 0.243612 0.103206 0.097104
1 0.792585 0.183135 0.087174 0.074957
1 0.703407 0.181431 0.079158 0.076661
1 0.772545 0.851789 0.219439 0.256388
