1 0.261431 0.451197 0.131213 0.109576
3 0.423459 0.201657 0.166998 0.139963
1 0.563618 0.310313 0.080517 0.074586
1 0.444334 0.322284 0.091451 0.087477
1 0.667992 0.257827 0.070577 0.071823
1 0.277336 0.300184 0.087475 0.065378
1 0.127237 0.380295 0.120278 0.093923
1 0.597416 0.241252 0.083499 0.063536
1 0.466203 0.255064 0.071571 0.057090
1 0.023111 0.453039 0.046223 0.109576
3 0.750497 0.820442 0.499006 0.359116
1 0.714712 0.830571 0.231610 0.209945
3 0.325298 0.951427 0.650596 0.097145
1 0.786282 0.214549 0.050696 0.065378
1 0.867793 0.179558 0.076541 0.057090
1 0.207753 0.825046 0.290258 0.198895
1 0.055915 0.716390 0.111829 0.161142
