1 0.634677 0.471015 0.115323 0.128623
3 0.452419 0.183877 0.137903 0.148551
1 0.485484 0.443841 0.097581 0.122283
1 0.521774 0.375906 0.091129 0.111413
1 0.360484 0.330616 0.075000 0.086051
1 0.571774 0.287138 0.070161 0.075181
1 0.650000 0.335145 0.089516 0.086051
1 0.441129 0.313406 0.080645 0.092391
1 0.362097 0.201993 0.048387 0.056159
1 0.766935 0.405797 0.109677 0.096920
1 0.906452 0.479167 0.136290 0.109601
1 0.466935 0.549819 0.113710 0.161232
1 0.366935 0.259058 0.068548 0.064312
1 0.037903 0.926630 0.075807 0.146739
2 0.488710 0.272645 0.081452 0.098732
1 0.291935 0.337862 0.071774 0.105072
1 0.302419 0.786232 0.215323 0.178442
3 0.658669 0.949275 0.682661 0.101449
1 0.209677 0.215580 0.048387 0.062500
2 0.839516 0.498188 0.118548 0.139493
1 0.885887 0.896739 0.228226 0.128623
1 0.117742 0.179348 0.057258 0.051630
2 0.443548 0.903986 0.286290 0.192029
