1 0.164646 0.092035 0.041414 0.056637
1 0.857576 0.351327 0.104040 0.115044
1 0.234343 0.096460 0.043434 0.056637
1 0.671717 0.468142 0.114141 0.191150
1 0.091919 0.100885 0.047475 0.056637
1 0.109091 0.192920 0.057576 0.077876
1 0.032323 0.072566 0.044444 0.056637
1 0.194950 0.201770 0.061616 0.081416
1 0.043434 0.278761 0.081818 0.094690
1 0.417172 0.233628 0.063636 0.088496
1 0.126263 0.467257 0.109091 0.140708
1 0.465657 0.127434 0.047475 0.064602
1 0.541414 0.127434 0.044444 0.054867
1 0.511111 0.094690 0.040404 0.052212
1 0.564646 0.077876 0.039394 0.048673
1 0.034343 0.895575 0.068687 0.208850
