1 0.112245 0.172747 0.162132 0.131974
2 0.270975 0.126609 0.141723 0.122318
1 0.425170 0.093348 0.103175 0.094421
1 0.526077 0.068670 0.081633 0.086910
1 0.439909 0.141631 0.103175 0.101931
2 0.089286 0.772532 0.178571 0.447425
1 0.320862 0.553648 0.230159 0.233906
3 0.604308 0.184549 0.267574 0.284335
1 0.239229 0.446352 0.241497 0.200644
1 0.545351 0.395923 0.164399 0.172747
2 0.050170 0.533262 0.100340 0.280043
1 0.083617 0.381974 0.167234 0.172747
1 0.264172 0.281116 0.181406 0.142704
1 0.747166 0.229614 0.096372 0.131974
1 0.654195 0.310086 0.112245 0.129828
1 0.428571 0.207082 0.119048 0.146996
1 0.739229 0.150215 0.071429 0.081545
1 0.801587 0.120172 0.058957 0.076180
1 0.814059 0.188841 0.064626 0.094421
