0 0.407496 0.623489 0.284689 0.276339
1 0.628389 0.130397 0.072568 0.065630
1 0.022927 0.209845 0.045853 0.073402
1 0.020734 0.254750 0.041467 0.088083
2 0.673046 0.148532 0.091707 0.088083
1 0.528708 0.153713 0.105263 0.079447
1 0.165072 0.173575 0.114832 0.098446
1 0.566986 0.177893 0.098086 0.079447
1 0.303030 0.135579 0.108453 0.098446
1 0.419458 0.220207 0.112440 0.095855
1 0.410686 0.107945 0.082935 0.071675
1 0.407496 0.174439 0.105263 0.088083
0 0.248006 0.202073 0.153908 0.134715
2 0.488836 0.080311 0.093301 0.118307
