0 0.719828 0.271382 0.080172 0.122533
1 0.483621 0.795230 0.193103 0.270559
1 0.420690 0.379112 0.052586 0.099507
1 0.916379 0.882401 0.167241 0.235197
1 0.337931 0.475329 0.073276 0.128289
1 0.792241 0.659539 0.200862 0.193257
1 0.383621 0.287007 0.042241 0.085526
3 0.318966 0.258224 0.104310 0.206414
3 0.252586 0.223684 0.128448 0.183388
3 0.288793 0.149671 0.082759 0.072368
1 0.531897 0.444901 0.090517 0.167763
1 0.436207 0.238487 0.037069 0.064145
1 0.497414 0.240132 0.037069 0.060033
1 0.503448 0.191612 0.034483 0.056743
1 0.461207 0.176809 0.037069 0.046875
3 0.387931 0.148849 0.061207 0.116776
3 0.168103 0.231908 0.149138 0.148026
1 0.168103 0.335526 0.073276 0.069901
1 0.450862 0.297697 0.042241 0.078125
1 0.492241 0.148026 0.028448 0.035362
1 0.526724 0.153783 0.035345 0.056743
1 0.426724 0.135691 0.027586 0.035362
1 0.044828 0.326480 0.082759 0.062500
3 0.098491 0.484375 0.196983 0.388158
