1 0.593344 0.452218 0.049513 0.075085
1 0.541396 0.447952 0.052760 0.075085
1 0.651786 0.514505 0.049513 0.082764
1 0.574675 0.580205 0.072240 0.103242
3 0.541396 0.613481 0.161526 0.319966
3 0.449675 0.488908 0.094156 0.224403
1 0.272727 0.773038 0.109578 0.186007
1 0.401786 0.451365 0.035714 0.066553
1 0.380682 0.424915 0.045455 0.066553
1 0.646104 0.431741 0.075487 0.060580
1 0.347403 0.509386 0.054383 0.093003
1 0.422890 0.423208 0.046266 0.062287
1 0.313312 0.377133 0.034903 0.054608
3 0.353896 0.341297 0.067370 0.093003
