1 0.312620 0.200180 0.043021 0.055655
1 0.220841 0.205566 0.043021 0.063734
1 0.194073 0.155296 0.030593 0.055655
1 0.730402 0.557451 0.110899 0.147217
1 0.978011 0.490126 0.043977 0.116697
1 0.672084 0.280969 0.056405 0.078995
1 0.222753 0.253142 0.045889 0.061939
1 0.729445 0.410233 0.085086 0.110413
1 0.098470 0.186715 0.044933 0.063734
1 0.108031 0.456912 0.094646 0.133752
1 0.484704 0.234291 0.048757 0.072711
1 0.550669 0.206463 0.043021 0.057451
1 0.670172 0.184022 0.050669 0.059246
1 0.121415 0.897666 0.205545 0.204668
1 0.463671 0.161580 0.035373 0.044883
1 0.540153 0.157989 0.034417 0.061939
