1 0.254967 0.945584 0.228477 0.108833
1 0.704470 0.684543 0.159768 0.179811
1 0.866722 0.551262 0.096026 0.119874
1 0.942881 0.481073 0.076159 0.095426
1 0.983858 0.436120 0.032285 0.089905
3 0.944329 0.354890 0.111341 0.141956
1 0.889901 0.439274 0.078642 0.085962
3 0.649834 0.548896 0.437086 0.414827
3 0.194536 0.783123 0.389073 0.433754
1 0.573676 0.466088 0.113411 0.108044
1 0.691225 0.412461 0.096026 0.085962
3 0.726821 0.329653 0.173013 0.162461
1 0.568709 0.406151 0.100166 0.093849
1 0.414735 0.461356 0.129967 0.115931
1 0.219371 0.529968 0.162252 0.140379
3 0.085265 0.458202 0.170530 0.212934
1 0.328642 0.432177 0.129139 0.104890
1 0.504139 0.380915 0.096027 0.093849
3 0.633278 0.313091 0.177980 0.149842
1 0.042219 0.600946 0.084437 0.123028
