1 0.691235 0.945312 0.135458 0.109375
1 0.484064 0.965517 0.152390 0.068965
1 0.250996 0.954741 0.159363 0.090517
1 0.058765 0.974138 0.117530 0.051724
1 0.684263 0.754310 0.103586 0.214440
1 0.512948 0.758621 0.107570 0.214440
1 0.341633 0.793103 0.130478 0.229526
1 0.148406 0.830819 0.142430 0.225215
1 0.062251 0.724138 0.124502 0.199353
1 0.552789 0.544181 0.095618 0.193966
1 0.399402 0.619612 0.095618 0.173491
1 0.230080 0.633621 0.114542 0.225215
1 0.435259 0.505388 0.080677 0.140086
1 0.317729 0.508621 0.084661 0.143319
1 0.453187 0.418103 0.070717 0.125000
1 0.363546 0.398707 0.071713 0.115302
1 0.488048 0.341595 0.060757 0.091595
1 0.391434 0.335129 0.055777 0.089440
1 0.484064 0.279095 0.050797 0.081897
1 0.405378 0.275862 0.050797 0.087284
1 0.433267 0.238147 0.050797 0.081897
1 0.455179 0.197198 0.040837 0.076509
3 0.510956 0.176724 0.076693 0.176724
3 0.158367 0.447198 0.285857 0.413793
3 0.289841 0.267241 0.131474 0.234914
3 0.353586 0.178879 0.098606 0.176724
3 0.423307 0.106681 0.106574 0.168103
3 0.523904 0.112069 0.059761 0.137931
3 0.229084 0.199353 0.155378 0.188578
1 0.679283 0.015625 0.024900 0.031250
