0 0.392000 0.691840 0.301600 0.288194
1 0.149600 0.117187 0.067200 0.057292
1 0.899200 0.427083 0.147200 0.129340
1 0.836000 0.492188 0.170400 0.156250
1 0.330400 0.138889 0.085600 0.057292
1 0.327200 0.157118 0.074400 0.070312
2 0.554400 0.309896 0.108800 0.109375
1 0.562400 0.394097 0.138400 0.117188
3 0.616000 0.158854 0.327200 0.148438
1 0.305600 0.216146 0.092000 0.059896
1 0.392000 0.322917 0.096000 0.109375
2 0.304800 0.256076 0.102400 0.112847
1 0.508800 0.128472 0.073600 0.057292
1 0.171200 0.184028 0.080000 0.070312
1 0.196800 0.279514 0.108000 0.098958
1 0.910400 0.305556 0.138400 0.084201
