1 0.975653 0.541262 0.048695 0.161408
1 0.949297 0.617718 0.101406 0.175971
1 0.842369 0.440534 0.136546 0.121359
1 0.794177 0.498786 0.143574 0.132282
1 0.682731 0.350728 0.103414 0.106796
1 0.671687 0.406553 0.119478 0.115291
1 0.644578 0.277913 0.081325 0.080097
1 0.581325 0.291262 0.091365 0.092233
1 0.567269 0.334951 0.101406 0.103155
1 0.567269 0.230583 0.077309 0.077670
1 0.495984 0.224515 0.080321 0.088592
1 0.473896 0.265777 0.083333 0.080097
1 0.466867 0.175971 0.057229 0.075243
1 0.414659 0.185680 0.069277 0.088592
1 0.364458 0.196602 0.064257 0.080097
1 0.303213 0.166262 0.056225 0.077670
1 0.590361 0.672330 0.153614 0.216019
