3 0.487782 0.152900 0.161654 0.147627
1 0.672932 0.529877 0.146617 0.173111
1 0.497180 0.374341 0.111842 0.120387
1 0.626880 0.241652 0.078947 0.071177
1 0.721805 0.289982 0.108083 0.085237
1 0.907190 0.636204 0.185620 0.217047
1 0.384398 0.172232 0.055451 0.064148
1 0.857143 0.357645 0.134398 0.097540
1 0.969690 0.422671 0.060620 0.112478
1 0.495301 0.276801 0.090226 0.087873
2 0.444549 0.190685 0.081767 0.083480
1 0.557331 0.594025 0.143797 0.187171
2 0.512218 0.224956 0.072368 0.079086
1 0.408835 0.291740 0.085526 0.097540
1 0.252820 0.347100 0.062970 0.127417
2 0.317669 0.210018 0.111842 0.129174
1 0.062970 0.748682 0.125940 0.191564
1 0.224624 0.189807 0.072368 0.064148
1 0.234023 0.239895 0.076128 0.074692
1 0.625000 0.288225 0.096805 0.087873
1 0.126880 0.181898 0.064850 0.066784
1 0.363722 0.202109 0.060150 0.057996
