1 0.717657 0.339321 0.172203 0.151697
1 0.478147 0.294411 0.138986 0.136727
1 0.327797 0.243513 0.104895 0.113772
3 0.693837 0.615768 0.612325 0.669661
0 0.283217 0.370259 0.194930 0.310379
1 0.153846 0.367265 0.102273 0.129741
1 0.074301 0.310379 0.090035 0.118762
3 0.022290 0.242515 0.044580 0.189621
1 0.942526 0.358283 0.114948 0.174651
1 0.717657 0.288423 0.172203 0.151697
1 0.985140 0.287425 0.029720 0.155689
3 0.471154 0.177645 0.296329 0.241517
3 0.728147 0.159681 0.362762 0.276447
1 0.278846 0.182635 0.076923 0.089820
3 0.336538 0.119760 0.209790 0.177645
1 0.204545 0.176647 0.076923 0.082834
3 0.151224 0.092814 0.174825 0.120758
2 0.843531 0.514970 0.223776 0.291417
1 0.579545 0.438124 0.181818 0.186627
2 0.407343 0.350299 0.131993 0.179641
1 0.268357 0.324351 0.118007 0.129741
3 0.131993 0.242515 0.206294 0.219561
