1 0.667470 0.243925 0.046988 0.059813
1 0.591566 0.244860 0.054217 0.053271
1 0.659036 0.278505 0.051807 0.071028
1 0.592771 0.323365 0.054217 0.071028
1 0.278313 0.311215 0.104819 0.088785
1 0.124096 0.329907 0.120482 0.090654
1 0.360241 0.442991 0.133735 0.103738
1 0.097590 0.279439 0.100000 0.082243
1 0.360241 0.268224 0.073494 0.066355
1 0.261446 0.258879 0.072289 0.068224
1 0.039157 0.766355 0.078313 0.203738
1 0.219277 0.220561 0.061446 0.061682
1 0.469880 0.213084 0.056626 0.051402
1 0.365060 0.219626 0.059036 0.055140
