1 0.582725 0.092486 0.035280 0.036609
1 0.060827 0.273603 0.082725 0.070328
1 0.044100 0.435453 0.088200 0.111753
1 0.609489 0.928709 0.173966 0.142582
1 0.860097 0.940270 0.184915 0.119461
1 0.616788 0.727360 0.130170 0.198459
1 0.827251 0.734104 0.125304 0.201349
1 0.977494 0.760116 0.045012 0.211946
1 0.777372 0.543353 0.120438 0.186898
1 0.953467 0.610790 0.093066 0.159923
1 0.920925 0.506744 0.103406 0.139692
1 0.900243 0.430636 0.088808 0.111753
1 0.983273 0.413295 0.033455 0.106936
1 0.856448 0.361272 0.079075 0.088632
1 0.969282 0.355491 0.061436 0.098266
1 0.862530 0.309249 0.062044 0.088632
1 0.954988 0.306358 0.062044 0.081888
1 0.919708 0.271676 0.059611 0.078035
1 0.892944 0.232177 0.058394 0.066474
3 0.818735 0.197495 0.093674 0.146435
3 0.978406 0.214836 0.043187 0.168593
3 0.933090 0.152216 0.125304 0.157996
3 0.869830 0.084778 0.087591 0.081888
