1 0.382413 0.007072 0.025562 0.014143
1 0.997188 0.460899 0.005624 0.159734
1 0.347648 0.009359 0.032720 0.018719
1 0.878323 0.293677 0.082822 0.108153
1 0.346626 0.036606 0.039877 0.043261
1 0.293456 0.014975 0.032720 0.027454
1 0.302658 0.051581 0.039877 0.045757
2 0.410020 0.020175 0.032720 0.040349
1 0.257669 0.034110 0.044990 0.051581
1 0.442740 0.116473 0.053170 0.070715
1 0.512270 0.072379 0.037832 0.053245
1 0.288344 0.079035 0.053170 0.057404
1 0.216769 0.096506 0.069530 0.053245
1 0.212679 0.126456 0.069530 0.067388
1 0.141104 0.093178 0.089980 0.070715
1 0.530675 0.011439 0.028630 0.022879
1 0.493865 0.002912 0.027607 0.005824
1 0.585890 0.007072 0.024540 0.014143
3 0.597137 0.125624 0.098160 0.183028
