1 0.657068 0.587786 0.257417 0.264313
1 0.292321 0.390267 0.136126 0.171756
3 0.073735 0.257634 0.147469 0.239504
2 0.854276 0.460878 0.226003 0.285305
1 0.589005 0.385496 0.180628 0.176527
2 0.415358 0.308206 0.131763 0.181298
1 0.278360 0.280534 0.118674 0.124046
3 0.142234 0.207061 0.201571 0.206107
1 0.047993 0.208015 0.068935 0.085878
1 0.659686 0.301527 0.194590 0.171756
1 0.749564 0.169847 0.156195 0.145038
1 0.239965 0.104962 0.068935 0.067748
2 0.203316 0.158397 0.080279 0.092557
1 0.936736 0.109733 0.126527 0.113550
1 0.780977 0.085878 0.124782 0.102099
1 0.631763 0.072519 0.107330 0.087786
3 0.459860 0.049618 0.215532 0.099237
1 0.971204 0.069656 0.057592 0.097328
1 0.847295 0.057252 0.122164 0.090649
1 0.704188 0.040553 0.109075 0.081107
1 0.582024 0.031250 0.083770 0.062500
1 0.300175 0.023855 0.055846 0.047710
1 0.265271 0.047710 0.063700 0.061069
1 0.205934 0.023616 0.053229 0.047233
1 0.174520 0.040076 0.046248 0.054389
