3 0.737039 0.578156 0.525922 0.672345
0 0.336406 0.331663 0.256912 0.311623
1 0.165899 0.328657 0.134793 0.130261
1 0.061060 0.271543 0.118664 0.119238
3 0.010945 0.203407 0.021889 0.190381
1 0.897753 0.249499 0.204493 0.152305
3 0.584101 0.138277 0.390553 0.242485
3 0.841878 0.129509 0.316244 0.259018
1 0.330645 0.143287 0.101383 0.090180
3 0.406682 0.084669 0.276498 0.169339
1 0.232719 0.137275 0.101382 0.083166
3 0.162442 0.056864 0.230415 0.113727
2 0.963710 0.476954 0.072581 0.292585
1 0.726959 0.399800 0.239631 0.187375
2 0.500000 0.311623 0.173963 0.180361
1 0.316820 0.285571 0.155530 0.130261
3 0.137097 0.203407 0.271889 0.220441
