0 0.260913 0.270801 0.094246 0.105965
1 0.506944 0.156986 0.043651 0.040816
1 0.558532 0.162480 0.042659 0.036892
1 0.533730 0.142072 0.038690 0.036892
1 0.483135 0.140502 0.040675 0.040816
1 0.509921 0.129513 0.039683 0.033752
2 0.600198 0.157771 0.044643 0.050235
2 0.633929 0.175039 0.039683 0.055730
1 0.312500 0.145997 0.050595 0.039246
1 0.566468 0.141287 0.043651 0.036892
1 0.427579 0.156201 0.052579 0.040816
1 0.385913 0.160126 0.050595 0.040816
1 0.525794 0.233124 0.075397 0.051805
3 0.568452 0.367347 0.372024 0.347724
3 0.799603 0.175039 0.206349 0.120879
3 0.711310 0.258242 0.227183 0.167190
1 0.619048 0.288069 0.092262 0.065149
