1 0.088141 0.458262 0.145032 0.107325
1 0.129006 0.506814 0.151442 0.094549
1 0.250801 0.388416 0.108173 0.074957
1 0.289263 0.426746 0.119391 0.080920
1 0.375801 0.327939 0.085737 0.078365
1 0.388622 0.360307 0.092949 0.072402
1 0.406250 0.277683 0.064904 0.060477
1 0.458333 0.286201 0.071314 0.062181
1 0.471154 0.314310 0.079327 0.068995
1 0.467147 0.242760 0.058494 0.054514
1 0.518429 0.241056 0.060096 0.056218
1 0.533654 0.271721 0.067308 0.056218
1 0.542468 0.206133 0.045673 0.050256
1 0.583333 0.211244 0.054487 0.058773
1 0.620994 0.224020 0.051282 0.054514
1 0.667468 0.197615 0.048077 0.054514
1 0.592147 0.390119 0.087340 0.098807
