3 0.327911 0.557996 0.632705 0.589631
0 0.746575 0.341828 0.190925 0.273286
1 0.873288 0.339192 0.100171 0.114236
1 0.951199 0.289104 0.088185 0.104569
3 0.990154 0.229350 0.019692 0.166960
1 0.078553 0.331283 0.157106 0.153779
1 0.321062 0.269772 0.168664 0.133568
1 0.036815 0.268893 0.073630 0.137083
3 0.562500 0.172232 0.290240 0.212654
3 0.310788 0.156415 0.355308 0.243409
1 0.750856 0.176626 0.075342 0.079086
3 0.694349 0.121265 0.205479 0.156415
1 0.823630 0.171353 0.075342 0.072935
3 0.875856 0.097540 0.171233 0.106327
2 0.197774 0.469244 0.219178 0.256590
1 0.456336 0.401582 0.178082 0.164323
2 0.625000 0.324253 0.129281 0.158172
1 0.761130 0.301406 0.115582 0.114236
3 0.894692 0.229350 0.202055 0.193322
