0 0.566784 0.747992 0.330404 0.323293
1 0.700351 0.143574 0.058875 0.078313
1 0.739016 0.093373 0.071178 0.069277
1 0.672232 0.122490 0.057118 0.062249
1 0.625659 0.154618 0.072935 0.073293
1 0.076670 0.424699 0.153339 0.154618
1 0.095782 0.489960 0.167838 0.156627
1 0.627417 0.095382 0.062390 0.066265
1 0.494728 0.144578 0.095782 0.066265
2 0.361160 0.271084 0.139719 0.140562
1 0.365554 0.368474 0.144991 0.123494
1 0.505272 0.112450 0.086995 0.071285
1 0.202988 0.540161 0.168717 0.192771
3 0.873462 0.104418 0.253076 0.144578
3 0.697715 0.180723 0.283831 0.180723
1 0.359402 0.131526 0.099297 0.071285
1 0.386643 0.182731 0.115993 0.085341
1 0.601933 0.308233 0.123902 0.109438
1 0.304042 0.183735 0.090510 0.071285
1 0.566784 0.388554 0.158172 0.133534
1 0.145870 0.198795 0.102812 0.073293
1 0.103691 0.257028 0.123902 0.104418
1 0.195958 0.162651 0.086995 0.066265
1 0.837434 0.270080 0.116872 0.092369
1 0.032293 0.178715 0.064587 0.066265
1 0.009007 0.215863 0.018014 0.092369
