1 0.477993 0.724048 0.132923 0.305363
1 0.618838 0.479239 0.095070 0.164360
1 0.657570 0.096886 0.035211 0.044983
1 0.724472 0.408305 0.094190 0.134948
1 0.560739 0.230104 0.045775 0.071799
1 0.644366 0.320934 0.067782 0.096021
1 0.720951 0.128028 0.036092 0.051038
1 0.777289 0.142734 0.041373 0.055363
1 0.742958 0.224048 0.060739 0.073529
1 0.560739 0.150519 0.037852 0.055363
1 0.604754 0.132353 0.032570 0.061419
1 0.500880 0.122837 0.028169 0.044983
2 0.851232 0.256055 0.074824 0.115052
0 0.542254 0.080450 0.030810 0.065744
1 0.581866 0.083045 0.023768 0.037197
