1 0.318426 0.001399 0.025939 0.002799
1 0.801431 0.322761 0.093023 0.119403
1 0.290698 0.001399 0.025939 0.002799
1 0.279964 0.019823 0.029517 0.039646
1 0.254919 0.005830 0.025939 0.011660
1 0.632379 0.194030 0.089445 0.088619
1 0.291592 0.032649 0.031306 0.055037
1 0.228086 0.024021 0.032200 0.048041
1 0.126118 0.813433 0.192308 0.333955
1 0.245975 0.051306 0.039356 0.061567
2 0.323793 0.040112 0.042039 0.070896
1 0.347048 0.222015 0.059928 0.103545
1 0.176208 0.067164 0.046512 0.079291
1 0.444544 0.007929 0.028623 0.015858
1 0.167263 0.145522 0.060823 0.082090
1 0.054562 0.181903 0.076029 0.095149
1 0.023256 0.292910 0.046512 0.126866
1 0.029293 0.095149 0.058587 0.077425
3 0.500000 0.040345 0.056351 0.080690
