1 0.360558 0.984232 0.250000 0.031537
1 0.040837 0.002007 0.038845 0.004014
1 0.271912 0.323394 0.100598 0.152523
2 0.176295 0.022362 0.052789 0.044725
1 0.204183 0.008314 0.044821 0.016628
1 0.268924 0.061927 0.058765 0.073395
1 0.168327 0.051606 0.043825 0.053899
1 0.022161 0.463303 0.044323 0.182339
1 0.033865 0.119266 0.055777 0.092890
1 0.411355 0.144495 0.090637 0.097477
1 0.495020 0.118119 0.092630 0.089450
1 0.597610 0.261468 0.120518 0.122706
1 0.672311 0.365826 0.154382 0.125000
2 0.895418 0.280963 0.171315 0.184633
