1 0.355856 0.620265 0.070946 0.076705
1 0.426802 0.607955 0.075450 0.085227
1 0.274775 0.689394 0.075450 0.094697
1 0.529279 0.982955 0.157658 0.034091
3 0.192286 0.889205 0.384572 0.221591
1 0.379505 0.661932 0.086712 0.078599
1 0.602477 0.916430 0.108108 0.167140
3 0.266892 0.768939 0.252252 0.271780
1 0.728604 0.811553 0.111486 0.181818
1 0.272523 0.607008 0.130631 0.065341
1 0.550676 0.595644 0.061937 0.071970
1 0.384009 0.581439 0.102477 0.053977
1 0.532658 0.552083 0.084459 0.055871
1 0.652027 0.586174 0.064189 0.071970
1 0.750000 0.553030 0.057433 0.067235
1 0.679054 0.517992 0.059685 0.055871
1 0.497748 0.643939 0.127252 0.083333
