1 0.553726 0.704918 0.107452 0.208197
1 0.749567 0.845902 0.132582 0.213934
1 0.675910 0.636066 0.089255 0.134426
1 0.924393 0.867213 0.151213 0.213934
1 0.633449 0.495902 0.066724 0.103279
1 0.759965 0.554918 0.085789 0.124590
1 0.695841 0.432787 0.064991 0.083607
1 0.643847 0.344262 0.041594 0.069672
3 0.585789 0.337705 0.086655 0.177049
3 0.876083 0.495902 0.208839 0.291803
3 0.702773 0.283607 0.120451 0.172951
3 0.562392 0.249180 0.061525 0.118852
0 0.534662 0.210656 0.041594 0.089344
1 0.381283 0.199180 0.032062 0.038525
1 0.616984 0.226230 0.038128 0.046721
1 0.527730 0.197541 0.026863 0.038525
