1 0.500832 0.364754 0.084027 0.203893
1 0.447587 0.006916 0.032446 0.013832
1 0.462562 0.744877 0.127288 0.373975
1 0.431780 0.065574 0.054077 0.102459
1 0.297005 0.188525 0.079035 0.148566
1 0.021631 0.242828 0.043261 0.182377
1 0.308652 0.029201 0.054077 0.058402
1 0.742096 0.375000 0.110649 0.218238
1 0.209651 0.443648 0.136439 0.235656
1 0.831947 0.210041 0.085691 0.140369
1 0.145591 0.263320 0.108985 0.182377
1 0.380200 0.319672 0.089850 0.184426
1 0.784526 0.057377 0.057404 0.094262
1 0.709651 0.145492 0.063228 0.126025
1 0.711314 0.035605 0.040765 0.071209
1 0.628120 0.038166 0.045757 0.076332
1 0.267055 0.828637 0.189684 0.342725
1 0.069884 0.872951 0.139767 0.254098
