1 0.631789 0.160345 0.027955 0.047414
1 0.698083 0.175000 0.034345 0.059483
1 0.646166 0.206034 0.035942 0.067241
1 0.144569 0.446552 0.086262 0.120690
1 0.416933 0.553448 0.083866 0.153448
2 0.244409 0.436207 0.083866 0.159483
1 0.767572 0.199138 0.035144 0.055172
1 0.815495 0.168103 0.034345 0.050862
1 0.750000 0.264655 0.043930 0.071552
1 0.689297 0.291379 0.043930 0.079310
1 0.842652 0.286207 0.053514 0.086207
1 0.674920 0.401724 0.060703 0.106035
1 0.789137 0.358621 0.058307 0.092241
1 0.440096 0.265517 0.040735 0.071552
1 0.767572 0.774138 0.119010 0.226724
1 0.971246 0.892241 0.057508 0.215517
