3 0.071400 0.250996 0.142799 0.179283
1 0.143204 0.355578 0.077670 0.106574
3 0.376214 0.496016 0.427184 0.523904
3 0.818163 0.761952 0.363673 0.476096
3 0.300971 0.219124 0.169094 0.205179
1 0.455502 0.315737 0.097896 0.118526
1 0.605987 0.385458 0.127023 0.146414
1 0.796926 0.472112 0.158576 0.177291
3 0.923948 0.381474 0.152104 0.268924
1 0.690129 0.348606 0.126214 0.132470
1 0.518608 0.283865 0.093851 0.118526
3 0.392395 0.198207 0.173948 0.189243
3 0.489482 0.712151 0.512136 0.575697
1 0.039239 0.371514 0.078479 0.122510
1 0.966019 0.555777 0.067961 0.139442
