2 0.599447 0.228279 0.140884 0.101363
1 0.345304 0.409710 0.080110 0.137138
2 0.359116 0.219762 0.046961 0.107325
1 0.270718 0.210392 0.056169 0.080920
1 0.037753 0.254685 0.069061 0.085179
1 0.090239 0.137990 0.043278 0.058773
1 0.115101 0.162692 0.061694 0.058773
1 0.151934 0.143101 0.047882 0.054514
1 0.146409 0.106474 0.037753 0.050256
1 0.186925 0.114991 0.040516 0.046848
2 0.209945 0.087734 0.034070 0.058773
1 0.227440 0.078365 0.033149 0.048552
1 0.029696 0.310051 0.059392 0.107325
1 0.312155 0.139693 0.036832 0.056218
1 0.378453 0.123509 0.033149 0.052811
1 0.338858 0.085179 0.030387 0.046848
3 0.020028 0.187394 0.040055 0.185690
