3 0.758239 0.586558 0.483522 0.714868
0 0.364407 0.302444 0.226930 0.308554
1 0.199623 0.287169 0.110169 0.132383
1 0.112053 0.238289 0.097928 0.113035
3 0.040725 0.167006 0.081450 0.188391
1 0.992467 0.276986 0.015066 0.183299
1 0.808851 0.208758 0.184557 0.151731
3 0.541431 0.108452 0.319209 0.216904
3 0.811441 0.108198 0.377119 0.216395
1 0.334275 0.105906 0.081921 0.089613
3 0.396422 0.062627 0.225989 0.125255
1 0.254237 0.092668 0.082863 0.084521
3 0.196798 0.034369 0.188324 0.068737
2 0.911017 0.437882 0.177966 0.297352
1 0.658192 0.359470 0.195857 0.190428
2 0.472693 0.269857 0.142185 0.183299
1 0.322976 0.243381 0.127119 0.132383
3 0.176083 0.159878 0.222222 0.224033
