1 0.457429 0.824793 0.096828 0.233058
1 0.523372 0.200826 0.035893 0.051240
2 0.293823 0.859504 0.122704 0.247107
1 0.031093 0.840496 0.062187 0.176033
1 0.258765 0.501653 0.080968 0.119835
1 0.015234 0.630579 0.030467 0.115702
1 0.172788 0.467769 0.094324 0.135537
1 0.614357 0.193388 0.034224 0.057025
3 0.717028 0.162810 0.069282 0.098347
1 0.334725 0.361983 0.056761 0.088430
1 0.202838 0.346281 0.065943 0.078512
1 0.691987 0.251240 0.042571 0.066942
1 0.631886 0.257025 0.037563 0.064463
1 0.272120 0.348760 0.055927 0.085950
1 0.378130 0.277686 0.039232 0.062810
2 0.333055 0.236364 0.044240 0.090083
1 0.272955 0.252893 0.043406 0.060331
1 0.678631 0.440496 0.062604 0.100000
1 0.804674 0.310744 0.062604 0.064463
1 0.847245 0.574380 0.103506 0.128926
1 0.409015 0.210744 0.030885 0.051240
1 0.476628 0.196694 0.026711 0.048760
1 0.382304 0.188430 0.030050 0.052893
