1 0.047451 0.157092 0.094902 0.110413
1 0.215835 0.105027 0.111714 0.085278
1 0.301518 0.133752 0.094360 0.087074
2 0.029013 0.666068 0.058026 0.380610
1 0.195228 0.478456 0.215835 0.197487
3 0.467462 0.166966 0.257050 0.229802
1 0.116052 0.388689 0.228850 0.170557
1 0.413232 0.347397 0.159436 0.149013
1 0.004881 0.351885 0.009761 0.149013
1 0.144252 0.250449 0.165944 0.119390
1 0.601952 0.213645 0.094360 0.122980
1 0.518438 0.270197 0.107375 0.113106
1 0.300434 0.190305 0.112798 0.119390
1 0.599783 0.138241 0.061822 0.070018
1 0.655098 0.114901 0.055315 0.061939
1 0.667028 0.174147 0.057484 0.070018
