1 0.463434 0.193894 0.056439 0.085809
1 0.384738 0.705446 0.168521 0.332508
1 0.649444 0.231848 0.060413 0.109736
1 0.589825 0.093234 0.035771 0.064356
1 0.710652 0.035479 0.031002 0.052805
1 0.756757 0.037954 0.034976 0.054455
1 0.802067 0.026403 0.035771 0.052805
1 0.511924 0.349835 0.085056 0.152640
2 0.556439 0.138614 0.043720 0.101485
1 0.744833 0.142739 0.054849 0.075908
1 0.644674 0.081683 0.037361 0.064356
1 0.895072 0.220297 0.076312 0.099835
1 0.864070 0.382838 0.102544 0.152640
1 0.558824 0.067657 0.035771 0.066832
1 0.614467 0.051155 0.035771 0.052805
3 0.482512 0.083333 0.132750 0.166667
