0 0.360550 0.616497 0.344954 0.273809
1 0.095413 0.079932 0.077982 0.052721
1 0.084404 0.051020 0.066055 0.054422
1 0.242202 0.076531 0.061468 0.052721
1 0.199083 0.072279 0.061468 0.058673
3 0.329358 0.127551 0.373394 0.181122
3 0.695413 0.244898 0.378899 0.264456
1 0.383486 0.083333 0.090826 0.058673
1 0.377064 0.107993 0.088991 0.068878
1 0.819266 0.407313 0.166055 0.141156
1 0.433028 0.107993 0.076147 0.066327
1 0.986927 0.558673 0.026147 0.135204
1 0.581651 0.125000 0.081651 0.052721
1 0.585321 0.147109 0.088991 0.068878
1 0.549541 0.097789 0.084404 0.058673
1 0.716514 0.452381 0.208257 0.147109
1 0.750459 0.118197 0.084404 0.042517
1 0.764220 0.146259 0.111009 0.066327
1 0.426606 0.323129 0.151376 0.114796
1 0.189908 0.054422 0.080734 0.052721
1 0.380734 0.244048 0.103670 0.092687
1 0.759633 0.192177 0.074312 0.078231
1 0.890826 0.145408 0.111009 0.060374
1 0.088991 0.263605 0.139450 0.088435
1 0.933028 0.126701 0.092661 0.068878
3 0.025688 0.071429 0.051376 0.129252
