1 0.545369 0.905255 0.247637 0.189490
1 0.173913 0.050159 0.037807 0.035828
1 0.252363 0.059713 0.042533 0.037420
1 0.397921 0.447452 0.135161 0.147293
1 0.251418 0.078822 0.037807 0.041401
1 0.137996 0.215764 0.065217 0.081210
1 0.329868 0.121019 0.056711 0.049363
1 0.404537 0.113853 0.055766 0.052548
1 0.462193 0.103503 0.057656 0.056529
1 0.495274 0.085987 0.052930 0.046975
3 0.068053 0.107484 0.101134 0.151274
1 0.181474 0.146497 0.056711 0.058121
2 0.636106 0.155255 0.089792 0.077229
1 0.004253 0.178344 0.008507 0.064490
1 0.589792 0.230096 0.098299 0.067675
1 0.685255 0.224522 0.102079 0.085191
1 0.987713 0.366242 0.024575 0.143312
