1 0.502609 0.406196 0.089565 0.166954
1 0.541739 0.700516 0.132174 0.303787
1 0.503478 0.952668 0.186956 0.094664
1 0.910435 0.135972 0.113913 0.086059
1 0.784348 0.197935 0.073043 0.105852
0 0.682609 0.121343 0.098261 0.208262
1 0.153043 0.182444 0.066087 0.093804
1 0.474783 0.088640 0.060000 0.081756
1 0.592174 0.087780 0.039130 0.059380
2 0.174783 0.405336 0.105217 0.196213
1 0.270435 0.515491 0.135652 0.253012
3 0.102826 0.340792 0.205652 0.455250
1 0.860000 0.317556 0.120870 0.126506
1 0.660000 0.433735 0.119130 0.197935
1 0.305217 0.128227 0.059130 0.092083
1 0.953913 0.558520 0.092174 0.226334
0 0.381739 0.092083 0.073043 0.159208
3 0.280000 0.061102 0.096522 0.117900
1 0.183478 0.127367 0.054783 0.073150
