0 0.329905 0.267200 0.073576 0.109600
1 0.525316 0.152800 0.034019 0.041600
1 0.567247 0.160000 0.034019 0.040000
1 0.546677 0.139200 0.030854 0.037600
1 0.505538 0.135200 0.030854 0.040000
1 0.526899 0.124800 0.029272 0.034400
2 0.596519 0.152800 0.034810 0.049600
2 0.352057 0.140800 0.032437 0.049600
1 0.403481 0.126400 0.037975 0.044000
2 0.377373 0.132000 0.038766 0.045600
1 0.945411 0.295200 0.081487 0.070400
3 0.977453 0.252000 0.045095 0.144000
1 0.450949 0.166400 0.041930 0.052800
1 0.478639 0.190400 0.045095 0.055200
1 0.786392 0.212800 0.057753 0.049600
3 0.480222 0.238400 0.173259 0.206400
1 0.551424 0.206400 0.057753 0.055200
2 0.636867 0.162400 0.032437 0.052800
1 0.522943 0.231200 0.051424 0.058400
1 0.681171 0.164800 0.049842 0.045600
1 0.692247 0.344000 0.091772 0.080000
1 0.837025 0.381600 0.114715 0.087200
1 0.600475 0.131200 0.041139 0.036000
