1 0.230836 0.256785 0.038328 0.072025
1 0.274390 0.229645 0.042683 0.072025
1 0.310976 0.288100 0.049652 0.079332
1 0.907665 0.535491 0.150697 0.155532
1 0.868467 0.433194 0.121080 0.118998
1 0.241289 0.331942 0.045296 0.096033
1 0.887631 0.383090 0.111498 0.121086
1 0.673345 0.290188 0.081010 0.091858
1 0.611498 0.311065 0.080139 0.099165
1 0.276132 0.500000 0.060105 0.121086
1 0.582753 0.229645 0.058362 0.076200
1 0.400697 0.211900 0.047909 0.072025
1 0.467770 0.202505 0.045296 0.072025
1 0.886760 0.921712 0.226481 0.156576
