1 0.612559 0.031139 0.072275 0.041815
1 0.688389 0.040925 0.084123 0.041815
0 0.830569 0.161922 0.109005 0.126335
1 0.902844 0.474199 0.129147 0.181495
1 0.885071 0.335409 0.104265 0.132562
1 0.920616 0.232206 0.093602 0.118327
1 0.970675 0.169929 0.058649 0.088968
1 0.283175 0.166370 0.131517 0.073843
1 0.799763 0.750000 0.303318 0.221530
1 0.228673 0.112989 0.103081 0.056940
1 0.731043 0.088078 0.105450 0.061388
2 0.078199 0.155694 0.127962 0.063167
1 0.123815 0.750890 0.247630 0.200178
1 0.967713 0.052491 0.064573 0.056940
