0 0.503839 0.681424 0.360844 0.279514
1 0.756238 0.129340 0.098848 0.063368
1 0.784069 0.115451 0.084453 0.065972
3 0.173465 0.251736 0.346929 0.201389
3 0.005038 0.386285 0.010077 0.279514
1 0.724568 0.122396 0.088292 0.061632
1 0.651632 0.146701 0.081574 0.072049
1 0.580614 0.142361 0.083493 0.059896
1 0.473129 0.154514 0.083493 0.061632
1 0.450096 0.175347 0.102687 0.067708
1 0.492322 0.140625 0.087332 0.065972
1 0.273512 0.157118 0.095010 0.057292
1 0.302303 0.182292 0.110365 0.078125
1 0.035988 0.535590 0.071977 0.156250
1 0.841651 0.104167 0.080614 0.051215
1 0.045825 0.428819 0.091651 0.118924
1 0.296545 0.201389 0.071977 0.078125
1 0.110365 0.185764 0.107486 0.072049
1 0.321497 0.443576 0.188100 0.127604
1 0.047025 0.178819 0.094050 0.076389
3 0.631478 0.178819 0.361804 0.171007
