1 0.019231 0.481799 0.038462 0.209850
1 0.337045 0.323340 0.186235 0.144540
1 0.566802 0.290150 0.160931 0.134904
1 0.724696 0.236617 0.116397 0.116702
3 0.320091 0.642131 0.640182 0.715739
0 0.761134 0.380086 0.225709 0.332976
1 0.910931 0.376874 0.118421 0.139186
1 0.975455 0.315846 0.049089 0.127409
1 0.032136 0.367238 0.064271 0.187366
1 0.258097 0.292291 0.199393 0.162741
3 0.543522 0.173448 0.343117 0.259101
3 0.245951 0.154176 0.420040 0.296574
1 0.766194 0.178801 0.089069 0.096360
3 0.699393 0.111349 0.242915 0.190578
1 0.852227 0.172377 0.089069 0.088865
3 0.906377 0.082441 0.187247 0.129550
2 0.120951 0.535332 0.241903 0.312634
1 0.418016 0.452891 0.210526 0.200214
2 0.617409 0.358672 0.152834 0.192719
1 0.778340 0.330835 0.136640 0.139186
3 0.908401 0.243041 0.183198 0.235546
