3 0.066272 0.465164 0.132545 0.184426
1 0.132953 0.574795 0.077488 0.106557
3 0.367863 0.717213 0.430669 0.538934
3 0.812398 0.883197 0.375204 0.233607
3 0.292007 0.432377 0.170473 0.211066
1 0.447798 0.531762 0.098695 0.121926
1 0.599511 0.603484 0.128059 0.150615
1 0.792007 0.692623 0.159870 0.182377
3 0.922716 0.609631 0.154568 0.279713
1 0.684339 0.565574 0.127243 0.136271
1 0.511419 0.498975 0.094617 0.121926
3 0.384176 0.410861 0.175367 0.194672
3 0.241436 0.776896 0.304241 0.446209
1 0.831158 0.529713 0.121533 0.133197
1 0.965130 0.782787 0.069739 0.143443
