2 0.117647 0.431648 0.235294 0.305243
1 0.484874 0.324906 0.174790 0.179775
2 0.652941 0.242509 0.127731 0.168539
1 0.785714 0.217228 0.113445 0.119850
3 0.906513 0.145131 0.186975 0.204120
1 0.988025 0.144195 0.023950 0.082397
2 0.175630 0.299626 0.236135 0.244382
1 0.422689 0.244382 0.151261 0.157303
1 0.586555 0.176966 0.135294 0.135768
1 0.718487 0.147004 0.110924 0.111423
1 0.807563 0.127341 0.076471 0.090824
1 0.897479 0.095506 0.063866 0.073034
1 0.063866 0.241573 0.127731 0.168539
1 0.575630 0.082397 0.110924 0.095506
1 0.985924 0.087079 0.028151 0.073034
1 0.931933 0.031601 0.049580 0.063202
1 0.026891 0.053605 0.053782 0.107210
1 0.145378 0.050562 0.131933 0.101124
1 0.301681 0.034878 0.117647 0.069757
1 0.443697 0.028792 0.100840 0.057584
3 0.605042 0.019195 0.207563 0.038390
1 0.030252 0.032772 0.060504 0.065543
1 0.182353 0.024110 0.130252 0.048221
1 0.356303 0.011002 0.110084 0.022004
1 0.526050 0.000234 0.073109 0.000468
1 0.742017 0.011704 0.069748 0.023408
1 0.816807 0.006554 0.053782 0.013109
1 0.869748 0.003511 0.043697 0.007022
