1 0.107843 0.025674 0.056645 0.051349
1 0.264706 0.096473 0.069717 0.095436
1 0.832244 0.270747 0.110022 0.159751
1 0.622004 0.168050 0.074074 0.113071
1 0.526144 0.179461 0.081699 0.113071
1 0.069717 0.290456 0.104575 0.137967
1 0.205882 0.308091 0.101307 0.157676
1 0.002451 0.206432 0.004902 0.113071
1 0.167756 0.566390 0.140523 0.224066
2 0.623094 0.057054 0.066449 0.103734
2 0.739651 0.035270 0.056645 0.070539
1 0.648148 0.029046 0.052288 0.058091
1 0.000272 0.599585 0.000545 0.226141
1 0.476035 0.029046 0.049020 0.058091
