2 0.376827 0.826677 0.143006 0.346647
1 0.147182 0.264300 0.057411 0.065089
1 0.223382 0.150888 0.038622 0.051282
1 0.197286 0.181460 0.046973 0.058185
1 0.256785 0.178501 0.038622 0.056213
1 0.283925 0.156805 0.038622 0.049310
1 0.144050 0.307692 0.072025 0.090730
1 0.278706 0.468442 0.090814 0.142998
1 0.445720 0.358974 0.066806 0.107495
1 0.432150 0.275148 0.053236 0.086785
1 0.522965 0.245562 0.044885 0.076923
1 0.457203 0.207101 0.037578 0.063116
1 0.466597 0.174556 0.033403 0.051282
3 0.123173 0.185404 0.108559 0.163708
3 0.020616 0.276134 0.041232 0.296844
