0 0.654898 0.193517 0.108200 0.132613
1 0.372437 0.051081 0.050114 0.051081
1 0.313212 0.057957 0.048975 0.046169
1 0.341686 0.033399 0.044419 0.046169
1 0.399772 0.030452 0.046697 0.051081
1 0.369021 0.018910 0.045558 0.037819
2 0.265376 0.052063 0.051253 0.062868
2 0.226651 0.073674 0.045558 0.069745
1 0.605923 0.032417 0.055809 0.046169
1 0.302961 0.031434 0.050114 0.046169
1 0.486333 0.039293 0.058087 0.049116
1 0.535308 0.043222 0.054670 0.049116
1 0.388383 0.125737 0.080866 0.060904
3 0.376993 0.253438 0.359909 0.368369
3 0.058371 0.091356 0.116743 0.161100
3 0.206150 0.144401 0.232346 0.186640
1 0.299544 0.183694 0.096811 0.074656
1 0.326879 0.011297 0.048975 0.022593
