1 0.102140 0.614929 0.151751 0.297393
1 0.160506 0.399289 0.093385 0.190758
0 0.208171 0.152844 0.092412 0.168246
1 0.096303 0.239336 0.077821 0.157583
1 0.997811 0.190758 0.004377 0.084123
1 0.446498 0.007701 0.041829 0.015403
1 0.982247 0.228673 0.035506 0.106635
1 0.834630 0.119668 0.078794 0.073460
3 0.483463 0.221268 0.290856 0.442536
1 0.462062 0.117299 0.069066 0.090047
1 0.458171 0.048578 0.069066 0.069905
1 0.495136 0.012441 0.042802 0.024882
1 0.680934 0.048578 0.063230 0.069905
1 0.706226 0.029621 0.059339 0.059242
1 0.679961 0.287915 0.120623 0.131517
1 0.591440 0.025770 0.063230 0.051540
1 0.593385 0.004147 0.050584 0.008294
1 0.888132 0.374408 0.144942 0.131517
