1 0.076233 0.909286 0.152466 0.181429
1 0.452915 0.472381 0.119955 0.182857
1 0.303812 0.045714 0.045964 0.056190
1 0.517937 0.300952 0.088565 0.121905
1 0.253363 0.550476 0.142377 0.207619
1 0.228700 0.055238 0.048206 0.054286
1 0.262332 0.086667 0.052691 0.065714
2 0.507848 0.191429 0.061659 0.103810
1 0.219731 0.113333 0.053812 0.062857
1 0.515695 0.117143 0.049327 0.052381
1 0.115471 0.134286 0.071749 0.079048
1 0.258969 0.168571 0.075112 0.090476
1 0.614350 0.067619 0.041480 0.060952
2 0.539238 0.058095 0.043722 0.074286
1 0.454036 0.080000 0.044843 0.065714
2 0.051289 0.244762 0.102578 0.146667
1 0.689462 0.215238 0.112108 0.079048
3 0.708520 0.482857 0.207399 0.485714
