1 0.044531 0.871595 0.089063 0.256809
1 0.108333 0.700389 0.105208 0.188716
1 0.655208 0.943580 0.161458 0.112840
1 0.442708 0.900778 0.137500 0.198444
1 0.164583 0.940661 0.191667 0.118677
1 0.453125 0.697471 0.116667 0.203307
1 0.646875 0.815175 0.128125 0.221790
1 0.188542 0.535992 0.116667 0.170233
1 0.248958 0.790856 0.158333 0.257782
2 0.248958 0.426070 0.103125 0.173152
1 0.613542 0.648833 0.092708 0.198444
0 0.629167 0.424125 0.092708 0.240272
1 0.350000 0.525292 0.090625 0.144942
3 0.253125 0.255837 0.165625 0.223735
