1 0.514509 0.181818 0.040179 0.053191
1 0.655134 0.167311 0.040179 0.053191
1 0.590402 0.178917 0.041295 0.055126
1 0.048828 0.630561 0.097656 0.190522
1 0.171875 0.421663 0.075893 0.107350
1 0.246652 0.537718 0.106027 0.142166
1 0.560268 0.293037 0.062500 0.075435
2 0.647321 0.284333 0.068080 0.110251
1 0.762277 0.203095 0.050223 0.061896
2 0.594866 0.436170 0.092634 0.147002
1 0.347098 0.273694 0.054687 0.075435
1 0.262277 0.253385 0.049107 0.063830
1 0.834821 0.385880 0.090402 0.100580
2 0.208705 0.203095 0.045759 0.070600
1 0.698661 0.900387 0.177455 0.199226
2 0.914900 0.757253 0.170201 0.259188
