1 0.366611 0.756732 0.107383 0.265709
1 0.403523 0.077199 0.029362 0.051167
1 0.393456 0.184022 0.044463 0.082585
2 0.093960 0.803411 0.187919 0.393178
1 0.596477 0.272890 0.130872 0.096050
1 0.258389 0.061939 0.030201 0.059246
1 0.222315 0.085278 0.037752 0.063734
1 0.217282 0.042190 0.027685 0.051167
1 0.261745 0.017953 0.023490 0.034111
1 0.291946 0.019749 0.023490 0.038600
1 0.175336 0.126571 0.044463 0.065530
1 0.117450 0.175943 0.057886 0.080790
1 0.419463 0.019075 0.020973 0.038151
1 0.098993 0.306104 0.090604 0.108618
1 0.038171 0.251347 0.076342 0.104129
