3 0.995148 0.372712 0.009704 0.149750
1 0.970887 0.459235 0.058226 0.094842
3 0.723660 0.577371 0.487985 0.437604
3 0.213262 0.801997 0.426525 0.396007
3 0.809612 0.346090 0.193161 0.171381
1 0.633087 0.426789 0.111830 0.099002
1 0.461183 0.485025 0.145102 0.122296
1 0.243068 0.557404 0.181146 0.148087
3 0.092421 0.484193 0.184843 0.219634
1 0.365065 0.454243 0.144178 0.110649
1 0.560998 0.400166 0.107209 0.099002
3 0.705176 0.328619 0.198706 0.158070
1 0.555453 0.886023 0.272643 0.227953
1 0.043207 0.628120 0.086414 0.116473
