1 0.277978 0.513430 0.126354 0.153926
3 0.481047 0.188017 0.154332 0.153926
1 0.430505 0.491736 0.114621 0.149793
1 0.404332 0.404959 0.100180 0.130165
1 0.574007 0.358471 0.078520 0.107438
1 0.348375 0.305785 0.078520 0.083678
1 0.259025 0.359504 0.105596 0.098140
1 0.493682 0.334711 0.094765 0.100207
1 0.583032 0.207645 0.055054 0.066116
1 0.129061 0.438017 0.125451 0.114669
1 0.024594 0.521694 0.049188 0.125000
1 0.463899 0.604339 0.129964 0.178719
1 0.575812 0.271694 0.073105 0.083678
2 0.462996 0.274793 0.086643 0.100207
1 0.634477 0.393595 0.085740 0.110537
1 0.763538 0.858471 0.240975 0.200413
1 0.737365 0.240702 0.055054 0.073347
2 0.121841 0.504132 0.121841 0.149793
1 0.097247 0.964876 0.194495 0.070248
1 0.831227 0.189050 0.064982 0.060950
2 0.602888 0.943957 0.316787 0.112087
