3 0.068508 0.428279 0.137015 0.187500
1 0.138280 0.516393 0.084317 0.104508
3 0.479764 0.716445 0.555649 0.567111
3 0.977445 0.909068 0.045110 0.181865
3 0.302698 0.369877 0.171164 0.177254
1 0.464587 0.467213 0.104553 0.104508
1 0.627319 0.536885 0.138280 0.133197
1 0.816189 0.620902 0.172007 0.162910
3 0.979764 0.536885 0.040472 0.233607
1 0.749578 0.507172 0.138280 0.111680
1 0.534570 0.438525 0.098651 0.111680
3 0.397133 0.346311 0.178752 0.172131
1 0.136594 0.641393 0.104553 0.150615
1 0.222597 0.326844 0.056492 0.074795
1 0.978078 0.706967 0.043845 0.143443
