0 0.845142 0.258491 0.096154 0.129245
1 0.596154 0.123585 0.043522 0.049057
1 0.542510 0.131132 0.043522 0.047170
1 0.567814 0.106604 0.039474 0.044340
1 0.620445 0.101887 0.040486 0.047170
1 0.593117 0.089623 0.039474 0.040566
2 0.503036 0.124528 0.044534 0.058491
1 0.786437 0.090566 0.036437 0.047170
1 0.814777 0.096226 0.039474 0.047170
3 0.871457 0.083962 0.122470 0.120755
1 0.715587 0.109434 0.052632 0.047170
2 0.461538 0.145283 0.041498 0.068868
1 0.764170 0.117925 0.051619 0.049057
1 0.075911 0.269811 0.101215 0.083019
1 0.687247 0.165094 0.064777 0.060377
1 0.602227 0.166038 0.072874 0.058491
1 0.268219 0.187736 0.077935 0.062264
1 0.503036 0.269811 0.100202 0.080189
1 0.407895 0.130189 0.060729 0.051887
1 0.543522 0.095283 0.044534 0.044340
1 0.233806 0.467925 0.150810 0.114151
3 0.504049 0.068868 0.157895 0.102830
