1 0.672515 0.364130 0.171540 0.126812
1 0.289474 0.278080 0.109162 0.094203
3 0.726852 0.634964 0.546296 0.607790
0 0.337232 0.412138 0.217349 0.281703
1 0.192982 0.409420 0.114035 0.117754
1 0.104288 0.357790 0.100390 0.107790
3 0.035575 0.296196 0.071150 0.172101
1 0.821637 0.337862 0.192008 0.137681
3 0.546784 0.237319 0.330409 0.219203
3 0.815546 0.221014 0.368908 0.250906
1 0.332359 0.241848 0.085770 0.081522
3 0.396686 0.184783 0.233918 0.161232
1 0.249513 0.236413 0.085770 0.075181
3 0.190058 0.160326 0.194932 0.109601
2 0.918616 0.543478 0.162768 0.264493
1 0.667641 0.473732 0.202729 0.169384
2 0.475634 0.394022 0.147173 0.163043
1 0.320663 0.370471 0.131579 0.117754
3 0.168616 0.296196 0.230019 0.199275
