1 0.315873 0.026230 0.016667 0.019672
1 0.303968 0.045082 0.019841 0.036885
1 0.830159 0.484426 0.113492 0.150000
1 0.275397 0.050820 0.025397 0.022951
1 0.278571 0.030328 0.019048 0.019672
1 0.684127 0.320492 0.065873 0.103279
1 0.276984 0.081967 0.030952 0.040984
1 0.234127 0.062295 0.025397 0.029508
1 0.243651 0.095902 0.029365 0.040984
2 0.325397 0.063115 0.026191 0.048361
1 0.205556 0.080328 0.037302 0.048361
1 0.357937 0.145082 0.040476 0.062295
1 0.407143 0.106557 0.028571 0.052459
1 0.226984 0.127049 0.038889 0.054098
1 0.169048 0.132787 0.050000 0.031148
1 0.166667 0.174590 0.054762 0.066393
1 0.112698 0.138525 0.067460 0.069672
1 0.421429 0.043443 0.021429 0.036885
1 0.392857 0.031967 0.021429 0.036885
1 0.462698 0.041803 0.019841 0.035246
3 0.468254 0.158197 0.072222 0.172951
