1 0.985883 0.811303 0.028234 0.263410
1 0.950462 0.640805 0.099076 0.192529
1 0.411704 0.913793 0.161191 0.172414
1 0.625257 0.869013 0.136550 0.261973
1 0.899384 0.908046 0.188912 0.183908
1 0.613963 0.636973 0.116016 0.200192
1 0.424025 0.750000 0.123203 0.222222
1 0.875770 0.477969 0.114990 0.177203
1 0.814168 0.727011 0.156057 0.251916
2 0.752567 0.269157 0.077002 0.127395
2 0.978953 0.194444 0.042094 0.095785
1 0.292608 0.193487 0.061602 0.084291
1 0.565708 0.177203 0.045175 0.077586
2 0.801848 0.129310 0.066735 0.081418
