1 0.672494 0.534884 0.149184 0.169574
1 0.833333 0.393411 0.094406 0.096899
1 0.961830 0.303295 0.076340 0.078488
1 0.153846 0.861676 0.241259 0.276647
1 0.670163 0.426357 0.106061 0.100775
1 0.799534 0.343023 0.092075 0.082364
1 0.217949 0.635659 0.175991 0.162791
1 0.490676 0.368217 0.116550 0.082364
1 0.580420 0.326550 0.099068 0.073643
1 0.660839 0.294574 0.088578 0.073643
1 0.723776 0.264535 0.082751 0.055233
1 0.367133 0.425388 0.138695 0.100775
1 0.168998 0.452519 0.155012 0.087209
1 0.340326 0.390504 0.120047 0.085271
1 0.469697 0.342054 0.103730 0.080426
2 0.557110 0.290698 0.089744 0.068798
1 0.651515 0.259690 0.080420 0.062016
1 0.580420 0.255814 0.078089 0.055233
1 0.537296 0.421512 0.134033 0.107558
1 0.019231 0.532946 0.038462 0.125969
1 0.223776 0.504845 0.166667 0.110465
1 0.754079 0.302326 0.099068 0.087209
1 0.936189 0.814923 0.127622 0.169574
1 0.920746 0.252907 0.088578 0.060078
1 0.051865 0.599806 0.103730 0.130814
1 0.483683 0.294574 0.088578 0.068798
1 0.972611 0.272287 0.054779 0.060078
1 0.357809 0.348837 0.115385 0.068798
