1 0.797907 0.231688 0.058776 0.045382
1 0.718196 0.226115 0.041868 0.043790
1 0.733494 0.248408 0.035427 0.056529
1 0.687601 0.252389 0.036232 0.056529
1 0.028180 0.457803 0.056361 0.097134
1 0.263285 0.433121 0.121578 0.111465
1 0.115942 0.459395 0.135266 0.115446
1 0.644928 0.304140 0.050725 0.064490
1 0.186795 0.370223 0.105475 0.096338
1 0.391304 0.360669 0.082931 0.085191
1 0.289050 0.362261 0.096618 0.079618
1 0.611916 0.369427 0.068438 0.079618
1 0.321256 0.303344 0.074074 0.073248
1 0.533011 0.290605 0.053945 0.071656
1 0.433172 0.304140 0.067633 0.066083
1 0.409018 0.285032 0.058776 0.064490
1 0.393720 0.257166 0.050725 0.062102
2 0.496779 0.232484 0.053945 0.082803
1 0.619163 0.732484 0.090177 0.188694
1 0.456522 0.224522 0.039452 0.054936
1 0.611111 0.223726 0.041063 0.050955
1 0.537842 0.221338 0.032206 0.049363
1 0.784219 0.904459 0.131240 0.191083
