1 0.615809 0.053922 0.036765 0.060784
1 0.077895 0.853922 0.155790 0.292157
1 0.686581 0.052941 0.039522 0.062745
1 0.245404 0.218627 0.057904 0.090196
1 0.098346 0.300980 0.084559 0.134314
1 0.414522 0.317647 0.073529 0.125490
1 0.305147 0.117647 0.043199 0.069608
1 0.454963 0.176471 0.051471 0.088235
2 0.357537 0.160784 0.062500 0.155882
1 0.771140 0.054902 0.046875 0.067647
1 0.224265 0.132353 0.047794 0.079412
1 0.645221 0.212745 0.061581 0.106863
1 0.830882 0.160784 0.061581 0.076471
1 0.829963 0.229412 0.059743 0.093137
1 0.398897 0.092157 0.044118 0.071569
1 0.903493 0.138235 0.056066 0.076471
1 0.429228 0.043137 0.035846 0.053922
1 0.483456 0.050980 0.036765 0.060784
1 0.793199 0.768627 0.149816 0.255882
2 0.977022 0.846078 0.045956 0.307843
