3 0.345374 0.573446 0.690748 0.631827
0 0.814969 0.341808 0.231809 0.292844
1 0.954002 0.338983 0.091996 0.122411
1 0.050936 0.329567 0.101871 0.169492
1 0.296258 0.266478 0.203742 0.140301
3 0.591476 0.160075 0.352391 0.227872
3 0.285863 0.143126 0.431393 0.260829
1 0.820166 0.171375 0.090437 0.082863
3 0.751559 0.105461 0.249480 0.167608
1 0.908524 0.159134 0.091476 0.078154
3 0.933992 0.080038 0.132017 0.113936
2 0.148649 0.478343 0.266112 0.274953
1 0.462578 0.405838 0.216216 0.176083
2 0.667360 0.322976 0.156965 0.169492
1 0.832640 0.298493 0.140333 0.122411
3 0.936071 0.221281 0.127859 0.207156
