1 0.055526 0.631423 0.111053 0.236166
0 0.145263 0.206522 0.097895 0.135375
1 0.081053 0.419960 0.096842 0.172925
1 0.403158 0.067194 0.042105 0.049407
1 0.460000 0.076087 0.046316 0.049407
1 0.430526 0.050395 0.038947 0.044466
1 0.375789 0.044466 0.038947 0.046443
1 0.222105 0.038538 0.047368 0.046443
1 0.403158 0.032609 0.037895 0.042490
1 0.274737 0.064229 0.053684 0.049407
1 0.240000 0.134387 0.075789 0.080040
1 0.270526 0.082016 0.068421 0.063241
2 0.852632 0.208498 0.083158 0.086957
1 0.383158 0.103755 0.066316 0.058300
1 0.381053 0.147233 0.083158 0.077075
1 0.740000 0.144269 0.083158 0.063241
1 0.454737 0.302372 0.109474 0.105731
1 0.622105 0.068182 0.051579 0.049407
1 0.605263 0.233202 0.100000 0.077075
1 0.653684 0.316206 0.127368 0.107708
2 0.564211 0.062253 0.057895 0.058300
2 0.468421 0.048419 0.046316 0.054348
1 0.965000 0.550395 0.070000 0.117589
