1 0.523771 0.095041 0.040164 0.064463
1 0.402459 0.371901 0.088525 0.157025
1 0.318852 0.028099 0.027049 0.038843
1 0.282787 0.019835 0.027049 0.038843
1 0.422131 0.149587 0.046721 0.074380
1 0.274590 0.066116 0.035246 0.041322
1 0.450000 0.107438 0.036885 0.062810
1 0.351639 0.156198 0.046721 0.072727
1 0.281148 0.111570 0.043443 0.052893
1 0.213115 0.088430 0.036885 0.057025
2 0.386885 0.065289 0.042623 0.080165
1 0.240984 0.174380 0.059016 0.088430
1 0.136066 0.180165 0.069672 0.104132
1 0.440984 0.023967 0.026229 0.041322
