1 0.066131 0.056044 0.132261 0.112088
1 0.209544 0.019780 0.110996 0.039560
1 0.330913 0.026648 0.088174 0.053297
2 0.051349 0.650549 0.102697 0.458242
1 0.230290 0.426374 0.207469 0.239560
3 0.489627 0.093681 0.243776 0.187363
1 0.157676 0.313187 0.214730 0.201099
1 0.439834 0.262637 0.149378 0.176923
2 0.014782 0.410989 0.029564 0.300000
1 0.027230 0.271429 0.054461 0.182418
1 0.183610 0.148352 0.162863 0.138462
1 0.622407 0.094505 0.090249 0.130769
1 0.539419 0.174725 0.103734 0.140659
1 0.329876 0.072802 0.106847 0.145604
1 0.616183 0.029121 0.059129 0.058242
1 0.672199 0.012912 0.054979 0.025824
1 0.685685 0.056044 0.059129 0.101099
