1 0.300659 0.307447 0.085667 0.128723
1 0.755354 0.019149 0.027183 0.038298
1 0.775947 0.008245 0.023064 0.016489
1 0.635091 0.917021 0.145799 0.165958
1 0.478583 0.176596 0.063427 0.095745
1 0.741351 0.030319 0.027183 0.060638
1 0.801483 0.027394 0.029654 0.054787
1 0.747941 0.434043 0.093081 0.186170
1 0.786656 0.055319 0.038715 0.075532
2 0.722405 0.045745 0.039539 0.086170
1 0.663097 0.136170 0.045305 0.101064
1 0.856672 0.093617 0.046952 0.101064
1 0.895387 0.211702 0.069193 0.113830
1 0.994234 0.274468 0.011532 0.123404
3 0.543657 0.029255 0.046129 0.058511
