1 0.639903 0.927451 0.142336 0.145098
1 0.740876 0.261765 0.058394 0.067647
2 0.399027 0.945343 0.186131 0.109314
1 0.152068 0.729412 0.194647 0.264706
1 0.951338 0.246078 0.043796 0.050980
1 0.366180 0.488235 0.096107 0.108824
1 0.906326 0.302941 0.052311 0.067647
1 0.985706 0.306863 0.028589 0.064706
1 0.503650 0.390196 0.063260 0.086275
1 0.317518 0.394118 0.083942 0.093137
1 0.446472 0.349020 0.069343 0.090196
1 0.945255 0.401961 0.079075 0.108824
1 0.560827 0.302941 0.057178 0.067647
1 0.424574 0.286275 0.052311 0.067647
1 0.972324 0.618627 0.055353 0.155882
1 0.493917 0.293137 0.054745 0.069608
1 0.587591 0.257843 0.042579 0.064706
2 0.527981 0.228431 0.049878 0.081373
1 0.478102 0.240196 0.045012 0.060784
