1 0.225984 0.671708 0.151181 0.286477
1 0.165354 0.223310 0.066142 0.103203
1 0.557480 0.115658 0.033858 0.061388
1 0.611024 0.132562 0.037008 0.067616
1 0.551968 0.172598 0.044882 0.073843
1 0.479528 0.233096 0.051181 0.090747
3 0.708661 0.152135 0.112598 0.193950
1 0.716535 0.378114 0.082677 0.147687
1 0.611811 0.491993 0.085827 0.181495
3 0.311024 0.178826 0.100787 0.192171
3 0.930709 0.593416 0.138583 0.537367
1 0.402362 0.133452 0.040157 0.073843
1 0.203937 0.155694 0.040945 0.063167
1 0.237008 0.111210 0.037008 0.046263
