1 0.647664 0.472800 0.123364 0.152000
1 0.734579 0.375200 0.086916 0.109600
1 0.843925 0.302400 0.079439 0.088800
1 0.907477 0.269600 0.058879 0.058400
1 0.952336 0.240000 0.058879 0.056800
1 0.553271 0.440800 0.115888 0.127200
1 0.647664 0.376000 0.098131 0.091200
1 0.732710 0.305600 0.081308 0.083200
1 0.801869 0.275200 0.064486 0.062400
1 0.873832 0.248000 0.063551 0.056800
1 0.403738 0.462400 0.135514 0.104000
3 0.561682 0.329600 0.239252 0.208800
1 0.733645 0.267200 0.067290 0.062400
1 0.534579 0.321600 0.085981 0.058400
1 0.620561 0.280000 0.082243 0.058400
1 0.677570 0.245600 0.064486 0.049600
1 0.721495 0.225600 0.056075 0.049600
1 0.436449 0.358400 0.108411 0.080000
1 0.281308 0.382400 0.127103 0.083200
1 0.415888 0.328000 0.092523 0.073600
1 0.515888 0.296000 0.088785 0.070400
2 0.585981 0.251200 0.075701 0.066400
1 0.662617 0.220000 0.063551 0.052800
1 0.604673 0.216800 0.057009 0.041600
1 0.978505 0.679200 0.042991 0.139200
1 0.812150 0.242400 0.075701 0.058400
1 0.853271 0.759200 0.261682 0.160800
1 0.089720 0.456000 0.169159 0.121600
1 0.413084 0.856000 0.307477 0.188000
2 0.423365 0.665600 0.265421 0.167200
1 0.320561 0.416000 0.135514 0.072000
1 0.911215 0.212000 0.067290 0.058400
1 0.052804 0.937600 0.105607 0.124800
