0 0.404523 0.848670 0.317420 0.302661
1 0.478224 0.222838 0.086265 0.084257
1 0.278894 0.172949 0.063652 0.073171
1 0.750419 0.433481 0.137353 0.144124
2 0.231993 0.282705 0.094640 0.105322
1 0.598827 0.330377 0.118090 0.105322
1 0.719430 0.242794 0.090452 0.086474
1 0.324121 0.400222 0.131491 0.126386
3 0.301508 0.186253 0.240368 0.162971
1 0.206868 0.250554 0.091290 0.092018
1 0.134841 0.371397 0.124791 0.110865
1 0.050042 0.279379 0.100084 0.094235
1 0.910385 0.272727 0.092965 0.076497
1 0.927136 0.314856 0.097152 0.105322
