1 0.014069 0.239362 0.028139 0.054965
1 0.567100 0.927527 0.147186 0.144947
1 0.792208 0.944149 0.165584 0.111702
1 0.979437 0.935284 0.041126 0.129433
1 0.574675 0.742908 0.112554 0.176418
1 0.760823 0.746454 0.116883 0.176418
1 0.938041 0.774823 0.123918 0.188830
1 0.717532 0.570035 0.103896 0.159574
1 0.884199 0.632092 0.103896 0.142731
1 0.845238 0.538121 0.087662 0.115248
1 0.963474 0.540780 0.073052 0.117908
1 0.825758 0.466312 0.076840 0.102837
1 0.923160 0.450355 0.077922 0.094858
1 0.787879 0.403369 0.066017 0.075355
1 0.892857 0.398050 0.060606 0.073582
1 0.792208 0.351950 0.055195 0.067376
1 0.877706 0.349291 0.055195 0.071808
1 0.847403 0.318262 0.055195 0.067376
1 0.823593 0.284574 0.044372 0.062943
3 0.762987 0.267730 0.083333 0.145390
3 0.995400 0.490248 0.009199 0.340426
3 0.965909 0.342199 0.068182 0.193262
3 0.933983 0.269504 0.107143 0.145390
3 0.858225 0.210106 0.115801 0.138298
3 0.748918 0.214539 0.064935 0.113475
1 0.050866 0.264184 0.063853 0.061170
1 0.014881 0.366135 0.029762 0.071808
