1 0.578520 0.271945 0.103791 0.081756
1 0.348375 0.213425 0.065885 0.061102
1 0.481949 0.234940 0.082130 0.061102
1 0.253610 0.150602 0.040614 0.044750
1 0.396209 0.191050 0.049639 0.050775
1 0.431408 0.184165 0.057762 0.056799
1 0.343863 0.169535 0.051444 0.053356
1 0.379964 0.149742 0.044224 0.043029
1 0.303249 0.137694 0.036101 0.055077
1 0.734657 0.353701 0.126354 0.079174
1 0.497292 0.297762 0.092960 0.073150
1 0.386282 0.454389 0.114621 0.128227
1 0.944495 0.457831 0.111011 0.105852
1 0.141697 0.222031 0.062274 0.069707
1 0.055957 0.182444 0.060469 0.065404
