1 0.992321 0.559387 0.015358 0.183908
1 0.483788 0.380268 0.133106 0.124521
3 0.699445 0.685584 0.601109 0.628831
0 0.296928 0.456897 0.190273 0.297893
1 0.170648 0.454023 0.099829 0.124521
1 0.093003 0.399425 0.087884 0.113985
3 0.031997 0.334291 0.063993 0.181992
1 0.942193 0.445402 0.115614 0.167625
1 0.720990 0.378353 0.168089 0.145594
1 0.983788 0.377395 0.032423 0.149425
3 0.480375 0.272031 0.289249 0.231801
3 0.731229 0.254789 0.354096 0.265326
1 0.292662 0.276820 0.075085 0.086207
3 0.348976 0.216475 0.204778 0.170498
1 0.220137 0.271073 0.075085 0.079502
3 0.168089 0.190613 0.170648 0.115900
2 0.843857 0.595785 0.218430 0.279693
1 0.586177 0.522031 0.177474 0.179119
2 0.418089 0.437739 0.128840 0.172414
1 0.282423 0.412835 0.115188 0.124521
3 0.149317 0.334291 0.201365 0.210728
