1 0.217949 0.591071 0.189977 0.143750
3 0.607226 0.226786 0.200466 0.152679
1 0.501166 0.515179 0.158508 0.139286
1 0.497669 0.419643 0.130536 0.106250
1 0.656177 0.416964 0.122378 0.112500
1 0.437063 0.317857 0.099068 0.072321
1 0.319347 0.368750 0.131702 0.086607
1 0.616550 0.346429 0.121212 0.082143
1 0.737762 0.243750 0.068764 0.063393
1 0.150350 0.434821 0.166667 0.101786
1 0.024476 0.500893 0.048951 0.114286
1 0.298368 0.800000 0.255245 0.236607
1 0.728438 0.288393 0.094406 0.067857
2 0.662005 0.263393 0.097902 0.082143
1 0.705128 0.471429 0.143357 0.137500
1 0.805361 0.383929 0.099068 0.106250
2 0.576923 0.301786 0.089744 0.080357
1 0.755245 0.341071 0.099068 0.089286
1 0.912587 0.325893 0.089744 0.082143
2 0.961247 0.720536 0.077506 0.188393
2 0.842657 0.268750 0.131702 0.116071
1 0.905303 0.892188 0.189394 0.215625
1 0.616550 0.794643 0.335664 0.186607
1 0.945221 0.257143 0.083916 0.058929
1 0.991550 0.263393 0.016900 0.072321
