0 0.694286 0.774713 0.355238 0.383908
3 0.868810 0.050575 0.262381 0.101149
1 0.268571 0.343678 0.148571 0.144828
1 0.096190 0.578161 0.159048 0.256322
2 0.070714 0.495402 0.141429 0.252874
1 0.966429 0.018966 0.067143 0.037931
1 0.467619 0.241379 0.124762 0.117241
1 0.427619 0.388506 0.164762 0.168965
1 0.653333 0.102299 0.129524 0.083908
1 0.659048 0.185057 0.114286 0.093103
3 0.355238 0.091954 0.389524 0.183908
1 0.715238 0.294253 0.145714 0.139080
2 0.616190 0.237931 0.144762 0.155172
1 0.514286 0.047126 0.107619 0.093103
1 0.397143 0.167816 0.117143 0.105747
1 0.835238 0.200000 0.118095 0.111494
1 0.884762 0.132184 0.105714 0.101149
1 0.964524 0.255172 0.070952 0.119540
1 0.994048 0.097701 0.011905 0.117241
