0 0.665884 0.252129 0.072770 0.116695
1 0.472613 0.130324 0.033646 0.044293
1 0.431142 0.137990 0.033646 0.042589
1 0.451487 0.115843 0.030516 0.040034
1 0.492175 0.111584 0.030516 0.042589
1 0.471831 0.100511 0.028951 0.036627
2 0.402191 0.130324 0.034429 0.052811
2 0.642410 0.119250 0.032081 0.054514
1 0.590767 0.102215 0.037559 0.046848
2 0.617371 0.109881 0.039906 0.048552
1 0.064945 0.276831 0.080595 0.072402
3 0.028951 0.233390 0.056338 0.155877
1 0.542254 0.146508 0.041471 0.056218
1 0.513302 0.175468 0.046948 0.060477
1 0.220657 0.191652 0.056338 0.052811
3 0.510955 0.226576 0.174491 0.225724
1 0.442097 0.189949 0.058685 0.058773
2 0.362285 0.140545 0.032081 0.056218
1 0.468701 0.219762 0.052426 0.064736
1 0.323161 0.140545 0.049296 0.048552
1 0.296557 0.341567 0.093114 0.085179
1 0.150235 0.383305 0.116588 0.094549
1 0.401408 0.105622 0.040689 0.038330
