1 0.261271 0.379147 0.181352 0.132701
1 0.920850 0.726698 0.158299 0.245656
1 0.800205 0.300948 0.156762 0.093997
1 0.012807 0.229068 0.025615 0.090047
1 0.565574 0.237757 0.123975 0.080569
1 0.497951 0.203791 0.087090 0.071090
1 0.637295 0.310427 0.171107 0.101106
1 0.839139 0.410743 0.220287 0.146130
1 0.488729 0.349131 0.185451 0.125592
1 0.094006 0.481833 0.188012 0.151659
1 0.074027 0.641390 0.148053 0.243286
1 0.419057 0.577409 0.289959 0.200632
1 0.585041 0.864139 0.388320 0.271722
1 0.255123 0.181675 0.111680 0.078989
1 0.121926 0.166667 0.110656 0.084518
