3 0.998141 0.611562 0.003718 0.574036
0 0.487918 0.330629 0.293680 0.403651
1 0.146840 0.253550 0.123606 0.138945
1 0.030204 0.174442 0.060409 0.112576
1 0.784387 0.164300 0.197955 0.168357
3 0.482342 0.086207 0.337361 0.172414
3 0.773234 0.080629 0.415427 0.161258
1 0.231413 0.043611 0.080855 0.087221
3 0.292751 0.030933 0.223048 0.061866
1 0.152416 0.035751 0.081784 0.071501
3 0.095725 0.002789 0.185874 0.005578
2 0.831784 0.373225 0.237918 0.296146
1 0.551115 0.295132 0.193309 0.189655
2 0.368030 0.205882 0.140335 0.182556
1 0.220260 0.179513 0.125465 0.131846
3 0.092472 0.103955 0.184944 0.207911
