1 0.705217 0.133094 0.040870 0.063849
1 0.752174 0.169065 0.039130 0.068345
1 0.747826 0.216727 0.054783 0.085432
1 0.806087 0.316547 0.079130 0.110612
1 0.722609 0.491007 0.093913 0.172662
1 0.953261 0.462230 0.093478 0.166367
1 0.966087 0.852518 0.067826 0.294964
1 0.059565 0.913894 0.119130 0.172212
1 0.355652 0.243705 0.056522 0.091727
2 0.524348 0.556655 0.087826 0.232014
1 0.437391 0.377698 0.079130 0.125899
1 0.439130 0.199640 0.044348 0.074640
1 0.478261 0.243705 0.058261 0.096223
2 0.506957 0.121403 0.032174 0.076439
