3 0.007481 0.709100 0.014961 0.581800
0 0.518340 0.423313 0.305019 0.399795
1 0.861969 0.353783 0.130309 0.143149
1 0.973456 0.274029 0.053089 0.113497
1 0.201737 0.260736 0.203668 0.164622
3 0.512548 0.141104 0.346525 0.254601
3 0.216216 0.131902 0.425676 0.263804
1 0.769305 0.141104 0.083977 0.089980
3 0.705598 0.080266 0.231660 0.160532
1 0.851351 0.127812 0.084942 0.084867
3 0.906853 0.051892 0.186293 0.103783
2 0.145753 0.474438 0.247104 0.298568
1 0.437259 0.395706 0.200772 0.191207
2 0.627413 0.305726 0.145753 0.184049
1 0.780888 0.279141 0.130309 0.132924
3 0.908784 0.195297 0.182432 0.224949
