1 0.357558 0.715539 0.128876 0.234336
1 0.270349 0.561404 0.093023 0.171679
1 0.156008 0.453634 0.085271 0.139098
1 0.093992 0.397243 0.062015 0.091479
1 0.041667 0.349624 0.058140 0.082707
1 0.455426 0.667920 0.119186 0.190476
1 0.359496 0.562657 0.101744 0.139098
1 0.271318 0.458647 0.086240 0.134085
1 0.197674 0.406015 0.062984 0.095238
1 0.125000 0.359649 0.065892 0.086466
1 0.610465 0.703008 0.146318 0.177945
3 0.449612 0.486216 0.248062 0.344612
1 0.270349 0.401002 0.070736 0.115288
1 0.470930 0.486216 0.085271 0.095238
1 0.392442 0.429825 0.089147 0.095238
1 0.338178 0.362155 0.074612 0.086466
1 0.281008 0.333333 0.059109 0.080201
1 0.574612 0.535088 0.113372 0.110276
1 0.741279 0.575188 0.128876 0.119048
1 0.600775 0.489975 0.092054 0.110276
1 0.496124 0.437343 0.088178 0.106516
2 0.427326 0.367168 0.074612 0.088972
1 0.338178 0.319549 0.059109 0.082707
1 0.405039 0.320802 0.059109 0.068922
1 0.032946 0.963346 0.065892 0.073308
1 0.188953 0.354637 0.077519 0.091479
1 0.926357 0.680451 0.147287 0.171679
2 0.661822 0.946429 0.275194 0.107143
1 0.719961 0.651629 0.140504 0.145363
1 0.074612 0.310777 0.070736 0.088972
