1 0.320035 0.132582 0.031915 0.047660
1 0.967420 0.476603 0.065160 0.139515
1 0.378546 0.135182 0.031915 0.053726
1 0.855496 0.696707 0.140957 0.260832
1 0.261525 0.136915 0.036348 0.053726
1 0.274823 0.218371 0.046099 0.070191
1 0.348404 0.219237 0.050532 0.076257
1 0.229610 0.283362 0.061170 0.088388
1 0.552305 0.352686 0.068262 0.106586
2 0.168440 0.237435 0.053191 0.088388
1 0.300532 0.432409 0.078014 0.118717
1 0.114362 0.214905 0.054078 0.067591
1 0.589539 0.213172 0.046986 0.071924
1 0.665780 0.208839 0.043440 0.061525
1 0.632979 0.175043 0.039007 0.059792
1 0.679965 0.149913 0.036348 0.053726
1 0.204787 0.745234 0.130319 0.199307
1 0.023936 0.509532 0.047872 0.135182
