1 0.051854 0.515323 0.103707 0.133871
1 0.649299 0.171774 0.037074 0.044355
1 0.776553 0.159677 0.036072 0.044355
1 0.720441 0.167742 0.037074 0.045968
1 0.225451 0.521774 0.117234 0.153226
1 0.346693 0.360484 0.068136 0.086290
1 0.414830 0.448387 0.092184 0.110484
1 0.690381 0.270161 0.057114 0.068548
2 0.770541 0.259677 0.061122 0.095968
1 0.874749 0.191935 0.047094 0.053226
2 0.722445 0.391935 0.084168 0.124194
1 0.500000 0.240323 0.048096 0.062903
1 0.423848 0.222581 0.043086 0.051613
1 0.942886 0.347581 0.085170 0.087903
2 0.376753 0.182258 0.040080 0.058871
1 0.826653 0.826613 0.167335 0.212097
2 0.972946 0.680645 0.054108 0.225806
