1 0.660359 0.884109 0.259960 0.231781
1 0.952938 0.627530 0.094124 0.189271
3 0.763446 0.558704 0.473108 0.532389
3 0.240040 0.793522 0.480080 0.412955
1 0.316733 0.609312 0.212151 0.194332
3 0.881474 0.276316 0.207171 0.199393
1 0.692231 0.375506 0.120518 0.120445
1 0.506972 0.446356 0.156374 0.148785
1 0.271912 0.534413 0.195219 0.180162
3 0.106574 0.442308 0.213147 0.273279
1 0.403386 0.408907 0.155379 0.134615
1 0.614542 0.343117 0.115538 0.120445
3 0.769920 0.256073 0.214143 0.192308
1 0.054781 0.621457 0.109562 0.145749
