1 0.460304 0.147154 0.061655 0.044715
2 0.505912 0.133333 0.074324 0.065854
1 0.560811 0.165041 0.085304 0.059350
2 0.607264 0.156098 0.073480 0.063415
1 0.652027 0.191057 0.080236 0.061789
1 0.711993 0.183740 0.073480 0.057724
1 0.745777 0.211382 0.081081 0.053659
1 0.804054 0.212195 0.067568 0.046341
1 0.923142 0.247967 0.090372 0.061789
0 0.307432 0.247967 0.083615 0.119512
1 0.106208 0.648781 0.212416 0.239024
1 0.260980 0.469106 0.071791 0.154472
1 0.231419 0.329268 0.065034 0.108130
1 0.201858 0.274797 0.057432 0.082927
1 0.165541 0.217886 0.054054 0.074797
1 0.145270 0.186992 0.054054 0.071545
1 0.133446 0.161789 0.043919 0.061789
1 0.135346 0.830894 0.270693 0.277236
1 0.844595 0.289431 0.098818 0.082927
1 0.559966 0.788618 0.247466 0.177236
3 0.409628 0.139024 0.195101 0.094309
1 0.926309 0.813008 0.147382 0.167480
