1 0.509240 0.386667 0.103696 0.182857
1 0.462012 0.712381 0.146817 0.324762
1 0.356263 0.040952 0.053388 0.060952
1 0.504107 0.971429 0.212526 0.057143
1 0.991273 0.359048 0.017454 0.171429
1 0.339836 0.122857 0.078029 0.097143
1 0.237166 0.098095 0.074949 0.092381
1 0.366530 0.263810 0.094456 0.144762
1 0.975103 0.205714 0.049795 0.101905
1 0.233060 0.243810 0.114990 0.169524
1 0.787474 0.330476 0.110883 0.169524
1 0.863450 0.213333 0.086242 0.113333
1 0.542094 0.036905 0.065708 0.073810
1 0.886037 0.099048 0.070842 0.083810
1 0.753593 0.171429 0.066735 0.110476
1 0.660164 0.120952 0.058522 0.097143
1 0.917864 0.063810 0.056468 0.067619
1 0.229979 0.801429 0.234086 0.397143
1 0.058522 0.798810 0.117043 0.402381
1 0.652977 0.049524 0.049281 0.069524
