1 0.024565 0.987873 0.049129 0.024254
1 0.524876 0.740672 0.238806 0.208022
1 0.761194 0.588619 0.155473 0.138993
1 0.876866 0.508395 0.123134 0.124067
1 0.955846 0.456157 0.088308 0.106343
3 0.896455 0.360075 0.207090 0.167910
1 0.794776 0.458022 0.115672 0.101679
3 0.434080 0.589552 0.656716 0.490672
3 0.022077 0.807836 0.044154 0.384328
1 0.323383 0.489739 0.167910 0.124067
1 0.496269 0.428172 0.143035 0.101679
3 0.549751 0.330224 0.259950 0.192164
1 0.312189 0.420709 0.150497 0.111007
1 0.089241 0.486007 0.178483 0.137127
1 0.024254 0.451493 0.048508 0.124067
1 0.215174 0.390858 0.144279 0.111007
3 0.409204 0.310634 0.267413 0.177239
