1 0.682195 0.626427 0.212215 0.220228
1 0.295031 0.046493 0.036232 0.036705
1 0.446170 0.275693 0.103520 0.098695
1 0.311594 0.077488 0.050725 0.040783
1 0.468944 0.081566 0.052795 0.038336
2 0.231884 0.191680 0.071429 0.094617
1 0.267081 0.159054 0.061077 0.057912
1 0.236025 0.890090 0.212215 0.219821
1 0.142857 0.266721 0.091097 0.108483
1 0.648033 0.106852 0.065217 0.044861
1 0.669772 0.143556 0.082816 0.063622
1 0.555901 0.171289 0.094203 0.059543
1 0.066253 0.143556 0.049689 0.056281
1 0.130435 0.116639 0.042443 0.046493
2 0.858178 0.150897 0.096273 0.071778
1 0.860248 0.199021 0.087992 0.102773
1 0.771222 0.225122 0.099379 0.071778
1 0.071429 0.098695 0.042443 0.050571
1 0.149068 0.075856 0.044513 0.044861
1 0.081781 0.071778 0.028986 0.036705
1 0.007505 0.196574 0.015010 0.067700
1 0.011905 0.075041 0.023810 0.038336
