3 0.535639 0.178363 0.107966 0.300195
1 0.272537 0.839912 0.188679 0.320175
2 0.118449 0.532164 0.170860 0.288499
1 0.359539 0.384016 0.092243 0.152047
1 0.387841 0.253411 0.070231 0.115984
1 0.417191 0.137427 0.050314 0.064327
1 0.233753 0.076998 0.040880 0.050682
1 0.110063 0.115984 0.067086 0.067251
1 0.380503 0.080897 0.041929 0.057505
1 0.463312 0.062378 0.037736 0.041910
1 0.168763 0.217349 0.082809 0.101365
1 0.552411 0.157895 0.089099 0.076023
1 0.014413 0.311891 0.028826 0.126706
3 0.638365 0.761209 0.441300 0.477583
