1 0.705882 0.219298 0.036542 0.051037
1 0.779857 0.216108 0.041889 0.055024
1 0.841355 0.194577 0.034759 0.047049
1 0.729947 0.274322 0.043672 0.060606
1 0.419786 0.415470 0.073975 0.094896
1 0.819073 0.289474 0.054367 0.073365
1 0.427807 0.259171 0.043672 0.058214
1 0.906417 0.204147 0.038324 0.051037
1 0.338681 0.275917 0.049911 0.064593
1 0.565062 0.279107 0.042781 0.062201
1 0.457219 0.211324 0.036542 0.051037
1 0.582888 0.224880 0.036542 0.051037
2 0.515152 0.213716 0.046346 0.090909
1 0.955437 0.299840 0.063280 0.075758
1 0.407308 0.204944 0.034759 0.047049
1 0.797683 0.551834 0.095365 0.133971
1 0.993984 0.429825 0.012032 0.096491
