1 0.039698 0.826568 0.079395 0.195572
1 0.218337 0.666974 0.150283 0.229705
1 0.281664 0.511993 0.093573 0.148524
0 0.323251 0.303506 0.087902 0.130996
1 0.225898 0.395756 0.078450 0.133764
1 0.552930 0.172509 0.037807 0.047970
1 0.604915 0.183579 0.041588 0.046125
1 0.367675 0.149446 0.045369 0.050738
1 0.427221 0.160517 0.038752 0.041513
1 0.579395 0.159594 0.034972 0.043358
1 0.899811 0.268450 0.080340 0.063653
3 0.524575 0.273985 0.193762 0.266605
1 0.585066 0.226937 0.048204 0.059041
1 0.528355 0.154059 0.034026 0.043358
1 0.779773 0.209410 0.061437 0.050738
1 0.681474 0.342251 0.091682 0.089483
1 0.881853 0.420664 0.117202 0.095941
2 0.896975 0.652214 0.200378 0.225092
1 0.552930 0.142066 0.031191 0.039668
1 0.652174 0.159594 0.045369 0.039668
1 0.978497 0.574723 0.043006 0.130996
