0 0.402733 0.606771 0.302251 0.279514
1 0.188907 0.056424 0.060289 0.063368
1 0.168810 0.029514 0.055466 0.055556
1 0.311093 0.057292 0.060289 0.059896
1 0.972267 0.450521 0.055466 0.109375
1 0.273312 0.047743 0.053858 0.061632
3 0.347267 0.099826 0.319132 0.166667
3 0.664791 0.206597 0.323955 0.253472
1 0.465434 0.065972 0.077170 0.059896
1 0.459003 0.105035 0.077170 0.073785
1 0.777331 0.381944 0.141479 0.139757
1 0.495981 0.103299 0.065113 0.070312
1 0.955587 0.539063 0.088826 0.158854
1 0.609325 0.107639 0.076367 0.061632
1 0.607717 0.131076 0.080386 0.070313
1 0.577974 0.078993 0.079582 0.061632
1 0.680064 0.423611 0.176045 0.154514
1 0.749196 0.098958 0.077170 0.049479
1 0.767685 0.124132 0.093248 0.065972
1 0.418006 0.296007 0.128617 0.100694
1 0.274116 0.028646 0.065113 0.053819
1 0.383440 0.217014 0.090032 0.092882
1 0.761254 0.173611 0.070740 0.086806
1 0.869775 0.124132 0.093248 0.072049
1 0.138264 0.238715 0.115756 0.090278
1 0.913987 0.107639 0.081190 0.072049
3 0.054662 0.056641 0.109325 0.113281
