1 0.649109 0.339744 0.094814 0.076122
1 0.487034 0.311699 0.071313 0.062500
1 0.555105 0.298878 0.074554 0.058494
1 0.358995 0.237981 0.047812 0.056891
1 0.471637 0.262019 0.055105 0.056891
1 0.325770 0.206731 0.035656 0.049679
1 0.494327 0.245192 0.051864 0.052885
1 0.419773 0.237981 0.047812 0.052885
1 0.454619 0.221154 0.045381 0.044071
1 0.376823 0.210737 0.044571 0.049679
1 0.811183 0.422276 0.119125 0.080128
1 0.642626 0.404647 0.104538 0.073718
1 0.286062 0.324519 0.067261 0.080128
1 0.966370 0.504006 0.067261 0.085737
1 0.153160 0.231571 0.055916 0.056891
