1 0.050618 0.855102 0.101236 0.285714
1 0.303232 0.579592 0.101711 0.183673
1 0.034458 0.510204 0.068916 0.162245
1 0.141635 0.533673 0.103612 0.162245
1 0.556084 0.135714 0.038973 0.072449
1 0.641635 0.162245 0.048479 0.082653
1 0.354563 0.321429 0.059886 0.109184
1 0.596008 0.319388 0.069392 0.135714
1 0.758555 0.216327 0.053232 0.084694
1 0.371673 0.210204 0.046578 0.084694
0 0.284221 0.211224 0.063688 0.174490
1 0.209125 0.207143 0.056084 0.086735
1 0.846958 0.221429 0.061787 0.082653
1 0.208175 0.124490 0.038023 0.056122
1 0.290875 0.112245 0.038973 0.051020
