1 0.287726 0.363176 0.127767 0.087838
1 0.443662 0.360642 0.112676 0.074324
1 0.419517 0.316723 0.097585 0.070101
1 0.644869 0.266047 0.071429 0.064189
1 0.533199 0.271959 0.076459 0.065878
1 0.701207 0.230574 0.056338 0.049831
1 0.502012 0.255912 0.063380 0.052365
1 0.593561 0.246622 0.053320 0.054054
1 0.561368 0.228041 0.061368 0.052365
1 0.649899 0.217061 0.060362 0.054054
1 0.389336 0.758446 0.185111 0.250000
1 0.084507 0.452703 0.155936 0.086149
1 0.240443 0.463682 0.153924 0.093750
1 0.870221 0.270270 0.071429 0.068412
1 0.980634 0.217061 0.038732 0.049831
