1 0.528997 0.821808 0.213950 0.323582
1 0.741379 0.602837 0.134013 0.202128
1 0.850313 0.501773 0.090125 0.138298
1 0.910658 0.438830 0.071317 0.113475
1 0.968260 0.383865 0.063480 0.101064
3 0.930839 0.292553 0.138323 0.159574
1 0.864420 0.378546 0.066614 0.090426
3 0.635580 0.510638 0.413793 0.466312
3 0.197492 0.769504 0.394984 0.460993
1 0.286050 0.536348 0.162226 0.155142
1 0.567398 0.395390 0.084640 0.105496
1 0.676332 0.356383 0.085423 0.094858
3 0.708464 0.264184 0.163793 0.182624
1 0.558777 0.350177 0.094828 0.105496
1 0.413009 0.412234 0.123041 0.130319
1 0.228056 0.489362 0.153605 0.157801
3 0.091693 0.414007 0.182602 0.242021
1 0.331505 0.379433 0.122257 0.117908
1 0.497649 0.321809 0.090909 0.105496
3 0.619906 0.245567 0.168495 0.168440
1 0.050157 0.580674 0.100314 0.130319
