2 0.331169 0.150672 0.134508 0.116123
1 0.519481 0.239923 0.062152 0.109405
2 0.512987 0.104607 0.039889 0.109405
1 0.577922 0.088292 0.044527 0.072937
1 0.864564 0.220729 0.075139 0.099808
1 0.803340 0.076775 0.047310 0.070058
1 0.744898 0.095969 0.051020 0.070058
1 0.729128 0.073896 0.045454 0.063340
1 0.741187 0.038388 0.038033 0.056622
1 0.692022 0.042226 0.041744 0.054703
2 0.670686 0.022793 0.036178 0.045585
1 0.650278 0.012956 0.032468 0.025912
1 0.878479 0.300384 0.091837 0.129559
1 0.550093 0.033589 0.036178 0.056622
1 0.491651 0.020154 0.030612 0.040307
3 0.935065 0.144914 0.129870 0.254319
