1 0.872633 0.970588 0.254733 0.058823
1 0.431153 0.962952 0.331325 0.074095
1 0.100688 0.968326 0.201377 0.063348
0 0.428571 0.696833 0.323580 0.385747
1 0.708262 0.087104 0.095525 0.096154
1 0.529260 0.138009 0.114458 0.121041
0 0.286575 0.143665 0.161790 0.168552
1 0.503442 0.093891 0.105852 0.096154
1 0.656626 0.062217 0.093804 0.088235
1 0.444062 0.027432 0.085198 0.054864
1 0.327022 0.054864 0.112737 0.109728
2 0.164372 0.101810 0.151463 0.203620
1 0.023881 0.143665 0.047762 0.096154
1 0.019793 0.207014 0.039587 0.107466
1 0.801205 0.125566 0.096386 0.088235
1 0.556799 0.210407 0.113597 0.113122
1 0.042169 0.297511 0.084337 0.142534
