1 0.449803 0.558116 0.130906 0.180361
1 0.536417 0.438878 0.094488 0.140281
1 0.654528 0.350701 0.085630 0.107214
1 0.717520 0.305611 0.065945 0.073146
1 0.768701 0.268537 0.062008 0.069138
1 0.347441 0.522044 0.122047 0.156313
1 0.450787 0.438878 0.101378 0.104208
1 0.536417 0.354709 0.082677 0.102204
1 0.610236 0.314629 0.066929 0.081162
1 0.682087 0.281563 0.067913 0.078156
1 0.193898 0.552104 0.150591 0.140281
3 0.355315 0.378758 0.252953 0.273547
1 0.538386 0.303607 0.071850 0.083166
1 0.333661 0.373747 0.085630 0.076152
1 0.411417 0.329659 0.090551 0.076152
1 0.473425 0.275551 0.074803 0.069138
1 0.525591 0.252505 0.060039 0.066132
1 0.221457 0.417836 0.105315 0.095190
1 0.063484 0.444890 0.126969 0.088176
1 0.201772 0.385772 0.091535 0.092184
1 0.317913 0.334669 0.079724 0.076152
2 0.386811 0.283567 0.081693 0.081162
1 0.468504 0.244489 0.067913 0.069138
1 0.400591 0.245491 0.073819 0.064128
1 0.854331 0.821643 0.245079 0.175351
1 0.619094 0.270541 0.078740 0.076152
1 0.494094 0.903808 0.264764 0.192385
1 0.138287 0.963176 0.276575 0.073647
2 0.114173 0.812625 0.228346 0.220441
1 0.064222 0.522044 0.128445 0.107214
1 0.744094 0.231463 0.073819 0.076152
