1 0.527523 0.288462 0.098165 0.175824
1 0.487156 0.597985 0.134862 0.308608
1 0.012615 0.179487 0.025229 0.145604
1 0.526605 0.910256 0.183486 0.179487
1 0.992202 0.324176 0.015596 0.177656
1 0.389908 0.024267 0.061468 0.048535
1 0.307339 0.010760 0.065138 0.021520
1 0.411927 0.125458 0.077064 0.128205
1 0.968807 0.148352 0.062385 0.115385
1 0.305505 0.098901 0.087156 0.152015
1 0.829358 0.347985 0.131193 0.208791
1 0.869725 0.167582 0.084404 0.121795
1 0.880734 0.036630 0.070642 0.073260
1 0.767890 0.139194 0.074312 0.121795
1 0.672477 0.068681 0.058716 0.106227
1 0.904587 0.009158 0.046789 0.018315
1 0.317431 0.546703 0.169725 0.316850
1 0.122936 0.514652 0.205505 0.294872
1 0.663303 0.008471 0.050459 0.016941
