2 0.641003 0.115883 0.041523 0.068882
1 0.689446 0.191248 0.049308 0.081037
1 0.711938 0.458671 0.111592 0.178282
1 0.035035 0.870543 0.070069 0.258914
1 0.296713 0.489465 0.109862 0.165316
1 0.244810 0.382496 0.099481 0.126418
1 0.381488 0.280389 0.065744 0.099676
1 0.332180 0.225284 0.056228 0.078606
1 0.425606 0.166126 0.044983 0.063209
1 0.483564 0.239870 0.054498 0.086710
2 0.379758 0.131280 0.051903 0.102107
1 0.452422 0.114263 0.033737 0.055916
1 0.507785 0.085089 0.028547 0.044570
1 0.467993 0.069692 0.026817 0.042139
