1 0.411157 0.681818 0.223141 0.255682
1 0.841942 0.000473 0.040289 0.000947
1 0.883264 0.225379 0.082645 0.107955
1 0.768595 0.018229 0.045455 0.036458
1 0.696281 0.019886 0.054752 0.039773
1 0.632231 0.015388 0.057851 0.030777
1 0.611570 0.002604 0.053719 0.005208
3 0.952738 0.080492 0.094525 0.160985
1 0.815083 0.125947 0.067149 0.083333
2 0.478306 0.050189 0.082645 0.083333
1 0.541322 0.123106 0.083678 0.071970
1 0.453512 0.108902 0.094008 0.087121
1 0.164256 0.229167 0.139463 0.125947
1 0.040031 0.228220 0.080062 0.123106
