0 0.581862 0.700544 0.299358 0.309437
1 0.822632 0.090744 0.068218 0.053539
2 0.178973 0.372051 0.129213 0.158802
1 0.638844 0.116152 0.076244 0.062613
1 0.028491 0.569873 0.056982 0.161525
3 0.139848 0.279492 0.279695 0.257713
1 0.398876 0.267695 0.116372 0.094374
1 0.196629 0.486388 0.178973 0.158802
1 0.451846 0.328494 0.132424 0.111615
1 0.430979 0.143376 0.090690 0.058076
1 0.435795 0.163339 0.083467 0.066243
2 0.711075 0.221416 0.090690 0.098911
1 0.703852 0.285844 0.116372 0.090744
3 0.133427 0.175136 0.266854 0.163339
1 0.869181 0.152450 0.074639 0.064428
1 0.889246 0.238657 0.085875 0.088022
2 0.967095 0.180581 0.065008 0.088022
