0 0.376228 0.178313 0.094303 0.162651
1 0.408644 0.661446 0.203340 0.251807
1 0.694499 0.291566 0.065815 0.137349
1 0.690570 0.055422 0.038310 0.062651
1 0.670923 0.139759 0.046169 0.102410
1 0.646365 0.009639 0.040275 0.019277
2 0.747544 0.044578 0.047151 0.085542
2 0.789784 0.192771 0.050098 0.137349
1 0.700393 0.014759 0.046169 0.029518
1 0.850688 0.073494 0.055010 0.068675
2 0.794695 0.056627 0.040275 0.085542
1 0.951866 0.119277 0.065815 0.079518
1 0.622790 0.037349 0.036346 0.062651
1 0.741650 0.008133 0.034381 0.016265
1 0.579568 0.000602 0.042240 0.001205
