1 0.724490 0.000266 0.041744 0.000532
1 0.783859 0.006649 0.043599 0.013298
1 0.756957 0.040426 0.045454 0.075532
1 0.796846 0.118085 0.062152 0.123404
1 0.711503 0.175532 0.067718 0.130851
1 0.917440 0.179787 0.077922 0.138298
1 0.889610 0.384043 0.125232 0.224468
1 0.821892 0.743617 0.188312 0.358511
1 0.358998 0.113830 0.062152 0.101064
1 0.337662 0.626596 0.155844 0.277660
1 0.425789 0.139362 0.060297 0.108511
1 0.405380 0.282979 0.095547 0.156383
2 0.508349 0.042021 0.047310 0.084043
1 0.580705 0.027394 0.047310 0.054787
1 0.488868 0.000532 0.034323 0.001064
