0 0.916465 0.186924 0.115012 0.126151
1 0.617433 0.056169 0.052058 0.047882
1 0.554479 0.063536 0.052058 0.046041
1 0.584746 0.039595 0.047216 0.043278
1 0.647700 0.034991 0.048426 0.046041
1 0.615012 0.023020 0.047216 0.039595
2 0.507264 0.057090 0.053269 0.057090
1 0.830508 0.027624 0.043584 0.041436
1 0.859564 0.051565 0.053269 0.052486
3 0.911622 0.048803 0.161017 0.097606
1 0.742131 0.051565 0.062954 0.047882
2 0.457627 0.077348 0.049637 0.067219
1 0.802663 0.058932 0.062954 0.047882
1 0.088378 0.167587 0.111380 0.074586
1 0.691283 0.111418 0.082324 0.060773
1 0.585956 0.115101 0.095642 0.058932
1 0.289346 0.098527 0.085956 0.052486
1 0.429782 0.239411 0.135593 0.087477
1 0.437046 0.046961 0.071429 0.043278
1 0.555690 0.027624 0.053269 0.043278
1 0.055085 0.482505 0.110169 0.133517
