1 0.927258 0.523490 0.145483 0.153244
1 0.893908 0.573825 0.189076 0.116331
1 0.738445 0.418345 0.141807 0.098434
1 0.688025 0.469799 0.152311 0.100671
1 0.576681 0.341163 0.105042 0.100671
1 0.557773 0.384787 0.121849 0.095078
1 0.532563 0.274049 0.088235 0.069351
1 0.465336 0.286353 0.087185 0.090604
1 0.447479 0.329978 0.097689 0.092841
1 0.450630 0.225951 0.078782 0.065996
1 0.387605 0.230425 0.080882 0.087248
1 0.369748 0.268456 0.092437 0.085011
1 0.363445 0.186801 0.066177 0.061521
1 0.305672 0.184564 0.064076 0.077181
1 0.269958 0.214765 0.071429 0.079418
1 0.211134 0.182327 0.058824 0.065996
1 0.162815 0.303132 0.087185 0.098434
