1 0.663386 0.707071 0.288386 0.227273
1 0.000738 0.314141 0.001476 0.129293
1 0.004429 0.452525 0.008858 0.162626
1 0.088829 0.827273 0.177657 0.304040
1 0.367126 0.639394 0.245079 0.206061
1 0.261811 0.760606 0.255906 0.270707
1 0.980069 0.927778 0.039862 0.144444
1 0.539370 0.321212 0.140748 0.124242
1 0.474409 0.209091 0.094488 0.088889
1 0.220472 0.257576 0.118110 0.110101
1 0.381890 0.211111 0.106299 0.092929
1 0.243110 0.220202 0.110236 0.105051
1 0.744094 0.986869 0.371063 0.026263
1 0.912156 0.973737 0.175689 0.052525
1 0.029281 0.211111 0.058563 0.108081
