3 0.613503 0.618629 0.723092 0.762743
0 0.135029 0.345874 0.218200 0.377427
1 0.023728 0.342233 0.047456 0.157767
1 0.903131 0.330097 0.193738 0.218447
1 0.623288 0.248786 0.191781 0.180825
1 0.952055 0.245146 0.095890 0.189320
3 0.345401 0.129248 0.331703 0.258495
3 0.633072 0.128944 0.406067 0.257888
1 0.130137 0.126214 0.085127 0.106796
3 0.194716 0.074636 0.234834 0.149272
1 0.046967 0.110437 0.086106 0.100728
3 0.042564 0.040959 0.085127 0.081917
2 0.762231 0.521845 0.250489 0.354369
1 0.466732 0.428398 0.203523 0.226942
2 0.273973 0.321602 0.147749 0.218447
1 0.118395 0.290049 0.132094 0.157767
3 0.040607 0.190534 0.081213 0.266990
