1 0.477358 0.364425 0.063208 0.087853
1 0.538679 0.354664 0.061321 0.092191
1 0.409434 0.441432 0.063208 0.118221
1 0.498113 0.503254 0.083962 0.131237
3 0.333019 0.959056 0.276415 0.081887
3 0.362264 0.736442 0.444340 0.521692
1 0.695283 0.623644 0.083962 0.164859
1 0.688679 0.451193 0.059434 0.120391
1 0.493396 0.415401 0.067924 0.082430
1 0.711321 0.366594 0.049057 0.082430
3 0.592453 0.359002 0.120755 0.215835
1 0.783962 0.322126 0.044340 0.090022
1 0.737736 0.271150 0.046226 0.061822
1 0.778302 0.257050 0.040566 0.061822
