1 0.004712 0.398844 0.009425 0.141618
1 0.175595 0.336224 0.173611 0.155106
1 0.394841 0.266859 0.122024 0.096339
1 0.610119 0.187861 0.086310 0.093449
1 0.188492 0.958574 0.301587 0.082852
1 0.819444 0.526012 0.141865 0.178227
2 0.743056 0.141618 0.070436 0.068401
1 0.354167 0.331407 0.120040 0.121387
1 0.647817 0.219653 0.078373 0.073218
2 0.203373 0.810934 0.344246 0.378131
1 0.497024 0.618497 0.194444 0.216763
3 0.745040 0.282274 0.231151 0.255299
1 0.078125 0.582852 0.156250 0.253372
1 0.497024 0.491329 0.205357 0.164740
1 0.802579 0.387283 0.107143 0.130058
2 0.197421 0.605973 0.215278 0.251445
1 0.038442 0.797688 0.076885 0.210019
1 0.303571 0.455684 0.187500 0.161850
1 0.495040 0.361272 0.143849 0.125241
1 0.914683 0.236031 0.052579 0.086705
1 0.903770 0.307322 0.076389 0.088632
1 0.625000 0.283237 0.098214 0.130058
