1 0.524802 0.783122 0.189484 0.305808
1 0.227183 0.392015 0.118055 0.135209
1 0.109127 0.285844 0.074405 0.079855
1 0.024058 0.225045 0.048115 0.068966
1 0.526786 0.539020 0.145833 0.182396
1 0.235119 0.308530 0.080357 0.083485
1 0.137897 0.248639 0.078373 0.075318
3 0.946925 0.760436 0.106151 0.400181
1 0.535714 0.438294 0.127976 0.122505
1 0.435516 0.298548 0.095238 0.079855
1 0.360119 0.255898 0.084325 0.064428
1 0.290675 0.221416 0.076389 0.068966
1 0.241071 0.194192 0.063492 0.056261
1 0.539683 0.348457 0.120040 0.083485
1 0.709325 0.377495 0.133929 0.094374
1 0.564484 0.312160 0.099206 0.077132
1 0.453373 0.269510 0.094246 0.070780
2 0.379960 0.221416 0.079365 0.066243
1 0.299603 0.190563 0.071429 0.064428
1 0.363095 0.186933 0.071429 0.053539
1 0.322421 0.294011 0.095238 0.090744
1 0.910962 0.453720 0.178075 0.120690
1 0.665675 0.414701 0.141865 0.094374
1 0.173611 0.213249 0.075397 0.070780
1 0.085565 0.712341 0.171131 0.166062
1 0.034474 0.178766 0.068948 0.058076
1 0.860119 0.502722 0.185516 0.109800
1 0.441468 0.219601 0.072421 0.056261
1 0.006200 0.190563 0.012401 0.051724
1 0.557540 0.275862 0.107143 0.066243
