1 0.971113 0.576599 0.057773 0.154040
1 0.325630 0.162458 0.037815 0.046296
1 0.195378 0.152357 0.037815 0.046296
1 0.256303 0.157407 0.033613 0.042088
1 0.804622 0.592593 0.137605 0.181818
1 0.656513 0.393098 0.076681 0.097643
1 0.585084 0.505892 0.103992 0.138047
1 0.285714 0.257576 0.055672 0.069865
2 0.204832 0.246633 0.063025 0.093434
1 0.097689 0.180976 0.042017 0.049663
2 0.255252 0.372054 0.082983 0.122054
1 0.484244 0.258418 0.053571 0.068182
1 0.567227 0.236532 0.047269 0.055556
1 0.037290 0.334175 0.074580 0.085859
2 0.616597 0.190236 0.046219 0.063973
1 0.164916 0.755892 0.155462 0.199495
2 0.024422 0.620370 0.048845 0.201178
