1 0.975258 0.272727 0.049484 0.090909
1 0.890706 0.267562 0.051635 0.085744
1 0.592083 0.948347 0.117040 0.103306
1 0.415663 0.964876 0.130809 0.070248
1 0.212565 0.951446 0.141136 0.097107
1 0.049053 0.967975 0.098107 0.064050
1 0.589501 0.756198 0.090361 0.205578
1 0.439759 0.761364 0.092943 0.196281
1 0.291738 0.788223 0.111016 0.223141
1 0.125645 0.829545 0.124785 0.210744
1 0.051205 0.735537 0.102410 0.191116
1 0.473322 0.555785 0.082616 0.185950
1 0.340792 0.623967 0.082616 0.161157
1 0.195353 0.637397 0.103270 0.212810
1 0.370912 0.518595 0.072289 0.132231
1 0.269363 0.517562 0.074871 0.141529
1 0.387263 0.434917 0.062823 0.112603
1 0.311532 0.419421 0.062823 0.107438
1 0.420826 0.359504 0.049053 0.095041
1 0.333907 0.353306 0.050775 0.092975
1 0.413941 0.305785 0.040447 0.087810
1 0.347676 0.305785 0.044750 0.083678
1 0.372633 0.262397 0.038726 0.075413
1 0.391566 0.222107 0.041308 0.073347
3 0.438898 0.211777 0.071429 0.176653
3 0.133391 0.463843 0.247849 0.394628
3 0.246988 0.289256 0.109294 0.225207
3 0.304647 0.203512 0.069707 0.171488
3 0.363167 0.130165 0.086059 0.161157
3 0.433735 0.082645 0.067986 0.098140
1 0.921687 0.360537 0.031842 0.041322
1 0.886403 0.547521 0.095525 0.132231
1 0.248709 0.185950 0.030120 0.051653
1 0.250430 0.142562 0.034423 0.053719
1 0.209122 0.244835 0.045611 0.066116
