1 0.393064 0.918006 0.131021 0.163989
1 0.593449 0.935728 0.147399 0.128544
1 0.818882 0.926276 0.154143 0.147448
1 0.973988 0.943289 0.052023 0.113422
1 0.399807 0.716446 0.100193 0.188091
1 0.565511 0.720227 0.104046 0.188091
1 0.731214 0.750473 0.126204 0.201323
1 0.918112 0.783554 0.137765 0.197542
1 0.970617 0.689981 0.058767 0.174858
1 0.526975 0.532136 0.092486 0.170132
1 0.675337 0.598299 0.092486 0.152174
1 0.839114 0.610586 0.110790 0.197542
1 0.640655 0.498110 0.078035 0.122873
1 0.754335 0.500945 0.081888 0.125709
1 0.623314 0.421550 0.068401 0.109641
1 0.710019 0.404537 0.069364 0.101134
1 0.589595 0.354442 0.058767 0.080340
1 0.683044 0.348771 0.053950 0.078450
1 0.593449 0.299622 0.049133 0.071834
1 0.669557 0.296786 0.049133 0.076560
1 0.642582 0.263705 0.049133 0.071834
1 0.621387 0.227788 0.039499 0.067108
3 0.567437 0.209830 0.074181 0.155009
3 0.885116 0.447070 0.229769 0.362949
3 0.781310 0.289225 0.127168 0.206049
3 0.719653 0.211720 0.095376 0.155009
3 0.652216 0.148393 0.103083 0.147448
3 0.554913 0.153119 0.057803 0.120983
3 0.884393 0.276938 0.180154 0.212665
