3 0.291517 0.623932 0.583034 0.607692
0 0.735188 0.387180 0.212747 0.261538
1 0.877917 0.372650 0.105027 0.111111
1 0.957361 0.331624 0.085278 0.094872
3 0.995287 0.271795 0.009425 0.158120
1 0.064632 0.364103 0.129264 0.153846
1 0.297127 0.306838 0.175943 0.127350
1 0.019749 0.304273 0.039497 0.133333
3 0.552065 0.210256 0.304309 0.206838
3 0.288151 0.194872 0.372531 0.236752
1 0.749551 0.220513 0.078097 0.075214
3 0.690305 0.160684 0.215440 0.152137
1 0.825853 0.209402 0.078995 0.070940
3 0.880610 0.137607 0.179533 0.103419
2 0.169659 0.499145 0.229803 0.249573
1 0.440754 0.433333 0.186715 0.159829
2 0.617594 0.358120 0.135548 0.153846
1 0.760323 0.335897 0.121185 0.111111
3 0.897217 0.265812 0.205566 0.188034
