1 0.203668 0.384359 0.227799 0.143927
1 0.537645 0.313644 0.169884 0.123960
1 0.853282 0.241265 0.108108 0.084859
3 0.360039 0.563228 0.713320 0.558236
0 0.832046 0.358569 0.215251 0.258735
1 0.959218 0.356073 0.081564 0.108153
1 0.083736 0.348586 0.167471 0.145591
1 0.352317 0.290349 0.190154 0.126456
1 0.036680 0.289517 0.073359 0.129784
3 0.624517 0.198003 0.327220 0.201331
3 0.340734 0.183028 0.400579 0.230449
1 0.836873 0.202163 0.084942 0.074875
3 0.773166 0.149750 0.231660 0.148087
1 0.918919 0.197171 0.084942 0.069052
3 0.940637 0.127288 0.118726 0.100666
2 0.213320 0.479201 0.247104 0.242928
1 0.504826 0.415141 0.200772 0.155574
2 0.694981 0.341930 0.145753 0.149750
1 0.848456 0.320300 0.130309 0.108153
3 0.942568 0.252080 0.114865 0.183028
