1 0.025450 0.546813 0.050901 0.136454
1 0.048198 0.591633 0.096396 0.108566
1 0.148649 0.453187 0.121622 0.089641
1 0.191892 0.498008 0.128829 0.091633
1 0.287387 0.382470 0.090090 0.087649
1 0.303604 0.422311 0.103604 0.082669
1 0.325225 0.323705 0.075676 0.063745
1 0.382883 0.332669 0.075676 0.080677
1 0.397297 0.373506 0.082883 0.082669
1 0.396396 0.280876 0.069369 0.056773
1 0.449550 0.285857 0.071171 0.077689
1 0.464865 0.318725 0.078378 0.072709
1 0.471171 0.244024 0.056757 0.056773
1 0.521622 0.244024 0.056757 0.068725
1 0.552252 0.268924 0.060360 0.068725
1 0.602703 0.241036 0.050451 0.056773
1 0.635135 0.356574 0.075676 0.089641
