1 0.325730 0.504886 0.055657 0.071661
1 0.384124 0.500814 0.059307 0.071661
1 0.260036 0.564332 0.055657 0.078990
1 0.346715 0.627036 0.081204 0.098534
3 0.385037 0.655537 0.181569 0.301303
3 0.488139 0.539088 0.105839 0.214169
1 0.682482 0.801303 0.121350 0.173453
1 0.541058 0.504072 0.040146 0.061889
1 0.564781 0.477199 0.051095 0.061889
1 0.268248 0.485342 0.083942 0.057818
1 0.602190 0.555375 0.059307 0.087134
1 0.522810 0.474756 0.046533 0.059446
1 0.642336 0.433225 0.039234 0.052117
3 0.595803 0.398208 0.075730 0.088762
