1 0.305755 0.192953 0.031475 0.047819
1 0.214928 0.227349 0.047662 0.063758
1 0.186151 0.175336 0.035971 0.043624
1 0.957509 0.707215 0.084982 0.194631
1 0.292266 0.234899 0.035971 0.057886
1 0.126799 0.173658 0.038669 0.047819
1 0.489209 0.363255 0.057554 0.091443
1 0.259892 0.302852 0.050360 0.079698
1 0.137590 0.233221 0.047662 0.052013
1 0.173561 0.319631 0.053957 0.071309
1 0.261691 0.380034 0.065648 0.099832
1 0.069245 0.309564 0.061151 0.075503
1 0.041367 0.241611 0.051259 0.055369
1 0.178058 0.694631 0.114209 0.181208
1 0.448741 0.203859 0.040468 0.055369
