2 0.052658 0.639493 0.105317 0.230072
1 0.377301 0.886096 0.193252 0.227808
1 0.174847 0.748188 0.167689 0.231884
1 0.308793 0.326993 0.088957 0.120471
1 0.162577 0.347826 0.098160 0.141304
2 0.791411 0.145833 0.050102 0.090580
1 0.565440 0.351449 0.080777 0.117754
1 0.434560 0.378623 0.080777 0.120471
1 0.387526 0.217391 0.057260 0.079710
1 0.892638 0.179348 0.049080 0.070652
1 0.973926 0.169384 0.052147 0.076993
1 0.609407 0.186594 0.056237 0.098732
2 0.921268 0.298007 0.072597 0.128623
1 0.546012 0.143116 0.044990 0.062500
1 0.629857 0.115942 0.039877 0.059783
