1 0.766533 0.625220 0.177355 0.277778
2 0.719439 0.301587 0.113226 0.225750
1 0.637275 0.226631 0.088176 0.134039
1 0.673347 0.126984 0.081162 0.119048
2 0.947395 0.479718 0.105210 0.315697
1 0.838677 0.207231 0.099198 0.154321
1 0.792585 0.119048 0.081162 0.100529
1 0.651303 0.035273 0.056112 0.070547
1 0.912826 0.030644 0.063126 0.061287
1 0.984218 0.015432 0.031563 0.030864
1 0.730461 0.010141 0.051102 0.020282
2 0.620240 0.002425 0.036072 0.004850
1 0.998747 0.069665 0.002505 0.089947
3 0.430862 0.608466 0.344689 0.783069
