1 0.257709 0.726834 0.199339 0.306950
1 0.449339 0.467181 0.139868 0.185328
1 0.653084 0.291506 0.104626 0.121622
1 0.740088 0.222973 0.078194 0.080116
1 0.820485 0.177606 0.073789 0.070463
1 0.022302 0.908301 0.044604 0.183398
1 0.212555 0.545367 0.168502 0.173745
1 0.469163 0.322394 0.115639 0.118726
1 0.623348 0.233591 0.082599 0.091699
1 0.714758 0.187259 0.083701 0.070463
3 0.091685 0.575290 0.183370 0.535714
1 0.435022 0.273166 0.104626 0.084942
1 0.334802 0.269305 0.110132 0.082046
1 0.419604 0.222008 0.098018 0.073359
1 0.494493 0.183398 0.088106 0.070463
1 0.551762 0.160232 0.073789 0.061776
1 0.214758 0.321429 0.136564 0.091699
1 0.050385 0.343629 0.100771 0.093629
1 0.190529 0.283784 0.115639 0.086873
1 0.313877 0.239382 0.100220 0.080116
2 0.399780 0.184363 0.088106 0.070463
1 0.486784 0.145753 0.075991 0.066602
1 0.417401 0.146718 0.075991 0.048263
1 0.578194 0.202703 0.098018 0.078185
2 0.947137 0.673745 0.105727 0.208494
1 0.076817 0.403475 0.153634 0.114865
1 0.708150 0.149614 0.087004 0.063707
1 0.632159 0.705598 0.267621 0.176641
1 0.825991 0.130309 0.087004 0.055019
1 0.328194 0.189189 0.084802 0.063707
1 0.861233 0.147683 0.088106 0.053089
1 0.109031 0.271236 0.110132 0.078185
