1 0.385504 0.766279 0.242647 0.277907
1 0.067752 0.590698 0.135504 0.187209
2 0.849790 0.726744 0.272059 0.347674
1 0.530462 0.634884 0.217437 0.215116
2 0.321429 0.540698 0.158613 0.223256
1 0.156513 0.506977 0.142857 0.151163
3 0.057511 0.417442 0.115021 0.251163
1 0.891282 0.509302 0.217437 0.203488
1 0.477941 0.488372 0.200630 0.179070
1 0.501050 0.337209 0.148109 0.146512
1 0.042017 0.279070 0.074580 0.074419
2 0.018120 0.339535 0.036239 0.096512
1 0.936450 0.298837 0.127101 0.138372
1 0.761555 0.269767 0.151260 0.126744
1 0.581933 0.253488 0.129202 0.104651
3 0.375000 0.188372 0.257353 0.195349
1 0.971639 0.250000 0.056723 0.124419
1 0.832983 0.234884 0.141807 0.110465
1 0.662815 0.211628 0.130252 0.102326
1 0.515756 0.195349 0.100840 0.098837
1 0.155462 0.187209 0.063025 0.068605
1 0.122899 0.218605 0.068277 0.068605
1 0.058824 0.187209 0.066176 0.060465
