1 0.501196 0.511009 0.173445 0.119266
3 0.238038 0.215596 0.196172 0.150459
1 0.120813 0.355046 0.111244 0.091743
1 0.314593 0.389908 0.130383 0.119266
1 0.020036 0.290826 0.040072 0.077982
1 0.418660 0.314679 0.096890 0.066973
1 0.547847 0.370642 0.138756 0.084404
1 0.120813 0.285321 0.106459 0.069725
1 0.127990 0.238532 0.077751 0.052294
1 0.739234 0.451376 0.175837 0.111009
1 0.953947 0.542202 0.092105 0.128440
3 0.175538 0.950459 0.351077 0.099083
1 0.594498 0.801835 0.328947 0.188991
1 0.484450 0.956881 0.349282 0.086238
1 0.950658 0.809174 0.098684 0.180734
1 0.987739 0.962156 0.024522 0.075688
1 0.142943 0.838532 0.285885 0.193578
1 0.039474 0.712844 0.078947 0.160550
