1 0.614345 0.510733 0.142412 0.179785
1 0.510395 0.398927 0.099792 0.135957
1 0.375260 0.306798 0.088358 0.095707
1 0.302495 0.256708 0.063410 0.063506
1 0.250520 0.222719 0.058212 0.059034
1 0.747401 0.497317 0.142412 0.150268
1 0.626819 0.405188 0.107069 0.110018
1 0.492723 0.299642 0.084200 0.091234
1 0.414761 0.262075 0.070686 0.069767
1 0.336798 0.237030 0.070686 0.063506
3 0.772349 0.376565 0.319127 0.288014
1 0.495842 0.259392 0.082121 0.072451
1 0.714137 0.330054 0.125780 0.078712
1 0.628898 0.262970 0.087318 0.063506
1 0.561331 0.233453 0.067568 0.061717
1 0.506237 0.213775 0.066528 0.059034
1 0.824324 0.374776 0.121622 0.076029
1 0.960239 0.384615 0.079522 0.089445
1 0.841996 0.322898 0.108108 0.080501
1 0.722453 0.287120 0.098753 0.076029
2 0.649688 0.231664 0.077963 0.059034
1 0.568607 0.199463 0.066528 0.057245
1 0.635135 0.196780 0.070686 0.046512
1 0.406445 0.228086 0.084200 0.074240
1 0.028067 0.855098 0.056133 0.153846
2 0.198545 0.687835 0.285863 0.193202
1 0.947245 0.426655 0.105509 0.091234
1 0.324324 0.193202 0.074844 0.055456
1 0.621622 0.726297 0.258836 0.173524
1 0.237006 0.180680 0.087318 0.046512
1 0.759875 0.253131 0.094595 0.055456
1 0.211019 0.197674 0.083160 0.040250
