1 0.851286 0.304523 0.140675 0.124394
2 0.654341 0.234249 0.106109 0.099354
1 0.523312 0.201131 0.074759 0.072698
1 0.452572 0.181745 0.055466 0.058966
1 0.515273 0.243134 0.073151 0.080775
2 0.836817 0.718901 0.280547 0.340872
1 0.594051 0.552504 0.160772 0.180129
3 0.395498 0.273021 0.186495 0.216478
1 0.956592 0.517771 0.086817 0.182553
1 0.652733 0.469305 0.170418 0.147819
1 0.433280 0.435380 0.118167 0.132472
2 0.842444 0.533118 0.182476 0.202746
1 0.969453 0.684168 0.061093 0.153473
1 0.783762 0.419225 0.160772 0.124394
1 0.632637 0.351373 0.126206 0.113086
1 0.294212 0.306139 0.068328 0.099354
1 0.356109 0.365913 0.082797 0.099354
1 0.516881 0.293215 0.090032 0.110662
1 0.296624 0.246365 0.048232 0.057351
1 0.253215 0.224556 0.041801 0.055735
1 0.242765 0.274636 0.048232 0.068659
