2 0.460821 0.716772 0.258395 0.309335
3 0.311567 0.454114 0.473881 0.358386
1 0.972948 0.593354 0.054104 0.165348
2 0.748134 0.484968 0.238806 0.234177
1 0.465485 0.422468 0.193097 0.147943
2 0.280784 0.357595 0.140858 0.147943
1 0.133396 0.334652 0.126866 0.102848
3 0.049207 0.272943 0.098414 0.170886
2 0.811567 0.408228 0.263993 0.209652
1 0.534515 0.353639 0.165112 0.127373
1 0.245336 0.282437 0.129664 0.112342
0 0.072761 0.162975 0.107276 0.108386
1 0.972948 0.192247 0.054104 0.096519
1 0.844216 0.191456 0.149254 0.094146
1 0.670709 0.173259 0.133396 0.082278
1 0.512127 0.161392 0.112873 0.072785
3 0.329291 0.118671 0.230410 0.131329
1 0.954291 0.165348 0.091418 0.071203
1 0.806903 0.153481 0.140858 0.071203
1 0.635261 0.140032 0.118470 0.071203
1 0.483209 0.124209 0.103545 0.069620
1 0.247201 0.124209 0.060634 0.054589
1 0.185634 0.142405 0.073694 0.054589
1 0.171642 0.120253 0.068097 0.041139
1 0.099813 0.138449 0.058769 0.046677
1 0.079291 0.117089 0.049440 0.037184
1 0.033582 0.138449 0.047575 0.045095
