1 0.149457 0.208255 0.061594 0.055347
1 0.225543 0.224203 0.058877 0.058161
1 0.857790 0.559099 0.148551 0.139775
1 0.972147 0.576923 0.055707 0.139775
1 0.903080 0.459662 0.129529 0.128518
1 0.866848 0.385553 0.118659 0.104128
2 0.717391 0.355535 0.124094 0.166979
1 0.296196 0.284240 0.049819 0.073171
1 0.729167 0.346154 0.076993 0.104128
1 0.639493 0.418386 0.109602 0.113508
1 0.608696 0.316135 0.069746 0.077861
1 0.259964 0.361163 0.061594 0.093809
1 0.356884 0.379925 0.057065 0.093809
2 0.381341 0.285178 0.053442 0.104128
1 0.246377 0.494371 0.079710 0.139775
1 0.501812 0.262664 0.062500 0.077861
1 0.597826 0.259850 0.075181 0.084428
1 0.367754 0.526266 0.076087 0.142589
1 0.520833 0.223265 0.051630 0.064728
1 0.355978 0.757036 0.096920 0.238274
1 0.185688 0.867730 0.120471 0.251407
1 0.424819 0.206379 0.047101 0.066604
1 0.464674 0.192308 0.043478 0.064728
1 0.526268 0.194184 0.049819 0.061914
