1 0.814607 0.883197 0.310594 0.233607
1 0.201445 0.531876 0.131621 0.174863
1 0.111557 0.373406 0.089888 0.112022
1 0.985754 0.637523 0.028491 0.192168
2 0.800161 0.510018 0.203050 0.269581
1 0.558587 0.438980 0.166132 0.170310
2 0.398876 0.362477 0.121990 0.168488
1 0.272071 0.336066 0.109149 0.118397
3 0.149278 0.265938 0.189406 0.196721
1 0.060995 0.265938 0.060995 0.081967
1 0.023475 0.252277 0.046950 0.073770
2 0.855538 0.420765 0.223916 0.234973
1 0.618780 0.367942 0.145265 0.153005
1 0.463884 0.298725 0.128411 0.129326
1 0.400482 0.189435 0.077849 0.083789
1 0.281701 0.259563 0.097111 0.099271
1 0.334671 0.228597 0.085875 0.086521
1 0.141252 0.207650 0.051364 0.064663
1 0.986356 0.173042 0.027287 0.112022
1 0.883628 0.171220 0.127608 0.105647
1 0.735152 0.150273 0.113162 0.091075
1 0.598716 0.137523 0.096308 0.086521
3 0.443018 0.089253 0.198234 0.146630
1 0.985754 0.147541 0.028491 0.081967
1 0.880417 0.133880 0.121990 0.081967
1 0.727929 0.114754 0.103531 0.081967
1 0.609149 0.102004 0.089888 0.075592
1 0.434189 0.093807 0.060193 0.064663
1 0.315409 0.118397 0.065008 0.060109
1 0.328250 0.090164 0.057785 0.053734
1 0.244783 0.112022 0.050562 0.062842
1 0.255217 0.088342 0.045746 0.050091
1 0.191814 0.109290 0.042536 0.050091
1 0.215088 0.081967 0.042536 0.051913
