1 0.856061 0.357988 0.090067 0.140039
1 0.724747 0.882643 0.145623 0.234714
2 0.930976 0.803748 0.138047 0.392505
1 0.400673 0.031558 0.036195 0.061144
1 0.288721 0.022929 0.033670 0.045858
1 0.334175 0.029586 0.031145 0.054241
1 0.718013 0.351085 0.081650 0.149901
1 0.637205 0.202170 0.050505 0.100592
1 0.580808 0.280079 0.064815 0.121302
1 0.363636 0.172584 0.050505 0.105523
2 0.287037 0.158777 0.058081 0.124260
1 0.197811 0.057199 0.041246 0.065089
2 0.328283 0.357002 0.083333 0.182446
1 0.521886 0.073965 0.039562 0.068047
1 0.583333 0.058185 0.033670 0.061144
1 0.122896 0.286982 0.079966 0.119329
2 0.623737 0.021696 0.033670 0.043392
