1 0.961682 0.953125 0.076636 0.093750
1 0.711215 0.957552 0.280374 0.084896
1 0.182243 0.979167 0.364486 0.041667
0 0.432710 0.683333 0.352336 0.372917
1 0.795327 0.150000 0.118692 0.104167
1 0.701869 0.079167 0.101869 0.081250
1 0.271028 0.132292 0.122430 0.120833
1 0.109346 0.173958 0.142056 0.138542
1 0.042757 0.152083 0.085514 0.133333
1 0.191589 0.106250 0.120561 0.111458
1 0.352336 0.063802 0.105608 0.127604
1 0.479439 0.048437 0.097196 0.096875
1 0.599065 0.029167 0.082243 0.058333
1 0.682243 0.017188 0.067290 0.034375
1 0.726168 0.004167 0.044860 0.008333
1 0.220561 0.250000 0.148598 0.138542
