1 0.430712 0.705645 0.092697 0.122581
1 0.503745 0.637097 0.077715 0.101613
1 0.491573 0.490323 0.060861 0.061290
1 0.549625 0.484677 0.064607 0.076613
1 0.424157 0.550806 0.055243 0.080645
1 0.603933 0.819355 0.101124 0.162097
3 0.865871 0.798589 0.268258 0.402823
1 0.813670 0.646774 0.075843 0.116935
1 0.695693 0.574194 0.059925 0.097581
1 0.588015 0.559677 0.071161 0.091935
1 0.723783 0.491129 0.045880 0.062903
1 0.778090 0.532258 0.056180 0.078226
3 0.676966 0.435484 0.093633 0.124194
1 0.791199 0.450000 0.038390 0.068548
1 0.832397 0.430645 0.038390 0.051613
3 0.770599 0.398387 0.081461 0.097581
