1 0.057829 0.706667 0.115658 0.215000
1 0.267794 0.518333 0.100534 0.171667
0 0.322954 0.233333 0.081851 0.114167
1 0.250890 0.354167 0.080961 0.126667
1 0.540036 0.116667 0.035587 0.041667
1 0.588078 0.125000 0.039146 0.041667
1 0.564057 0.103333 0.032918 0.037500
1 0.516904 0.097500 0.032028 0.037500
1 0.445730 0.113333 0.043594 0.041667
2 0.369217 0.115833 0.050712 0.059167
1 0.540036 0.088333 0.031139 0.035833
1 0.417260 0.120000 0.046263 0.047500
1 0.524021 0.156667 0.061388 0.053333
1 0.586299 0.327500 0.111210 0.114167
1 0.625445 0.232500 0.091637 0.080833
1 0.962856 0.255000 0.074288 0.085000
1 0.991993 0.234167 0.016014 0.060833
1 0.771352 0.138333 0.054270 0.049167
2 0.667260 0.124167 0.043594 0.049167
1 0.733986 0.259167 0.088968 0.076667
1 0.790925 0.345000 0.120107 0.108333
1 0.642349 0.103333 0.045374 0.037500
1 0.970418 0.760000 0.059164 0.190000
