1 0.266537 0.071138 0.041829 0.063008
1 0.981274 0.866616 0.037451 0.266768
1 0.189689 0.069106 0.039883 0.067073
1 0.318093 0.150407 0.046693 0.079268
2 0.218872 0.158537 0.047665 0.105691
1 0.131323 0.066057 0.041829 0.055894
2 0.899805 0.294715 0.106031 0.177846
1 0.164397 0.132114 0.053502 0.084350
1 0.628405 0.212398 0.061284 0.096545
1 0.061284 0.138211 0.054475 0.077236
1 0.263619 0.390244 0.078794 0.135163
2 0.086576 0.468496 0.106031 0.200203
1 0.621595 0.082317 0.038911 0.057927
1 0.111868 0.885417 0.166342 0.229167
