1 0.383218 0.412220 0.124567 0.132530
3 0.580450 0.136833 0.148789 0.148881
1 0.511246 0.406196 0.114187 0.136833
1 0.502595 0.318417 0.096886 0.098107
1 0.623702 0.314114 0.089100 0.099828
1 0.454152 0.226334 0.075259 0.069707
1 0.366782 0.275387 0.097751 0.083477
1 0.588235 0.251291 0.089100 0.081756
1 0.676471 0.152324 0.049308 0.061102
1 0.240484 0.339071 0.121972 0.098107
1 0.092561 0.402754 0.147924 0.110155
1 0.544118 0.500000 0.131488 0.150602
1 0.670415 0.196213 0.069204 0.069707
2 0.620242 0.172978 0.071799 0.077453
1 0.655709 0.369191 0.106401 0.130809
1 0.727509 0.285714 0.073529 0.095525
2 0.556228 0.211704 0.066609 0.079174
1 0.696367 0.240964 0.071799 0.075732
1 0.806228 0.230637 0.063149 0.079174
1 0.950692 0.767642 0.098616 0.113597
3 0.609862 0.904475 0.780277 0.191050
2 0.897924 0.616179 0.182526 0.189329
2 0.760381 0.173838 0.097751 0.110155
1 0.679066 0.748709 0.237889 0.153184
1 0.495675 0.681583 0.246540 0.169535
1 0.893599 0.141136 0.064879 0.056799
