1 0.725775 0.123568 0.041667 0.058101
1 0.854651 0.206219 0.064922 0.075286
1 0.946463 0.527005 0.107074 0.178396
2 0.812984 0.709493 0.197674 0.318331
1 0.146318 0.878069 0.250000 0.243863
1 0.081638 0.699673 0.163275 0.229133
1 0.381783 0.417349 0.104651 0.137480
2 0.256783 0.379705 0.124031 0.220949
1 0.467054 0.280687 0.073643 0.100655
1 0.580426 0.247954 0.059109 0.094926
1 0.485465 0.191489 0.057171 0.075286
1 0.573643 0.137480 0.039729 0.056465
1 0.528101 0.112930 0.038760 0.050737
2 0.586240 0.099836 0.041667 0.059738
1 0.492248 0.094926 0.033915 0.048282
1 0.512597 0.068740 0.030039 0.036825
