1 0.733010 0.598534 0.162136 0.235342
2 0.697087 0.334691 0.105825 0.197068
1 0.618447 0.271987 0.084466 0.123778
1 0.655340 0.181596 0.076699 0.102606
2 0.926699 0.465798 0.146602 0.264658
1 0.806796 0.246743 0.090291 0.139251
1 0.808738 0.010179 0.039806 0.020358
1 0.766019 0.173453 0.074757 0.092834
1 0.633981 0.094463 0.053398 0.073290
1 0.869903 0.047231 0.050485 0.053746
1 0.895146 0.097720 0.065049 0.081433
1 0.974515 0.078990 0.050971 0.063518
1 0.708738 0.054560 0.047573 0.059446
2 0.603883 0.037459 0.035922 0.067590
1 0.990049 0.147394 0.019903 0.084691
1 0.633010 0.021783 0.037864 0.043567
3 0.427184 0.631107 0.322330 0.729642
