1 0.141667 0.239130 0.080556 0.070435
1 0.125000 0.209565 0.093519 0.057391
3 0.193519 0.153913 0.225926 0.119130
1 0.212037 0.287826 0.081481 0.082609
1 0.304630 0.272174 0.087963 0.073913
1 0.303704 0.345217 0.092593 0.096522
1 0.426852 0.333913 0.100000 0.100870
1 0.437037 0.462609 0.113889 0.115652
1 0.575000 0.448696 0.122222 0.113043
1 0.978935 0.394783 0.042130 0.106957
2 0.439815 0.238261 0.100000 0.094783
1 0.973380 0.493913 0.053241 0.142609
1 0.711111 0.600000 0.137037 0.154783
1 0.549074 0.651304 0.148148 0.173043
1 0.894444 0.320870 0.091667 0.119130
1 0.819444 0.263478 0.065741 0.082609
3 0.697222 0.229565 0.175000 0.218261
1 0.775000 0.477391 0.139815 0.109565
1 0.918287 0.909565 0.163426 0.180870
