1 0.989530 0.927617 0.020940 0.144766
1 0.725641 0.910078 0.311966 0.179844
1 0.267521 0.906459 0.325641 0.187082
1 0.009402 0.927617 0.018803 0.144766
0 0.364103 0.581292 0.321367 0.379733
1 0.658974 0.008909 0.103419 0.017817
1 0.547863 0.025334 0.105983 0.050668
1 0.387180 0.057906 0.120513 0.115813
0 0.211111 0.057906 0.164957 0.115813
1 0.375214 0.021437 0.106838 0.042873
1 0.501709 0.010022 0.099145 0.020045
1 0.263248 0.001670 0.111966 0.003341
2 0.101709 0.047884 0.150427 0.095768
1 0.101709 0.263920 0.159829 0.171492
