1 0.550096 0.465300 0.122351 0.151420
1 0.461464 0.369874 0.091522 0.110410
1 0.343931 0.301262 0.081888 0.084385
1 0.283237 0.267350 0.058767 0.061514
1 0.235067 0.240536 0.060694 0.059937
1 0.643545 0.435331 0.119461 0.119874
1 0.550096 0.369874 0.099229 0.089905
1 0.460501 0.304416 0.087669 0.082019
1 0.388247 0.268927 0.070328 0.063880
1 0.319846 0.246057 0.070328 0.061514
1 0.800578 0.454259 0.141618 0.110410
3 0.638728 0.321767 0.239884 0.208991
1 0.459538 0.265773 0.073218 0.061514
1 0.735067 0.336751 0.087669 0.067035
1 0.569364 0.273659 0.087669 0.063880
1 0.523121 0.242902 0.070328 0.048896
1 0.475915 0.226341 0.061657 0.052050
1 0.963632 0.430599 0.072736 0.085962
1 0.927746 0.372240 0.124277 0.069401
1 0.792871 0.324132 0.087669 0.069401
1 0.672447 0.289432 0.084778 0.072555
2 0.610790 0.248423 0.081888 0.067035
1 0.532755 0.216088 0.069364 0.055994
1 0.760116 0.272871 0.089595 0.057571
1 0.735067 0.697950 0.251445 0.147476
1 0.336224 0.821767 0.268786 0.166404
2 0.098266 0.693218 0.196532 0.155363
1 0.810212 0.844637 0.301541 0.175868
1 0.305395 0.220032 0.078035 0.052050
