1 0.041586 0.814974 0.083171 0.236661
1 0.100195 0.661790 0.100195 0.172978
1 0.613813 0.914802 0.152724 0.170396
1 0.411479 0.874570 0.129377 0.250861
1 0.151751 0.909639 0.178988 0.180723
1 0.422179 0.658348 0.109922 0.179862
1 0.602140 0.759897 0.116732 0.199656
1 0.174125 0.515491 0.108949 0.159208
1 0.232490 0.739243 0.147860 0.226334
1 0.061284 0.333907 0.081712 0.087780
1 0.695525 0.265060 0.073930 0.093804
2 0.320039 0.282272 0.062257 0.099828
2 0.098249 0.232358 0.050584 0.075732
1 0.822957 0.370052 0.084630 0.099828
