1 0.569746 0.479407 0.055254 0.072488
1 0.511775 0.475288 0.058877 0.072488
1 0.634964 0.539539 0.055254 0.079901
1 0.548913 0.602965 0.080616 0.099671
3 0.550725 0.705931 0.196558 0.376441
3 0.428442 0.541186 0.123188 0.230643
1 0.143116 0.940692 0.155797 0.118616
1 0.365036 0.489292 0.046196 0.064250
1 0.341485 0.461285 0.048007 0.060132
1 0.663949 0.468699 0.091485 0.062603
1 0.288043 0.628501 0.076087 0.116969
1 0.399457 0.462109 0.066123 0.068369
1 0.294384 0.433278 0.048007 0.060132
3 0.338768 0.397035 0.083333 0.105437
1 0.256341 0.393740 0.040761 0.052718
