1 0.959588 0.963441 0.078447 0.073117
1 0.726624 0.952933 0.289223 0.094133
1 0.305071 0.950088 0.301902 0.099825
1 0.037242 0.966725 0.074485 0.066550
0 0.394612 0.718039 0.297940 0.298599
1 0.667987 0.231173 0.095880 0.087566
1 0.564976 0.264448 0.098257 0.072680
1 0.416006 0.301226 0.111727 0.101576
0 0.252773 0.284588 0.152932 0.134851
1 0.404913 0.258319 0.099049 0.072680
1 0.522187 0.238179 0.091918 0.077058
1 0.625990 0.212785 0.073693 0.066550
1 0.408875 0.189142 0.078447 0.063923
1 0.301109 0.218039 0.103804 0.091068
2 0.151347 0.253065 0.139461 0.166375
1 0.021989 0.289842 0.043978 0.074431
1 0.018225 0.338879 0.036450 0.083187
