1 0.771140 0.315956 0.100184 0.117694
1 0.091452 0.715640 0.182904 0.213270
1 0.942096 0.234597 0.074449 0.101106
1 0.164522 0.360979 0.157169 0.120063
1 0.981618 0.278831 0.036765 0.101106
1 0.096967 0.538705 0.193934 0.157188
1 0.465074 0.280411 0.136949 0.101106
1 0.176471 0.402054 0.209559 0.151659
1 0.822610 0.428910 0.172794 0.147709
1 0.486213 0.361769 0.165441 0.127172
1 0.553309 0.281201 0.129596 0.095577
1 0.719669 0.646919 0.272059 0.224329
1 0.616728 0.204581 0.102941 0.086098
1 0.747243 0.243286 0.116728 0.093997
1 0.210478 0.803318 0.353860 0.267772
1 0.675551 0.883294 0.340993 0.233412
1 0.772059 0.166667 0.078125 0.072670
