1 0.531000 0.109709 0.073000 0.048544
2 0.477000 0.095146 0.081000 0.068932
1 0.409000 0.132039 0.096000 0.060194
2 0.357000 0.115534 0.084000 0.062136
1 0.301000 0.161165 0.091000 0.064078
1 0.231000 0.152427 0.087000 0.055340
1 0.191000 0.181553 0.092000 0.053398
1 0.123000 0.182524 0.081000 0.045631
1 0.016750 0.223301 0.033500 0.062136
0 0.708000 0.226214 0.093000 0.129126
1 0.105000 0.269903 0.109000 0.092233
1 0.830000 0.771845 0.303000 0.236893
1 0.729000 0.880097 0.320000 0.239806
1 0.265000 0.751456 0.277000 0.204854
1 0.770000 0.543689 0.117000 0.225243
1 0.769000 0.400971 0.091000 0.154369
1 0.810000 0.313592 0.075000 0.133010
1 0.834000 0.259223 0.072000 0.112621
1 0.874000 0.196117 0.064000 0.089320
1 0.898000 0.159223 0.064000 0.085437
1 0.912000 0.129126 0.052000 0.073786
1 0.259000 0.903884 0.313000 0.192233
1 0.666000 0.126214 0.088000 0.064078
