1 0.980607 0.226457 0.038786 0.188341
2 0.822091 0.119955 0.141653 0.164798
1 0.553963 0.033913 0.078415 0.067825
1 0.478078 0.014854 0.058179 0.029709
1 0.542159 0.082960 0.075042 0.114350
2 0.866358 0.747758 0.267285 0.483184
1 0.625632 0.513453 0.169477 0.250000
3 0.413997 0.135370 0.198145 0.270740
1 0.981661 0.467489 0.036678 0.252242
1 0.684654 0.399103 0.175379 0.207399
1 0.455312 0.350897 0.122260 0.178251
2 0.885329 0.501121 0.188027 0.308296
1 0.992411 0.701794 0.015177 0.215247
1 0.855818 0.357623 0.174536 0.191704
1 0.665261 0.234305 0.129005 0.149103
1 0.307757 0.177130 0.075042 0.141256
1 0.375211 0.256726 0.086847 0.143498
1 0.544688 0.153587 0.090219 0.141256
1 0.311973 0.088565 0.047218 0.079596
1 0.266442 0.062780 0.043845 0.073991
1 0.256324 0.135650 0.050590 0.098655
