2 0.650990 0.111290 0.036304 0.058871
1 0.690594 0.158871 0.035479 0.058871
1 0.687294 0.279839 0.063531 0.103226
1 0.902640 0.500806 0.118812 0.168548
1 0.230198 0.791129 0.175743 0.279032
1 0.162541 0.607258 0.155941 0.191129
1 0.378713 0.398387 0.079208 0.128226
1 0.317657 0.333065 0.075082 0.107258
1 0.437294 0.240323 0.052805 0.078226
1 0.490924 0.472581 0.086634 0.160484
2 0.381188 0.206452 0.059406 0.125806
1 0.475248 0.171774 0.037129 0.065323
1 0.535479 0.141935 0.033828 0.057258
1 0.489274 0.124194 0.032178 0.047581
