3 0.332731 0.537273 0.665461 0.641818
0 0.812839 0.276364 0.207052 0.278182
1 0.948237 0.270909 0.103526 0.118182
1 0.993219 0.227273 0.013562 0.100909
1 0.097649 0.261818 0.195298 0.163636
1 0.364376 0.200909 0.177215 0.135455
1 0.052441 0.198182 0.104882 0.141818
3 0.621157 0.104091 0.306510 0.208182
3 0.355335 0.103864 0.375226 0.207727
1 0.820072 0.109091 0.078662 0.080000
3 0.760398 0.063182 0.216998 0.126364
1 0.896926 0.097273 0.079566 0.075455
3 0.930832 0.037955 0.138336 0.075909
2 0.235986 0.405455 0.231465 0.265455
1 0.509042 0.335455 0.188065 0.170000
2 0.687161 0.255455 0.136528 0.163636
1 0.830922 0.231818 0.122061 0.118182
3 0.932640 0.157273 0.134720 0.200000
