1 0.077080 0.876894 0.154159 0.246212
1 0.166365 0.712121 0.091320 0.213203
1 0.642857 0.961310 0.140145 0.077381
1 0.456600 0.910985 0.118445 0.178030
1 0.214286 0.954816 0.169982 0.090368
1 0.465642 0.708874 0.103978 0.226190
1 0.634720 0.840909 0.112116 0.251082
1 0.235081 0.524892 0.100362 0.194805
1 0.290235 0.807359 0.137432 0.286797
2 0.295660 0.399351 0.085895 0.181818
2 0.042495 0.347403 0.069620 0.143939
1 0.601266 0.543290 0.075949 0.185065
2 0.157324 0.255411 0.078662 0.130952
0 0.410488 0.126623 0.069620 0.130952
