1 0.518889 0.780210 0.132222 0.255692
1 0.428889 0.119965 0.040000 0.051664
2 0.734444 0.813485 0.174444 0.261821
1 0.478889 0.127846 0.045556 0.063923
2 0.525556 0.121716 0.047778 0.074431
1 0.980833 0.571804 0.038333 0.169877
3 0.972778 0.420315 0.054444 0.330123
1 0.242222 0.100701 0.048889 0.056042
1 0.570000 0.141856 0.044444 0.062172
1 0.776667 0.258319 0.085556 0.084939
3 0.256667 0.162872 0.080000 0.136602
1 0.086667 0.189142 0.078889 0.074431
1 0.661111 0.174256 0.058889 0.068301
1 0.125556 0.283713 0.080000 0.093695
1 0.167778 0.415061 0.093333 0.119965
1 0.594444 0.112960 0.038889 0.048161
1 0.666667 0.140105 0.050000 0.056042
1 0.614444 0.091944 0.036667 0.039405
