1 0.280551 0.022907 0.018072 0.018957
1 0.267642 0.040284 0.021515 0.035545
1 0.839071 0.466825 0.123924 0.146130
1 0.236661 0.045814 0.027539 0.022117
1 0.240103 0.026856 0.020654 0.018957
1 0.680723 0.308847 0.069707 0.099526
1 0.237522 0.075829 0.033563 0.041074
1 0.191910 0.057662 0.027539 0.028436
1 0.202238 0.090047 0.031842 0.041074
2 0.290878 0.058452 0.028399 0.046603
1 0.160929 0.075039 0.040447 0.048973
1 0.324441 0.139021 0.043890 0.060032
1 0.379518 0.102686 0.030981 0.050553
1 0.185026 0.119273 0.043890 0.052133
1 0.122203 0.127962 0.055077 0.033965
1 0.119621 0.165087 0.059380 0.063981
1 0.061102 0.131122 0.074871 0.067141
1 0.394148 0.040284 0.023236 0.035545
1 0.363167 0.028436 0.023236 0.035545
1 0.439759 0.037915 0.020654 0.033965
3 0.445783 0.153239 0.078313 0.168246
