2 0.831376 0.517182 0.210571 0.254296
1 0.579698 0.450172 0.174497 0.163230
2 0.411913 0.377148 0.127517 0.154639
1 0.280201 0.352234 0.113255 0.111684
3 0.151846 0.286942 0.200503 0.185567
1 0.059564 0.286082 0.062919 0.075601
1 0.022022 0.274914 0.044044 0.071306
2 0.885696 0.429553 0.228607 0.221650
1 0.641779 0.378866 0.151846 0.144330
1 0.479027 0.317010 0.135067 0.124570
1 0.347315 0.290378 0.110738 0.103952
1 0.259228 0.270619 0.073826 0.083333
1 0.165268 0.237973 0.063758 0.067010
1 0.313758 0.231100 0.084732 0.071306
1 0.109060 0.179553 0.044463 0.044674
1 0.919463 0.195876 0.133389 0.099656
1 0.764262 0.176976 0.117450 0.081615
1 0.621644 0.164089 0.100671 0.083333
3 0.459732 0.121134 0.207215 0.136598
1 0.963507 0.169244 0.072987 0.091924
1 0.774329 0.143471 0.111577 0.081615
1 0.633389 0.128007 0.093960 0.071306
1 0.507550 0.122852 0.069631 0.060997
1 0.322148 0.144330 0.066275 0.056701
1 0.356544 0.128007 0.052852 0.056701
1 0.250000 0.140893 0.056208 0.048969
1 0.283557 0.121993 0.047819 0.044674
1 0.193792 0.135739 0.046141 0.044674
1 0.232383 0.111684 0.047819 0.047251
