1 0.980574 0.342105 0.038851 0.062753
1 0.534628 0.896761 0.087838 0.201417
1 0.389358 0.900051 0.091216 0.199899
1 0.244088 0.912702 0.110642 0.174595
1 0.080236 0.931427 0.120777 0.137146
1 0.029983 0.868421 0.059966 0.187247
1 0.423142 0.699393 0.081081 0.182186
1 0.293074 0.770243 0.081081 0.162956
1 0.149493 0.783401 0.097128 0.211538
1 0.323480 0.662955 0.068412 0.131579
1 0.223818 0.665992 0.071791 0.134615
1 0.338682 0.580972 0.059966 0.117409
1 0.262669 0.562753 0.060811 0.108300
1 0.368243 0.509109 0.051520 0.086032
1 0.286318 0.503036 0.047297 0.084008
1 0.364865 0.450405 0.043074 0.076923
1 0.298142 0.447368 0.043074 0.081984
1 0.321791 0.411943 0.043074 0.076923
1 0.340372 0.373482 0.034628 0.071862
3 0.387669 0.354251 0.065034 0.165992
3 0.104941 0.608300 0.209882 0.388664
3 0.200169 0.439271 0.111486 0.220648
3 0.254223 0.356275 0.083615 0.165992
3 0.313345 0.288462 0.090372 0.157895
3 0.398649 0.293522 0.050676 0.129555
0 0.939189 0.291498 0.076858 0.081984
1 0.921453 0.387652 0.040541 0.078947
3 0.178209 0.355263 0.119088 0.173077
1 0.539696 0.222672 0.023649 0.045547
