1 0.457009 0.768739 0.109346 0.253199
1 0.534579 0.085009 0.040187 0.058501
2 0.276635 0.813528 0.145794 0.281536
1 0.492523 0.092322 0.037383 0.066728
2 0.455140 0.085923 0.043925 0.074040
1 0.426168 0.113346 0.042056 0.069470
1 0.058411 0.484461 0.116822 0.167276
1 0.234579 0.284278 0.079439 0.112431
1 0.709346 0.094150 0.040187 0.063071
1 0.658879 0.119744 0.040187 0.064899
1 0.318692 0.173675 0.052336 0.075868
1 0.199065 0.242230 0.071963 0.086837
1 0.781308 0.223035 0.060748 0.093236
1 0.303738 0.135283 0.044860 0.066728
1 0.744860 0.396709 0.085047 0.134369
1 0.876636 0.787020 0.157009 0.276965
1 0.989953 0.730347 0.020093 0.240402
