1 0.288766 0.281000 0.050633 0.116000
1 0.272152 0.128000 0.037975 0.085000
1 0.337816 0.126000 0.044304 0.081000
2 0.966970 0.391000 0.066060 0.166000
1 0.742880 0.287000 0.105222 0.123000
1 0.376582 0.215000 0.067247 0.092000
1 0.391614 0.343000 0.064082 0.135000
1 0.649525 0.179000 0.076740 0.107000
1 0.872627 0.267000 0.113133 0.140000
1 0.524525 0.140000 0.062500 0.083000
1 0.559335 0.115000 0.057753 0.083000
1 0.272943 0.473000 0.069620 0.164000
1 0.597310 0.092000 0.053006 0.090000
1 0.518196 0.042000 0.037184 0.069000
1 0.467563 0.045000 0.037975 0.066000
