1 0.156701 0.099822 0.049485 0.061497
1 0.296907 0.163102 0.053608 0.078431
1 0.889691 0.418004 0.131959 0.172906
1 0.652577 0.300357 0.077320 0.107843
1 0.555670 0.310160 0.081443 0.109626
1 0.130928 0.311052 0.089691 0.114082
1 0.251546 0.306595 0.077320 0.103387
1 0.039175 0.238859 0.077320 0.078431
1 0.030155 0.145276 0.060309 0.069519
1 0.224742 0.478610 0.108247 0.154189
2 0.659794 0.189840 0.070103 0.103387
2 0.758763 0.149733 0.062887 0.090909
1 0.667010 0.149733 0.057732 0.065062
1 0.042526 0.497326 0.085052 0.154189
1 0.497938 0.146168 0.049485 0.078431
1 0.561856 0.100713 0.040206 0.055258
