1 0.912800 0.223340 0.148000 0.142857
1 0.724000 0.130785 0.114400 0.133803
2 0.612000 0.080483 0.099200 0.116700
1 0.506400 0.045272 0.072800 0.088531
1 0.435200 0.031439 0.057600 0.062877
1 0.364000 0.461771 0.124800 0.207243
1 0.496000 0.090543 0.072800 0.095573
2 0.816800 0.691147 0.279200 0.422535
1 0.576800 0.479879 0.159200 0.219316
3 0.377600 0.129276 0.186400 0.258551
1 0.946400 0.440644 0.107200 0.226358
1 0.635200 0.378270 0.172800 0.179074
1 0.416800 0.332998 0.114400 0.159960
2 0.822400 0.462777 0.178400 0.262575
1 0.959200 0.651911 0.081600 0.197183
1 0.762400 0.315895 0.159200 0.152917
1 0.614400 0.230382 0.122400 0.137827
1 0.277600 0.176056 0.071200 0.123742
1 0.340000 0.253521 0.080800 0.126761
1 0.500000 0.157948 0.084000 0.140845
1 0.284000 0.103622 0.048800 0.083501
1 0.236800 0.073441 0.045600 0.066398
1 0.228000 0.137827 0.048000 0.092555
