1 0.493321 0.822864 0.140267 0.327889
1 0.267176 0.497487 0.083015 0.214824
1 0.414122 0.420854 0.083015 0.163317
1 0.503817 0.321608 0.063931 0.130653
1 0.291985 0.291457 0.067748 0.178392
1 0.373092 0.243719 0.057252 0.139447
1 0.296756 0.103015 0.037214 0.086683
1 0.347328 0.099246 0.034351 0.080402
1 0.079198 0.449749 0.096374 0.175879
1 0.028387 0.374372 0.056775 0.167085
1 0.001670 0.257538 0.003340 0.134422
1 0.068702 0.175879 0.065840 0.110553
1 0.011927 0.124372 0.023855 0.101759
1 0.361641 0.177136 0.048664 0.101759
2 0.385496 0.131910 0.041031 0.110553
3 0.481870 0.164573 0.155534 0.252513
