1 0.341406 0.294847 0.115625 0.145038
1 0.913281 0.769084 0.171094 0.296756
1 0.967969 0.375954 0.061719 0.130725
1 0.177344 0.167939 0.056250 0.108779
1 0.802344 0.268130 0.139844 0.130725
1 0.621094 0.174618 0.078906 0.104008
1 0.029688 0.214695 0.059375 0.124046
1 0.210156 0.299618 0.117969 0.135496
1 0.151563 0.380725 0.132031 0.160305
1 0.621094 0.244275 0.127344 0.124046
1 0.525000 0.224237 0.122656 0.130725
1 0.514062 0.593511 0.225000 0.230916
1 0.153906 0.583015 0.169531 0.249046
1 0.332031 0.165076 0.110156 0.120229
1 0.383594 0.107824 0.068750 0.095420
1 0.353906 0.115458 0.094531 0.122137
1 0.572656 0.850906 0.280469 0.298187
1 0.905469 0.942987 0.186719 0.114027
1 0.197656 0.079198 0.067969 0.099237
