1 0.637993 0.257867 0.056452 0.080420
1 0.256272 0.113636 0.031362 0.054196
1 0.452509 0.326049 0.076165 0.140734
1 0.355735 0.119755 0.031362 0.049825
2 0.572581 0.283217 0.072581 0.159965
1 0.273297 0.173951 0.043011 0.074301
1 0.350358 0.153846 0.038530 0.060315
1 0.500000 0.714161 0.124552 0.252622
1 0.201613 0.257867 0.064516 0.087413
1 0.189068 0.326049 0.081541 0.119755
1 0.488351 0.203671 0.046595 0.070804
1 0.542115 0.188811 0.042115 0.060315
1 0.425627 0.142483 0.031362 0.049825
1 0.103943 0.503497 0.114695 0.167832
1 0.492832 0.123252 0.031362 0.048077
1 0.450717 0.093531 0.025090 0.045455
1 0.411290 0.107517 0.027778 0.039336
3 0.187276 0.157343 0.092294 0.145105
3 0.300179 0.110140 0.052867 0.124126
