1 0.745336 0.170195 0.036381 0.040717
1 0.223881 0.473941 0.096082 0.111563
1 0.225746 0.699511 0.138993 0.187296
2 0.708955 0.260586 0.041978 0.077362
1 0.803172 0.254886 0.052239 0.059446
1 0.851679 0.222313 0.044776 0.056189
2 0.399254 0.343648 0.081157 0.157980
1 0.826493 0.316775 0.059701 0.074919
1 0.913246 0.210912 0.048507 0.053746
1 0.928172 0.310261 0.062500 0.073290
1 0.752799 0.469870 0.082090 0.127036
1 0.537313 0.255700 0.048507 0.077362
1 0.479478 0.250814 0.044776 0.063518
1 0.396455 0.239414 0.048507 0.057818
1 0.493470 0.219055 0.037313 0.044788
1 0.446828 0.192182 0.034515 0.050489
1 0.409515 0.178339 0.034515 0.042345
1 0.992771 0.310261 0.014459 0.073290
1 0.573694 0.184853 0.033582 0.044788
1 0.484142 0.411238 0.075560 0.108306
