0 0.667671 0.816629 0.377510 0.366743
1 0.886546 0.105923 0.077309 0.072893
1 0.938755 0.076310 0.067269 0.072893
3 0.437751 0.215262 0.468875 0.264237
3 0.138052 0.411162 0.276104 0.396355
1 0.795181 0.083143 0.108434 0.064920
1 0.774096 0.130979 0.109438 0.102506
1 0.720884 0.112756 0.085341 0.086560
1 0.563253 0.127563 0.085341 0.072893
1 0.577309 0.164009 0.081325 0.092255
1 0.589357 0.112756 0.083333 0.075171
1 0.045432 0.748292 0.090863 0.220957
1 0.313253 0.143508 0.095382 0.078588
1 0.350402 0.186788 0.116466 0.110478
1 0.284137 0.543280 0.193775 0.181093
1 0.929719 0.052392 0.076305 0.070615
1 0.337349 0.420273 0.131526 0.143508
1 0.370482 0.215262 0.089357 0.110478
1 0.139558 0.178815 0.117470 0.088838
1 0.673695 0.431663 0.184739 0.143508
1 0.119478 0.150342 0.119478 0.083143
3 0.885291 0.127563 0.229418 0.202733
