3 0.599520 0.182927 0.206235 0.160413
1 0.737410 0.504690 0.169065 0.162289
1 0.932554 0.536585 0.134892 0.155722
1 0.574341 0.393058 0.129496 0.106942
1 0.775779 0.276735 0.101918 0.075985
1 0.896882 0.329268 0.135492 0.090994
1 0.633094 0.333959 0.130695 0.090994
1 0.466427 0.200750 0.070743 0.066604
1 0.992506 0.400563 0.014988 0.106942
1 0.476019 0.255159 0.097122 0.071295
2 0.544364 0.221388 0.101918 0.086304
1 0.571942 0.506567 0.154676 0.153846
1 0.408873 0.359287 0.106715 0.104128
2 0.630695 0.260788 0.092326 0.084428
1 0.464029 0.311445 0.101918 0.086304
1 0.285372 0.287993 0.094724 0.084428
2 0.096523 0.702627 0.193046 0.206379
2 0.362110 0.230769 0.134293 0.121951
1 0.315348 0.824578 0.375300 0.228893
1 0.248201 0.215760 0.082734 0.068480
1 0.214628 0.239212 0.085132 0.075985
1 0.972122 0.442777 0.055755 0.106942
1 0.121103 0.210131 0.077938 0.060038
1 0.184652 0.176360 0.086331 0.058161
