1 0.473435 0.265116 0.124288 0.225581
1 0.560721 0.127907 0.091082 0.168605
1 0.675522 0.045349 0.087286 0.090698
1 0.735294 0.007558 0.063567 0.015116
1 0.377609 0.219767 0.117647 0.176744
1 0.472486 0.122093 0.099620 0.126744
1 0.560721 0.040698 0.082543 0.081395
1 0.630930 0.011337 0.065465 0.022674
1 0.227704 0.250000 0.144212 0.162791
3 0.388046 0.104070 0.240038 0.208140
1 0.562619 0.010174 0.073055 0.020349
1 0.365275 0.046802 0.090133 0.093605
1 0.429791 0.020349 0.082543 0.040698
1 0.124288 0.173256 0.140417 0.124419
1 0.100569 0.131395 0.126186 0.118605
1 0.232448 0.056977 0.084440 0.102326
1 0.334915 0.025872 0.086338 0.051744
1 0.541746 0.593023 0.242884 0.223256
1 0.880455 0.748837 0.239089 0.269767
1 0.469639 0.824419 0.302657 0.269767
1 0.061433 0.643023 0.122865 0.223256
