0 0.310469 0.222763 0.168773 0.198444
2 0.114621 0.234436 0.089350 0.110895
1 0.333032 0.357004 0.094765 0.101167
1 0.207581 0.326848 0.080325 0.107977
1 0.975632 0.446498 0.048736 0.115759
3 0.587545 0.312257 0.317690 0.322957
1 0.811372 0.399805 0.114621 0.136187
1 0.528881 0.475681 0.129964 0.136187
2 0.351083 0.436770 0.093863 0.159533
1 0.901625 0.381323 0.112816 0.126459
1 0.807762 0.305447 0.098375 0.110895
1 0.710289 0.288911 0.078520 0.104086
1 0.504513 0.637160 0.139892 0.179961
1 0.892148 0.879864 0.215704 0.240272
1 0.714801 0.232490 0.072202 0.089494
1 0.625451 0.220817 0.064982 0.085603
3 0.981047 0.635214 0.037906 0.322957
