1 0.106285 0.352310 0.156192 0.119637
1 0.339187 0.273102 0.121072 0.099835
2 0.493531 0.223597 0.096118 0.082508
1 0.598891 0.200495 0.073937 0.062706
1 0.670055 0.179043 0.059150 0.047030
1 0.825323 0.410891 0.091497 0.111386
2 0.158503 0.754951 0.317006 0.349835
1 0.434381 0.584983 0.184843 0.181518
3 0.661738 0.292904 0.211645 0.218647
1 0.036044 0.550330 0.072089 0.183993
1 0.368762 0.500000 0.198706 0.152640
1 0.621072 0.455446 0.133087 0.131188
2 0.154344 0.570132 0.206100 0.222772
1 0.019408 0.730198 0.038817 0.175743
1 0.219963 0.453795 0.182070 0.135314
1 0.390943 0.376238 0.145102 0.109736
1 0.780961 0.328383 0.085028 0.105611
1 0.708872 0.387789 0.093346 0.099835
1 0.526802 0.313531 0.095194 0.109736
1 0.779113 0.264026 0.048983 0.060231
1 0.826248 0.242574 0.052680 0.056931
1 0.842884 0.290429 0.056377 0.070132
