1 0.959120 0.444084 0.081761 0.081037
1 0.960692 0.504862 0.078616 0.105348
1 0.240566 0.217990 0.051101 0.042139
1 0.330975 0.227715 0.036950 0.046191
1 0.290094 0.248784 0.038522 0.063209
1 0.698899 0.371961 0.095126 0.088331
1 0.802673 0.366288 0.102987 0.102107
1 0.359277 0.258509 0.040880 0.055916
1 0.676887 0.314425 0.073113 0.071313
1 0.377358 0.307131 0.044025 0.076985
1 0.307390 0.289303 0.038522 0.063209
1 0.585692 0.302269 0.068396 0.071313
1 0.571541 0.265802 0.065252 0.059157
1 0.609277 0.258509 0.058962 0.059157
1 0.323113 0.358995 0.044811 0.076985
1 0.503931 0.268233 0.050314 0.061588
1 0.406447 0.470827 0.062893 0.111021
2 0.269654 0.562399 0.082547 0.190438
1 0.502359 0.225284 0.040880 0.057536
1 0.554245 0.222042 0.041667 0.059157
1 0.416667 0.697731 0.084119 0.186386
3 0.878931 0.739870 0.242138 0.487844
