1 0.667488 0.114020 0.035304 0.065878
1 0.610016 0.138514 0.043514 0.081926
1 0.747947 0.139358 0.049261 0.068412
1 0.623974 0.211149 0.050082 0.090372
1 0.721675 0.211149 0.056650 0.090372
1 0.769294 0.338682 0.084565 0.146115
1 0.898194 0.347128 0.097701 0.140203
1 0.744663 0.587838 0.128900 0.210304
1 0.329228 0.204392 0.045977 0.081926
1 0.054392 0.857897 0.108785 0.284206
2 0.312808 0.476351 0.101806 0.228041
1 0.500821 0.360642 0.072250 0.141892
1 0.447455 0.162162 0.045156 0.076014
1 0.518062 0.159628 0.045156 0.086149
1 0.523810 0.108108 0.035304 0.065878
1 0.490148 0.047297 0.030378 0.043919
