1 0.996055 0.305600 0.007890 0.051200
1 0.566445 0.925000 0.112957 0.150000
1 0.393688 0.940000 0.127076 0.120000
1 0.199336 0.932000 0.132890 0.136000
1 0.044020 0.946400 0.088040 0.107200
1 0.560631 0.748800 0.086379 0.159200
1 0.417774 0.752000 0.089701 0.159200
1 0.274917 0.777600 0.108804 0.170400
1 0.113787 0.805600 0.118771 0.167200
1 0.046927 0.726400 0.093854 0.148000
1 0.450997 0.592800 0.079734 0.144000
1 0.323090 0.648800 0.079734 0.128800
1 0.181894 0.659200 0.095515 0.167200
1 0.352990 0.564000 0.067276 0.104000
1 0.254983 0.566400 0.070598 0.106400
1 0.367940 0.499200 0.058970 0.092800
1 0.293189 0.484800 0.059801 0.085600
1 0.397010 0.442400 0.050664 0.068000
1 0.316445 0.437600 0.046512 0.066400
1 0.393688 0.396000 0.042359 0.060800
1 0.328073 0.393600 0.042359 0.064800
1 0.351329 0.365600 0.042359 0.060800
1 0.369601 0.335200 0.034053 0.056800
3 0.416113 0.320000 0.063953 0.131200
3 0.122093 0.520800 0.238372 0.307200
3 0.231728 0.387200 0.109635 0.174400
3 0.284884 0.321600 0.082226 0.131200
3 0.343023 0.268000 0.088870 0.124800
3 0.426910 0.272000 0.049834 0.102400
1 0.950166 0.330400 0.046512 0.058400
3 0.147010 0.367200 0.148671 0.167200
