1 0.316248 0.854305 0.171180 0.235099
1 0.167311 0.699779 0.112186 0.175497
1 0.090909 0.628035 0.088008 0.141280
1 0.029497 0.559603 0.058994 0.125828
3 0.075677 0.445916 0.151354 0.198675
1 0.148936 0.558499 0.086074 0.118102
3 0.430368 0.713576 0.510638 0.572848
3 0.866779 0.874172 0.266441 0.251656
1 0.994439 0.883554 0.011122 0.232892
1 0.509671 0.572848 0.112186 0.112583
1 0.381044 0.525386 0.108317 0.118102
3 0.340426 0.410596 0.202128 0.227373
1 0.525145 0.517660 0.117021 0.131347
1 0.705029 0.594923 0.151837 0.162252
1 0.919246 0.690949 0.161509 0.196468
3 0.995164 0.590508 0.009671 0.298013
1 0.805609 0.554084 0.150870 0.146799
1 0.600580 0.482340 0.112186 0.131347
3 0.449710 0.387417 0.207930 0.209713
