1 0.835453 0.773109 0.285374 0.348739
1 0.812401 0.551471 0.237679 0.271008
1 0.449126 0.397059 0.162957 0.194328
1 0.245628 0.296219 0.104134 0.154412
1 0.070747 0.259454 0.101749 0.105042
1 0.041335 0.224790 0.073132 0.105042
2 0.825119 0.386555 0.220191 0.274160
1 0.595389 0.327731 0.145469 0.183824
1 0.438792 0.255252 0.129571 0.156513
1 0.313990 0.222689 0.104134 0.127101
1 0.226550 0.204832 0.085056 0.107143
1 0.160572 0.180672 0.065978 0.096639
1 0.099364 0.171218 0.058029 0.096639
1 0.942170 0.230042 0.115660 0.163866
1 0.915739 0.327731 0.168522 0.193277
1 0.058824 0.147059 0.050079 0.089286
1 0.720191 0.258403 0.149444 0.172269
1 0.664547 0.171218 0.134340 0.147059
1 0.493641 0.195378 0.112083 0.134454
1 0.958665 0.099790 0.082671 0.119748
1 0.643084 0.072479 0.104134 0.105042
1 0.437997 0.051471 0.077106 0.081933
1 0.658982 0.035452 0.091415 0.070903
1 0.265501 0.040441 0.060413 0.080882
1 0.476948 0.026523 0.077107 0.053046
1 0.189189 0.034664 0.050874 0.059874
2 0.230525 0.022321 0.056439 0.044643
