1 0.029261 0.176600 0.058522 0.151214
1 0.584189 0.020143 0.049281 0.040287
1 0.497947 0.108168 0.065708 0.110375
3 0.752567 0.025386 0.107803 0.050773
1 0.766940 0.192053 0.082136 0.141280
1 0.645791 0.266004 0.087269 0.146799
3 0.222793 0.139073 0.164271 0.278146
3 0.946869 0.367550 0.106263 0.555188
1 0.386037 0.053256 0.058522 0.106512
1 0.101643 0.057395 0.068789 0.091611
1 0.169405 0.005519 0.046201 0.011038
1 0.815195 0.892936 0.238193 0.214128
0 0.969456 0.798013 0.061088 0.403974
1 0.335729 0.018212 0.050308 0.036424
