1 0.942759 0.352878 0.114482 0.186567
2 0.779126 0.260128 0.125405 0.154584
1 0.542880 0.171642 0.074434 0.086354
1 0.473301 0.142857 0.055016 0.075693
1 0.533172 0.226013 0.072006 0.108742
2 0.856796 0.814232 0.281553 0.371535
1 0.613269 0.635394 0.162621 0.237740
3 0.410194 0.264392 0.190129 0.280384
1 0.968649 0.591684 0.062702 0.239872
1 0.669903 0.526652 0.168285 0.197228
1 0.449838 0.480810 0.117314 0.169510
2 0.862460 0.623667 0.180421 0.293177
1 0.978964 0.814499 0.042071 0.204691
1 0.834142 0.487207 0.167476 0.182303
1 0.651294 0.369936 0.123786 0.141791
1 0.308252 0.315565 0.072006 0.134328
1 0.372977 0.391258 0.083333 0.136461
1 0.535599 0.293177 0.086570 0.134328
1 0.312298 0.231343 0.045307 0.075693
1 0.268608 0.206823 0.042071 0.070362
1 0.258900 0.276119 0.048544 0.093817
