1 0.025208 0.994129 0.050416 0.011742
1 0.074584 0.866683 0.149168 0.266634
1 0.167360 0.693738 0.107069 0.196673
1 0.716216 0.942270 0.163202 0.115460
1 0.500000 0.896526 0.138254 0.206947
1 0.222453 0.936399 0.191268 0.127202
1 0.511435 0.689824 0.117464 0.204501
1 0.703742 0.805284 0.124740 0.227006
1 0.246362 0.527397 0.116424 0.181018
1 0.308732 0.781800 0.158004 0.257339
1 0.079002 0.354207 0.094595 0.106654
1 0.735967 0.179061 0.062370 0.088063
2 0.375260 0.305284 0.074844 0.130137
2 0.140333 0.234834 0.050936 0.094912
1 0.849272 0.253425 0.063410 0.090020
1 0.558212 0.206458 0.044699 0.079256
