1 0.249126 0.201562 0.028846 0.035156
1 0.444056 0.924219 0.125000 0.151562
1 0.630245 0.957031 0.122378 0.085156
1 0.450175 0.719531 0.091783 0.164844
1 0.612762 0.771094 0.101399 0.178125
1 0.569056 0.578125 0.088287 0.150000
1 0.742133 0.725000 0.107517 0.166406
1 0.973558 0.920313 0.052885 0.159375
1 0.692308 0.588281 0.083916 0.124219
1 0.826923 0.625781 0.098776 0.133594
1 0.664336 0.493750 0.070804 0.100000
1 0.759615 0.507031 0.074301 0.101562
1 0.626748 0.425781 0.055944 0.074219
1 0.714161 0.421094 0.052448 0.074219
1 0.628497 0.375000 0.048077 0.066406
1 0.694056 0.375000 0.045455 0.066406
1 0.668706 0.345313 0.041084 0.060938
1 0.652098 0.314844 0.038462 0.059375
3 0.604895 0.300781 0.069930 0.136719
3 0.962194 0.676562 0.075612 0.363281
3 0.861888 0.436719 0.165210 0.221875
3 0.750000 0.314062 0.097902 0.131250
3 0.680070 0.249219 0.095280 0.125781
3 0.592657 0.243750 0.048951 0.081250
1 0.022509 0.314844 0.045017 0.050000
0 0.593531 0.219531 0.077797 0.066406
1 0.079545 0.486719 0.104895 0.090625
