1 0.238382 0.719165 0.154045 0.285579
1 0.021730 0.304554 0.043460 0.108159
1 0.742685 0.730550 0.216007 0.310247
1 0.302065 0.321632 0.090361 0.126186
1 0.020009 0.120493 0.040017 0.072106
1 0.422547 0.209677 0.075732 0.076850
1 0.518072 0.172676 0.076592 0.094877
1 0.320138 0.112903 0.050775 0.062619
1 0.395869 0.073055 0.047332 0.052182
1 0.390706 0.106262 0.055077 0.062619
1 0.301205 0.067362 0.044750 0.054080
1 0.145439 0.047438 0.034423 0.042694
1 0.205680 0.026565 0.031842 0.047438
1 0.943417 0.360531 0.113167 0.123340
