1 0.023946 0.397781 0.047893 0.126783
1 0.246169 0.328843 0.140805 0.094295
1 0.426245 0.272583 0.111111 0.091918
2 0.559387 0.232171 0.090996 0.075277
1 0.653257 0.211569 0.071839 0.057845
1 0.727969 0.194136 0.058429 0.049128
1 0.122605 0.429477 0.199234 0.129952
2 0.182950 0.751189 0.333333 0.332805
1 0.469349 0.582409 0.194444 0.172742
3 0.705939 0.305864 0.222222 0.209984
1 0.062979 0.546751 0.125958 0.193344
1 0.401341 0.505547 0.203065 0.150555
1 0.661877 0.463550 0.140805 0.129952
2 0.177203 0.568146 0.214559 0.206815
1 0.029694 0.728209 0.059387 0.171157
1 0.248084 0.459588 0.187740 0.133122
1 0.425287 0.383518 0.149425 0.110935
1 0.828544 0.339937 0.085249 0.101426
1 0.751916 0.397781 0.095785 0.101426
1 0.579502 0.318542 0.084291 0.095880
1 0.826628 0.278130 0.045977 0.060222
1 0.874521 0.259905 0.050766 0.061807
1 0.924329 0.280507 0.050766 0.064184
