1 0.180608 0.356911 0.156844 0.126829
1 0.396388 0.304878 0.109316 0.082927
1 0.597909 0.236585 0.076996 0.071545
1 0.319392 0.866057 0.305133 0.267886
1 0.845057 0.449594 0.103612 0.117886
2 0.711977 0.200813 0.063688 0.056098
1 0.478137 0.311382 0.088403 0.077236
2 0.180608 0.776423 0.329848 0.339024
1 0.461977 0.605691 0.187262 0.182927
3 0.697719 0.317886 0.220532 0.217886
1 0.065589 0.578862 0.131179 0.217886
1 0.514259 0.486179 0.187262 0.119512
1 0.772814 0.399187 0.095057 0.105691
2 0.168251 0.599187 0.209125 0.217886
1 0.024477 0.759350 0.048954 0.177236
1 0.270913 0.473171 0.181559 0.130894
1 0.455323 0.393496 0.139734 0.115447
1 0.858365 0.276423 0.054182 0.069106
1 0.879278 0.330081 0.068441 0.074797
