1 0.235880 0.429612 0.140365 0.141586
1 0.072259 0.347896 0.088870 0.107605
1 0.979236 0.589806 0.041528 0.166667
2 0.784884 0.483010 0.215947 0.241909
1 0.532392 0.419094 0.171927 0.149676
2 0.367940 0.355178 0.125415 0.155340
1 0.236711 0.330097 0.112957 0.105178
3 0.107973 0.267799 0.191860 0.174757
1 0.025125 0.268608 0.050249 0.072816
1 0.839701 0.270227 0.158638 0.130259
1 0.539867 0.275081 0.137043 0.109223
1 0.343854 0.281553 0.126246 0.101942
1 0.321429 0.190939 0.092193 0.082524
1 0.092193 0.169094 0.049834 0.046117
1 0.980897 0.184466 0.038206 0.100324
1 0.869601 0.185275 0.132890 0.096278
1 0.715116 0.165858 0.118771 0.086570
1 0.572259 0.153722 0.100498 0.072816
3 0.389535 0.110032 0.196013 0.132686
1 0.921096 0.148867 0.132060 0.084142
1 0.761628 0.139159 0.110465 0.074434
1 0.627076 0.124595 0.099668 0.068770
1 0.500831 0.110032 0.082226 0.065534
1 0.206811 0.105178 0.046512 0.044498
1 0.186877 0.129450 0.055648 0.047735
1 0.156977 0.103560 0.042359 0.042071
