0 0.487207 0.639966 0.400853 0.271501
1 0.211087 0.100337 0.092751 0.059865
1 0.169510 0.087690 0.086354 0.061551
3 0.815299 0.222597 0.369403 0.199831
1 0.252665 0.096965 0.099147 0.058179
1 0.318763 0.125632 0.094883 0.065767
1 0.401919 0.116358 0.106610 0.064081
1 0.530917 0.130691 0.094883 0.058179
1 0.555437 0.152614 0.122601 0.074199
1 0.517058 0.115514 0.097015 0.064081
1 0.764392 0.127319 0.103411 0.048061
1 0.745203 0.156830 0.106610 0.075885
1 0.972548 0.493255 0.054904 0.144182
1 0.118337 0.081788 0.088486 0.052277
1 0.962953 0.389545 0.074094 0.112142
1 0.733475 0.170320 0.082090 0.075885
1 0.938166 0.164418 0.122601 0.075885
1 0.662047 0.403035 0.216418 0.129848
1 0.978145 0.149241 0.043710 0.071669
3 0.325160 0.145868 0.393390 0.163575
