1 0.499081 0.538596 0.209559 0.195614
1 0.034007 0.557018 0.068015 0.201754
2 0.386949 0.403509 0.182904 0.201754
1 0.725184 0.322807 0.128676 0.118421
3 0.891314 0.248246 0.217371 0.191228
1 0.980469 0.248246 0.039062 0.078947
2 0.109605 0.390351 0.219210 0.228947
1 0.359375 0.337719 0.165441 0.147368
1 0.537684 0.278070 0.147978 0.128947
1 0.682904 0.248246 0.120404 0.101754
1 0.781250 0.230702 0.084559 0.085088
1 0.874081 0.203509 0.069853 0.068421
1 0.969669 0.197368 0.057904 0.071053
1 0.462316 0.191228 0.116728 0.093860
1 0.504596 0.236842 0.136949 0.112281
1 0.982307 0.187719 0.035386 0.060526
1 0.793199 0.167544 0.072610 0.066667
1 0.050322 0.150877 0.100643 0.106140
1 0.195772 0.141228 0.135110 0.089474
1 0.364890 0.125439 0.111213 0.080702
3 0.555147 0.072807 0.227941 0.136842
1 0.026195 0.120175 0.052390 0.095614
1 0.170037 0.092105 0.129596 0.083333
1 0.342831 0.089474 0.102022 0.072807
1 0.704044 0.100000 0.077206 0.062281
1 0.476103 0.079825 0.092831 0.074561
1 0.785846 0.100000 0.063419 0.050000
1 0.716912 0.077193 0.054228 0.045614
1 0.846507 0.090351 0.047794 0.050000
1 0.786765 0.066667 0.052390 0.054386
