3 0.367204 0.567416 0.734407 0.538523
0 0.858628 0.369984 0.231809 0.249599
1 0.975832 0.367576 0.048337 0.104334
1 0.071466 0.360353 0.142931 0.140449
1 0.341996 0.304173 0.204782 0.121990
1 0.020790 0.303371 0.041580 0.125201
3 0.635135 0.215088 0.352391 0.194222
3 0.329522 0.200642 0.431393 0.222311
1 0.863825 0.219101 0.091476 0.072231
3 0.795218 0.168539 0.249480 0.142857
1 0.952183 0.214286 0.091476 0.066613
3 0.955821 0.146870 0.088358 0.097111
2 0.192308 0.486356 0.266112 0.234350
1 0.506237 0.424559 0.216216 0.150080
2 0.711019 0.353933 0.156965 0.144462
1 0.876299 0.333066 0.140333 0.104334
3 0.957900 0.267255 0.084200 0.176565
