1 0.738255 0.994444 0.152125 0.011111
1 0.244966 0.997222 0.183445 0.005555
1 0.734899 0.862963 0.117450 0.184259
1 0.540268 0.867593 0.120805 0.175926
1 0.347875 0.891667 0.144295 0.200000
1 0.131991 0.917130 0.162192 0.165741
1 0.050895 0.844444 0.101790 0.171296
1 0.583893 0.683333 0.107383 0.166667
1 0.411633 0.744444 0.107383 0.144445
1 0.222595 0.756481 0.134228 0.190741
1 0.450783 0.650000 0.093960 0.118519
1 0.318792 0.649074 0.097315 0.126852
1 0.472036 0.575000 0.081656 0.100926
1 0.373602 0.561111 0.081656 0.096296
1 0.515660 0.507407 0.063758 0.085185
1 0.402685 0.501852 0.065996 0.083333
1 0.506711 0.459259 0.052573 0.078704
1 0.420582 0.459259 0.058166 0.075000
1 0.453020 0.420370 0.050336 0.067593
1 0.477629 0.384259 0.053691 0.065741
3 0.539150 0.375926 0.092841 0.158333
3 0.151566 0.600926 0.303132 0.353704
3 0.289709 0.444444 0.142058 0.201852
3 0.364653 0.367593 0.090604 0.153704
3 0.440716 0.301852 0.111857 0.144444
3 0.533557 0.259259 0.088367 0.089815
1 0.293065 0.353704 0.039150 0.046296
1 0.293065 0.313889 0.044743 0.048148
1 0.238255 0.406481 0.059284 0.057407
