1 0.115242 0.665281 0.101301 0.167360
1 0.168216 0.797297 0.133829 0.244283
1 0.632900 0.252599 0.033457 0.064449
1 0.438662 0.486486 0.067844 0.125780
2 0.339219 0.425156 0.078996 0.201663
2 0.331784 0.304574 0.043680 0.091476
2 0.393123 0.351351 0.045539 0.103950
1 0.487918 0.313929 0.043680 0.084200
1 0.414498 0.291060 0.038104 0.068607
1 0.385688 0.237006 0.039963 0.066528
1 0.328067 0.226611 0.037175 0.068607
2 0.816914 0.951143 0.193309 0.097713
1 0.509294 0.224532 0.033457 0.061331
1 0.454461 0.220374 0.029740 0.057173
