0 0.643608 0.253359 0.084063 0.129559
1 0.373905 0.223608 0.041156 0.077735
1 0.366900 0.157390 0.035902 0.054703
1 0.398424 0.096929 0.035026 0.043186
1 0.426445 0.115163 0.035902 0.054703
1 0.421191 0.079655 0.037653 0.041267
2 0.339755 0.115163 0.039405 0.063340
2 0.308231 0.150672 0.037653 0.070058
1 0.363398 0.103647 0.038529 0.043186
1 0.107706 0.260077 0.079685 0.070058
1 0.126970 0.177543 0.063923 0.059501
2 0.337128 0.089251 0.035026 0.047985
1 0.018608 0.297505 0.037215 0.077735
1 0.462347 0.084453 0.034151 0.043186
