1 0.745940 0.025047 0.045244 0.050094
1 0.903712 0.030197 0.047564 0.060393
1 0.852668 0.088951 0.059165 0.088951
1 0.771462 0.118914 0.070766 0.097378
1 0.967807 0.118914 0.064385 0.084270
1 0.792343 0.218165 0.082367 0.111423
1 0.943155 0.218165 0.091647 0.111423
1 0.979408 0.395131 0.041183 0.191011
1 0.950406 0.784644 0.099188 0.293071
1 0.363109 0.160112 0.075406 0.088951
1 0.073956 0.746255 0.147912 0.264045
2 0.388631 0.374532 0.124130 0.217229
1 0.416473 0.109551 0.102088 0.064607
1 0.621810 0.256554 0.084687 0.126404
1 0.545244 0.102996 0.063805 0.082397
1 0.639211 0.094569 0.056845 0.079588
1 0.643851 0.040262 0.045244 0.058052
