1 0.865019 0.168103 0.031369 0.048491
1 0.645437 0.881466 0.099810 0.229526
1 0.467681 0.914871 0.110266 0.170259
1 0.516160 0.685345 0.097909 0.206897
1 0.328897 0.886584 0.115019 0.226832
1 0.382129 0.701509 0.091255 0.171336
1 0.236692 0.750000 0.106464 0.181035
1 0.412548 0.570043 0.076996 0.137931
1 0.308935 0.588362 0.080798 0.137931
1 0.453422 0.476293 0.060837 0.102371
1 0.358365 0.469828 0.057034 0.102371
1 0.451521 0.407328 0.053232 0.096983
1 0.380228 0.407328 0.049430 0.091595
1 0.407795 0.366379 0.044677 0.081897
1 0.426806 0.324353 0.041825 0.084052
3 0.477186 0.306034 0.076046 0.191810
3 0.066065 0.785560 0.132129 0.428879
3 0.198669 0.491379 0.177757 0.303879
3 0.320342 0.323276 0.107414 0.178879
3 0.396388 0.233836 0.105513 0.173491
3 0.491445 0.226293 0.053232 0.112069
0 0.488593 0.192888 0.084601 0.091595
1 0.997861 0.567888 0.004278 0.125000
