1 0.250495 0.522613 0.060396 0.067839
1 0.313861 0.512563 0.060396 0.079564
1 0.192079 0.579564 0.066337 0.083752
3 0.029208 0.972362 0.058416 0.055276
1 0.272277 0.554439 0.079208 0.071189
1 0.466337 0.929648 0.129703 0.140704
3 0.160396 0.721943 0.221782 0.333333
1 0.376238 0.526801 0.068317 0.077052
1 0.393069 0.457286 0.072277 0.059464
1 0.434653 0.809883 0.103960 0.154941
1 0.646535 0.833333 0.131683 0.180905
1 0.424752 0.711893 0.084158 0.111390
1 0.442574 0.597152 0.067327 0.092965
2 0.460396 0.489112 0.046535 0.079564
1 0.533663 0.549414 0.060396 0.083752
1 0.558416 0.491625 0.050495 0.077052
1 0.585149 0.465662 0.048515 0.067839
