1 0.611632 0.121212 0.060037 0.042088
1 0.479362 0.148148 0.060976 0.043771
1 0.540338 0.154882 0.075985 0.047980
0 0.738274 0.250842 0.086304 0.119529
1 0.942073 0.648990 0.115854 0.243266
1 0.798311 0.543771 0.098499 0.167508
1 0.783302 0.410774 0.085366 0.123737
1 0.815197 0.306397 0.074109 0.107744
1 0.860225 0.244108 0.055347 0.079966
1 0.874531 0.842593 0.250938 0.227273
1 0.092871 0.322391 0.120075 0.084175
1 0.486867 0.207912 0.092871 0.069865
1 0.924015 0.188552 0.055347 0.068182
1 0.495310 0.788721 0.233584 0.193603
1 0.165103 0.230640 0.085366 0.053872
1 0.791745 0.155724 0.079737 0.052189
2 0.018058 0.274411 0.036116 0.061448
1 0.033068 0.832492 0.066135 0.163300
