1 0.878261 0.106786 0.069565 0.082834
1 0.840870 0.078842 0.072174 0.077844
1 0.789565 0.159681 0.076522 0.091816
1 0.736522 0.118762 0.080870 0.084830
1 0.687826 0.240519 0.086957 0.115768
1 0.614783 0.201597 0.090435 0.099800
2 0.773043 0.044910 0.094783 0.084830
1 0.505217 0.286427 0.101739 0.120758
1 0.604348 0.353293 0.108696 0.139721
1 0.062609 0.266467 0.080870 0.120758
3 0.195652 0.229541 0.274783 0.371258
1 0.493043 0.187625 0.086957 0.089820
1 0.334783 0.513972 0.132174 0.174651
1 0.138261 0.803393 0.209565 0.255489
2 0.350435 0.100798 0.056522 0.115768
