1 0.041276 0.894366 0.082552 0.211268
1 0.189493 0.726526 0.147280 0.286385
1 0.248593 0.524648 0.090056 0.183099
0 0.292683 0.271127 0.087242 0.166667
1 0.188555 0.365023 0.075985 0.156103
1 0.522514 0.103286 0.038462 0.061033
1 0.364916 0.065728 0.048780 0.061033
1 0.950281 0.268779 0.083490 0.085681
3 0.506567 0.275822 0.242964 0.369718
1 0.503752 0.185446 0.056285 0.072770
1 0.493433 0.139671 0.060038 0.058685
1 0.571295 0.113850 0.041276 0.061033
1 0.793621 0.190141 0.068480 0.069249
1 0.809568 0.164319 0.062852 0.066901
1 0.686679 0.352113 0.102251 0.125587
1 0.698874 0.154930 0.067542 0.075117
1 0.694184 0.111502 0.051595 0.064554
1 0.863977 0.426056 0.120075 0.117371
1 0.535647 0.077465 0.032833 0.050469
