0 0.417407 0.671171 0.333925 0.303604
1 0.107460 0.062162 0.071048 0.055856
2 0.946048 0.397297 0.107904 0.172973
1 0.296625 0.083784 0.078153 0.059459
3 0.923401 0.280180 0.153197 0.264865
1 0.703375 0.273874 0.135879 0.098198
1 0.917629 0.506306 0.164742 0.166667
1 0.649201 0.339640 0.156305 0.121622
1 0.523091 0.109009 0.102131 0.055856
1 0.517762 0.136937 0.091474 0.074775
2 0.352576 0.208108 0.103908 0.098198
1 0.365009 0.281982 0.135879 0.093694
3 0.849245 0.139640 0.301510 0.164865
1 0.146536 0.135135 0.088810 0.068468
1 0.158970 0.226126 0.095915 0.102703
2 0.053286 0.164865 0.100355 0.093694
1 0.732682 0.127027 0.103908 0.072973
1 0.029973 0.110811 0.059947 0.065766
