1 0.264172 0.072842 0.098639 0.057554
2 0.426304 0.084532 0.104308 0.057554
1 0.490930 0.125000 0.103175 0.051259
1 0.611111 0.122302 0.098639 0.051259
1 0.651927 0.149281 0.103175 0.051259
1 0.739229 0.151978 0.090703 0.051259
1 0.845805 0.186151 0.119048 0.059353
0 0.073696 0.191547 0.105442 0.132194
1 0.012188 0.479317 0.024376 0.200540
1 0.028628 0.324640 0.057256 0.116906
3 0.961168 0.256295 0.077664 0.160072
1 0.230159 0.802158 0.353741 0.214928
1 0.602041 0.193345 0.123583 0.070144
1 0.855726 0.932779 0.288549 0.134442
1 0.023526 0.085432 0.047052 0.059353
1 0.965419 0.782374 0.069161 0.147482
