1 0.688662 0.990798 0.297398 0.018405
1 0.230483 0.762781 0.164498 0.222904
1 0.069703 0.595092 0.114312 0.157464
1 0.016496 0.526585 0.032993 0.130879
3 0.024396 0.357873 0.048792 0.184049
1 0.047398 0.464213 0.085502 0.111452
3 0.316915 0.609407 0.490706 0.537832
3 0.804833 0.819018 0.390335 0.361963
1 0.393123 0.475460 0.107807 0.104294
1 0.270446 0.432515 0.106877 0.111452
3 0.230483 0.325153 0.194238 0.210634
1 0.407993 0.424335 0.112454 0.121677
1 0.580855 0.495910 0.145911 0.150307
1 0.800186 0.584867 0.182156 0.182004
3 0.927509 0.491820 0.144981 0.276074
1 0.677509 0.458078 0.144981 0.135992
1 0.480483 0.391616 0.107807 0.121677
3 0.335502 0.303681 0.199814 0.194274
1 0.976998 0.677914 0.046004 0.143149
