1 0.028939 0.323843 0.057878 0.064947
1 0.451768 0.959297 0.109325 0.081406
1 0.618971 0.975979 0.122990 0.048043
1 0.807074 0.967082 0.128617 0.065836
1 0.957395 0.983096 0.085209 0.033808
1 0.457396 0.806050 0.083601 0.177046
1 0.595659 0.809609 0.086817 0.177046
1 0.733923 0.838078 0.105305 0.189502
1 0.889871 0.869217 0.114952 0.185943
1 0.954582 0.781139 0.090836 0.164591
1 0.563505 0.632562 0.077170 0.160142
1 0.687299 0.694840 0.077170 0.143238
1 0.823955 0.706406 0.092444 0.185943
1 0.658360 0.600534 0.065113 0.115658
1 0.753215 0.603203 0.068328 0.118327
1 0.643891 0.528470 0.057074 0.103203
1 0.716238 0.512456 0.057878 0.095196
1 0.615756 0.465303 0.049035 0.075623
1 0.693730 0.459964 0.045016 0.073843
1 0.618971 0.413701 0.040997 0.067616
1 0.682476 0.411032 0.040997 0.072064
1 0.659968 0.379893 0.040997 0.067616
1 0.642283 0.346085 0.032958 0.063167
3 0.597267 0.329181 0.061897 0.145907
3 0.881833 0.552491 0.230707 0.341637
3 0.775723 0.403915 0.106109 0.193950
3 0.724277 0.330961 0.079582 0.145907
3 0.668006 0.271352 0.086013 0.138790
3 0.586817 0.275801 0.048232 0.113879
0 0.126206 0.318505 0.049035 0.088968
1 0.440514 0.188612 0.019293 0.033808
1 0.272508 0.260676 0.028135 0.048932
1 0.035973 0.424377 0.071945 0.080071
3 0.661576 0.209075 0.066720 0.069395
1 0.190514 0.640569 0.093248 0.137011
