0 0.668495 0.207386 0.074451 0.127841
1 0.474138 0.071023 0.034483 0.049242
1 0.434169 0.077652 0.033699 0.044508
1 0.453762 0.053030 0.031348 0.044508
1 0.492947 0.050189 0.032132 0.049242
1 0.471787 0.036932 0.032132 0.040720
2 0.398903 0.071970 0.035266 0.060606
2 0.375392 0.090909 0.031348 0.065341
1 0.423981 0.054924 0.034483 0.044508
1 0.623041 0.036932 0.033699 0.040720
3 0.689655 0.058002 0.097962 0.116004
3 0.571317 0.039299 0.082288 0.078598
1 0.590125 0.071023 0.038401 0.049242
1 0.445925 0.141098 0.061912 0.060606
1 0.285266 0.101326 0.050940 0.053977
1 0.245298 0.107008 0.047806 0.053977
1 0.364420 0.067235 0.037618 0.047348
