1 0.050377 0.152866 0.100754 0.174098
1 0.251078 0.078556 0.126078 0.113588
1 0.484914 0.021497 0.093750 0.042994
1 0.124731 0.868365 0.249461 0.263270
1 0.734914 0.323779 0.136853 0.181529
1 0.265086 0.128450 0.116379 0.130573
2 0.106950 0.699575 0.213901 0.453291
1 0.345905 0.469214 0.211207 0.238854
3 0.615302 0.119692 0.251078 0.239384
1 0.369612 0.322718 0.219828 0.176221
1 0.689655 0.210191 0.112069 0.143312
2 0.068696 0.455414 0.137392 0.277070
1 0.136853 0.291932 0.203664 0.168790
1 0.342672 0.190021 0.156250 0.148620
1 0.802802 0.046178 0.060345 0.092357
1 0.801724 0.119958 0.081897 0.102972
1 0.490302 0.109342 0.112069 0.143312
