1 0.436290 0.315789 0.144355 0.103668
3 0.326613 0.559011 0.595968 0.535088
0 0.720968 0.362839 0.179839 0.248006
1 0.840323 0.360447 0.094355 0.103668
1 0.913710 0.314992 0.083065 0.094896
3 0.970565 0.260766 0.058871 0.151515
1 0.082863 0.353270 0.165726 0.139553
1 0.320161 0.297448 0.158871 0.121212
1 0.043548 0.296651 0.087097 0.124402
3 0.547581 0.208931 0.273387 0.192982
3 0.310484 0.194577 0.334677 0.220893
1 0.725000 0.212919 0.070968 0.071770
3 0.671774 0.162679 0.193548 0.141946
1 0.793548 0.208134 0.070968 0.066188
3 0.842742 0.141148 0.161290 0.096491
2 0.204032 0.478469 0.206452 0.232855
1 0.447581 0.417065 0.167742 0.149123
2 0.606452 0.346890 0.121774 0.143541
1 0.734677 0.326156 0.108871 0.103668
3 0.860484 0.260766 0.190323 0.175439
