1 0.654896 0.180868 0.034510 0.047428
1 0.713483 0.182476 0.035313 0.053055
1 0.664526 0.233923 0.042536 0.066720
1 0.782504 0.177653 0.037721 0.049839
1 0.840289 0.171222 0.032905 0.045820
1 0.809791 0.240354 0.052167 0.066720
1 0.777689 0.312701 0.055377 0.080386
2 0.354735 0.372990 0.086677 0.186495
1 0.699839 0.389871 0.073836 0.127814
2 0.857945 0.464630 0.096308 0.171222
1 0.947833 0.402733 0.077047 0.101286
1 0.963884 0.324759 0.070626 0.097267
1 0.793740 0.780547 0.125201 0.201769
2 0.418941 0.169614 0.031300 0.065113
