1 0.852606 0.664441 0.241042 0.282972
3 0.276059 0.387312 0.400651 0.350584
1 0.992671 0.581803 0.014658 0.171953
2 0.814332 0.469950 0.210912 0.249583
1 0.567590 0.404007 0.168567 0.154424
2 0.405537 0.336394 0.122964 0.158598
1 0.276873 0.312187 0.110749 0.108514
3 0.150651 0.247913 0.188925 0.180300
1 0.062704 0.247913 0.064332 0.075125
1 0.925285 0.419866 0.149430 0.177796
1 0.553746 0.196160 0.114007 0.085142
2 0.478827 0.284641 0.144137 0.138564
1 0.160423 0.194491 0.074919 0.079299
1 0.994300 0.162771 0.011401 0.102671
1 0.898208 0.161937 0.130293 0.099332
1 0.746743 0.141903 0.116450 0.089316
1 0.607492 0.130217 0.098534 0.076795
3 0.447068 0.083472 0.201140 0.140234
1 0.966612 0.128548 0.066775 0.076795
1 0.833062 0.116861 0.127850 0.083472
1 0.689739 0.101836 0.104235 0.076795
1 0.573290 0.082638 0.081433 0.067613
1 0.334691 0.082638 0.052932 0.060935
1 0.297231 0.108514 0.061889 0.053422
1 0.256515 0.083472 0.057818 0.047579
1 0.210912 0.101002 0.048046 0.045910
