1 0.570000 0.177138 0.066364 0.043630
2 0.520909 0.164049 0.073636 0.061955
1 0.459091 0.197208 0.087273 0.054101
2 0.411818 0.182373 0.076364 0.055846
1 0.360909 0.223386 0.082727 0.057592
1 0.297273 0.215532 0.079091 0.049738
1 0.260909 0.241710 0.083636 0.047993
1 0.199091 0.242583 0.073636 0.041012
1 0.070000 0.279232 0.095455 0.055846
0 0.730000 0.283595 0.086364 0.126527
1 0.841818 0.772251 0.275455 0.212914
1 0.907273 0.907941 0.185455 0.184119
1 0.787273 0.567190 0.106364 0.202443
1 0.786364 0.438918 0.082727 0.138743
1 0.823636 0.360384 0.068182 0.119546
1 0.845455 0.311518 0.065455 0.101222
1 0.881818 0.254799 0.058182 0.080279
1 0.903636 0.221640 0.058182 0.076789
1 0.916364 0.194590 0.047273 0.066318
1 0.471818 0.793194 0.265455 0.200698
1 0.359091 0.270506 0.094545 0.078534
1 0.098636 0.785340 0.197273 0.191972
1 0.810000 0.180628 0.083636 0.055846
