1 0.279626 0.262791 0.152807 0.173256
3 0.512474 0.001453 0.177755 0.002907
1 0.594595 0.094186 0.098753 0.126744
1 0.428274 0.136047 0.112266 0.138372
1 0.704782 0.025581 0.073805 0.051163
1 0.358628 0.034593 0.088358 0.069186
1 0.255717 0.090698 0.119543 0.104651
1 0.586279 0.029070 0.096674 0.058140
1 0.101871 0.181395 0.149688 0.129070
3 0.876299 0.877907 0.247401 0.244186
1 0.759875 0.051163 0.086279 0.102326
1 0.420998 0.608140 0.279626 0.229070
1 0.569647 0.883721 0.357588 0.232558
1 0.042360 0.656977 0.084719 0.220930
1 0.078482 0.885174 0.156965 0.229651
1 0.769231 0.690698 0.310811 0.273256
1 0.967775 0.511628 0.064449 0.215116
