1 0.806338 0.839000 0.159331 0.292000
1 0.588908 0.593000 0.092430 0.185000
2 0.418134 0.269000 0.106514 0.123000
1 0.543134 0.247000 0.043134 0.081000
2 0.532570 0.174000 0.030810 0.083000
1 0.576584 0.147000 0.032570 0.064000
1 0.934859 0.421000 0.094190 0.123000
1 0.832746 0.231000 0.044894 0.081000
1 0.754401 0.225000 0.043134 0.071000
1 0.752641 0.198000 0.048415 0.064000
1 0.756162 0.171000 0.050176 0.069000
1 0.713908 0.164000 0.038732 0.062000
1 0.719190 0.120000 0.035211 0.069000
2 0.692782 0.133000 0.034331 0.071000
1 0.675176 0.123000 0.031690 0.055000
1 0.654049 0.106000 0.030810 0.047000
1 0.691021 0.097000 0.031690 0.045000
1 0.943662 0.537000 0.112676 0.170000
1 0.556338 0.117000 0.027289 0.050000
3 0.979974 0.300000 0.040053 0.235000
