1 0.941561 0.090885 0.116877 0.181770
2 0.727437 0.027186 0.127256 0.054371
1 0.529783 0.020789 0.082130 0.041578
2 0.866652 0.616205 0.266697 0.449893
1 0.618231 0.396588 0.180505 0.237740
3 0.395307 0.085288 0.209386 0.170576
1 0.988267 0.350746 0.023466 0.240938
1 0.684116 0.286780 0.191336 0.195096
1 0.437726 0.242004 0.132671 0.174840
2 0.897112 0.371002 0.204874 0.267591
1 0.854693 0.229211 0.184115 0.166311
1 0.661552 0.131130 0.141697 0.149254
1 0.281588 0.071429 0.076715 0.131130
1 0.351083 0.150320 0.092960 0.131130
1 0.531588 0.063699 0.101083 0.127399
1 0.284296 0.015192 0.054152 0.030384
1 0.235560 0.000267 0.046931 0.000533
1 0.223827 0.037580 0.054152 0.075160
