0 0.586712 0.633817 0.423423 0.334025
1 0.769144 0.007261 0.073198 0.014523
1 0.717342 0.021784 0.079955 0.043568
1 0.550676 0.023600 0.099099 0.047199
2 0.149775 0.192946 0.192568 0.150415
1 0.165541 0.292531 0.194820 0.145228
1 0.557432 0.005965 0.103604 0.011929
3 0.892736 0.032158 0.214527 0.064315
3 0.613739 0.087915 0.387387 0.175830
1 0.372748 0.009595 0.120495 0.019191
1 0.420045 0.041234 0.125000 0.082469
1 0.501126 0.211618 0.166667 0.127593
1 0.314189 0.037344 0.112613 0.071577
1 0.304054 0.344398 0.230856 0.159751
1 0.123874 0.056017 0.130631 0.064315
1 0.123874 0.100622 0.156532 0.091286
1 0.206081 0.023859 0.118243 0.047718
1 0.780405 0.193983 0.161036 0.107884
1 0.025619 0.035529 0.051239 0.071058
1 0.975788 0.140041 0.048423 0.095436
1 0.106982 0.013485 0.125000 0.026971
