1 0.886813 0.815514 0.223077 0.330189
1 0.678022 0.852987 0.228571 0.294025
1 0.086813 0.045073 0.061539 0.089099
1 0.179121 0.026205 0.051648 0.052411
1 0.042857 0.009434 0.056044 0.018868
1 0.174725 0.097484 0.065934 0.101677
2 0.873626 0.454927 0.172527 0.255765
2 0.861538 0.222222 0.115385 0.171908
1 0.702198 0.199161 0.097802 0.116352
1 0.020604 0.104822 0.041209 0.099581
1 0.453846 0.214885 0.089011 0.154088
1 0.001374 0.051887 0.002747 0.103774
1 0.531868 0.131027 0.070330 0.106918
1 0.025824 0.241090 0.051648 0.132075
1 0.405495 0.071279 0.053846 0.092243
2 0.097802 0.368973 0.113187 0.215933
1 0.629670 0.023847 0.056044 0.047694
1 0.447253 0.012317 0.048352 0.024633
