1 0.984719 0.221366 0.030561 0.114537
3 0.728457 0.374449 0.529058 0.579295
3 0.206413 0.712830 0.412826 0.574339
3 0.821643 0.090859 0.209419 0.181718
1 0.630261 0.175110 0.121242 0.131057
1 0.443888 0.252203 0.157315 0.161894
1 0.207415 0.348018 0.196393 0.196035
3 0.070892 0.259912 0.141784 0.289648
1 0.339679 0.211454 0.156313 0.146476
1 0.552104 0.139868 0.116232 0.131057
3 0.708417 0.074890 0.215431 0.149780
1 0.300601 0.926211 0.264529 0.147577
3 0.838176 0.470264 0.323647 0.537445
1 0.106212 0.187225 0.157315 0.150881
1 0.020040 0.448238 0.040080 0.156388
