2 0.938449 0.165272 0.123102 0.193515
1 0.699566 0.088912 0.157267 0.131799
1 0.540130 0.041579 0.118221 0.083159
1 0.421909 0.014644 0.099783 0.029289
1 0.411063 0.046287 0.094360 0.092573
2 0.827278 0.662134 0.345445 0.436192
1 0.516269 0.451883 0.218004 0.230126
3 0.246204 0.109833 0.254881 0.219665
1 0.975325 0.402720 0.049349 0.225941
1 0.594360 0.347280 0.224512 0.191423
1 0.300434 0.300209 0.156182 0.168410
2 0.851410 0.439331 0.246204 0.285565
1 0.993492 0.628661 0.013015 0.202929
1 0.814534 0.306485 0.222343 0.171548
1 0.568330 0.191423 0.172451 0.133891
1 0.108460 0.139121 0.095445 0.124477
1 0.195228 0.216527 0.108460 0.131799
1 0.414317 0.117155 0.109544 0.141213
1 0.113883 0.062762 0.059653 0.076360
1 0.056399 0.036349 0.057484 0.072699
1 0.042299 0.102510 0.060738 0.094142
