2 0.242485 0.268623 0.043086 0.095937
1 0.561122 0.939898 0.152305 0.120203
1 0.653307 0.699774 0.096192 0.176072
1 0.103206 0.260722 0.045090 0.069977
2 0.680361 0.477427 0.077154 0.154628
1 0.225451 0.408578 0.057114 0.099323
2 0.143287 0.337472 0.056112 0.109481
2 0.507014 0.367946 0.049098 0.112867
2 0.548096 0.297968 0.041082 0.088036
1 0.606212 0.285553 0.043086 0.074492
1 0.017535 0.730248 0.035070 0.193002
1 0.456914 0.283296 0.040080 0.072235
1 0.504008 0.234763 0.032064 0.058691
2 0.558116 0.223476 0.033066 0.066591
