0 0.688192 0.268868 0.087638 0.107704
1 0.460332 0.156447 0.039668 0.040881
1 0.412362 0.161950 0.039668 0.036950
1 0.435424 0.141509 0.035978 0.036950
1 0.482472 0.139151 0.036900 0.039308
1 0.457565 0.128145 0.036900 0.033805
2 0.373616 0.157233 0.041513 0.050314
2 0.340406 0.174528 0.036900 0.055818
1 0.651291 0.139937 0.043358 0.036950
1 0.586716 0.132862 0.045203 0.035377
1 0.584871 0.172956 0.056273 0.044811
1 0.406827 0.137579 0.040590 0.036950
1 0.644834 0.167453 0.050738 0.040881
3 0.073339 0.226415 0.146679 0.154874
1 0.231550 0.187893 0.058118 0.043239
1 0.355166 0.237421 0.076568 0.051887
1 0.397601 0.262579 0.076568 0.061321
1 0.071956 0.461478 0.143911 0.100629
3 0.044511 0.761792 0.089022 0.393082
3 0.380074 0.112421 0.130074 0.081761
