1 0.157791 0.192308 0.087771 0.074951
1 0.144970 0.156805 0.097633 0.070020
1 0.277120 0.239645 0.083826 0.088757
1 0.308678 0.198225 0.093688 0.079882
1 0.420118 0.243590 0.093688 0.093688
1 0.375740 0.314596 0.102564 0.112426
3 0.964744 0.400394 0.070513 0.397436
1 0.411243 0.175542 0.086785 0.070020
1 0.581854 0.354043 0.109467 0.124260
1 0.498028 0.423077 0.119329 0.128205
2 0.886588 0.261341 0.105523 0.149901
3 0.760355 0.133136 0.131164 0.196252
1 0.997041 0.898176 0.005917 0.203649
1 0.837278 0.153846 0.059172 0.083826
