1 0.694700 0.904773 0.317972 0.190454
1 0.958813 0.750473 0.082373 0.206049
3 0.778226 0.644612 0.443548 0.497164
3 0.252304 0.839319 0.504608 0.321361
1 0.328341 0.683365 0.248848 0.172968
1 0.760369 0.521739 0.124424 0.112476
1 0.920507 0.480151 0.125576 0.101134
3 0.923675 0.381853 0.152650 0.194707
1 0.747696 0.473535 0.139401 0.112476
1 0.533410 0.539698 0.180876 0.138941
1 0.261521 0.621928 0.225807 0.168242
3 0.096774 0.538752 0.193548 0.255199
1 0.413595 0.504726 0.179724 0.125709
1 0.657834 0.443289 0.133641 0.112476
3 0.837558 0.362004 0.247696 0.179584
1 0.036866 0.715501 0.073733 0.143667
