1 0.083427 0.342256 0.166854 0.152008
2 0.351685 0.259082 0.151685 0.120459
1 0.542697 0.217017 0.104494 0.086042
1 0.641573 0.194073 0.077528 0.069790
1 0.553933 0.266730 0.102247 0.095602
2 0.150281 0.814054 0.300562 0.371893
1 0.443820 0.632887 0.224719 0.213193
3 0.721348 0.302103 0.260674 0.256214
1 0.361798 0.534417 0.238202 0.174952
1 0.668539 0.494264 0.165169 0.156788
2 0.112079 0.609943 0.224157 0.239962
1 0.177528 0.477055 0.224719 0.152008
1 0.389888 0.394837 0.176404 0.133843
1 0.862921 0.341300 0.095506 0.117591
1 0.776404 0.412046 0.115730 0.117591
1 0.551685 0.326004 0.125843 0.130975
1 0.859551 0.270555 0.067416 0.067878
1 0.920225 0.244742 0.058427 0.065966
1 0.934831 0.304015 0.067416 0.081262
