1 0.441043 0.368007 0.112245 0.080420
1 0.352608 0.325175 0.096372 0.070804
1 0.270975 0.292832 0.085034 0.063811
1 0.216553 0.270105 0.069161 0.055944
1 0.556689 0.414336 0.131519 0.087413
1 0.751701 0.442308 0.153061 0.078671
1 0.586168 0.387238 0.114512 0.087413
1 0.459184 0.340035 0.100907 0.066434
2 0.374150 0.297203 0.089569 0.063811
1 0.284581 0.259615 0.071429 0.055944
1 0.354875 0.258741 0.075964 0.048077
1 0.939342 0.514860 0.121315 0.110140
1 0.699546 0.487762 0.162132 0.101399
1 0.910998 0.570804 0.178005 0.122378
1 0.443311 0.298077 0.090703 0.062063
1 0.527211 0.333916 0.098639 0.066434
1 0.814059 0.890297 0.258503 0.219406
1 0.445578 0.527098 0.125850 0.140734
1 0.089569 0.312937 0.087302 0.074301
