1 0.300917 0.489758 0.109174 0.202979
1 0.091514 0.919926 0.183028 0.160149
1 0.156881 0.005819 0.040367 0.011639
1 0.168807 0.303538 0.098165 0.152700
1 0.318349 0.161080 0.063303 0.108007
1 0.119266 0.020251 0.047706 0.040503
1 0.342202 0.079143 0.046789 0.077281
1 0.232110 0.132216 0.059633 0.090317
1 0.199083 0.018622 0.040367 0.037244
1 0.026606 0.037244 0.052294 0.066108
1 0.043119 0.094972 0.065138 0.079143
2 0.347706 0.024674 0.035780 0.049348
1 0.013303 0.154562 0.026605 0.094972
1 0.349541 0.002561 0.029358 0.005121
3 0.449541 0.194600 0.114679 0.293296
