1 0.158425 0.542918 0.230769 0.198498
1 0.575092 0.407725 0.140110 0.139485
3 0.334478 0.700376 0.668956 0.599249
0 0.778388 0.496781 0.204212 0.333691
1 0.913919 0.493562 0.107143 0.139485
1 0.975046 0.432403 0.049908 0.127682
1 0.073947 0.483906 0.147894 0.187768
1 0.323260 0.408798 0.180403 0.163090
1 0.029304 0.407725 0.058608 0.167382
3 0.581502 0.289700 0.310440 0.259657
3 0.312271 0.270386 0.380037 0.297210
1 0.782967 0.295064 0.080586 0.096567
3 0.722527 0.227468 0.219780 0.190987
1 0.860806 0.288627 0.080586 0.089056
3 0.912546 0.198498 0.174908 0.129828
2 0.191392 0.652360 0.234432 0.313305
1 0.467949 0.569743 0.190476 0.200644
2 0.648352 0.475322 0.138278 0.193133
1 0.793956 0.447425 0.123626 0.139485
3 0.914377 0.359442 0.171245 0.236052
