1 0.873000 0.223529 0.076000 0.039496
1 0.689000 0.224370 0.048000 0.039496
1 0.728000 0.238655 0.059000 0.052101
1 0.027500 0.482353 0.055000 0.117647
1 0.007500 0.424370 0.015000 0.117647
1 0.641000 0.248739 0.051000 0.049580
1 0.120000 0.365546 0.111000 0.091597
1 0.607000 0.284874 0.049000 0.069748
1 0.690000 0.269748 0.044000 0.059664
1 0.253000 0.351261 0.096000 0.077311
1 0.283000 0.303361 0.103000 0.068067
1 0.277000 0.276471 0.083000 0.057983
1 0.669000 0.309244 0.048000 0.065546
1 0.389000 0.303361 0.079000 0.071429
1 0.573000 0.380672 0.065000 0.085714
2 0.684000 0.431933 0.077000 0.139496
1 0.409000 0.252101 0.053000 0.057983
1 0.346000 0.245378 0.061000 0.063866
1 0.542000 0.508403 0.081000 0.125210
3 0.205750 0.599160 0.411500 0.515966
1 0.456000 0.226891 0.043000 0.052101
1 0.590000 0.896008 0.136000 0.207983
