2 0.044932 0.328972 0.089864 0.171028
1 0.229131 0.263551 0.123509 0.119626
1 0.354344 0.212150 0.092845 0.093458
1 0.496593 0.154206 0.070698 0.079439
1 0.454003 0.228972 0.072402 0.088785
2 0.132453 0.775701 0.264906 0.389720
1 0.372232 0.586916 0.171210 0.205607
3 0.585179 0.261682 0.200170 0.237383
1 0.015971 0.542991 0.031942 0.201869
1 0.311755 0.494393 0.176320 0.171028
1 0.543441 0.451402 0.122658 0.150467
2 0.109881 0.577570 0.193356 0.255140
1 0.001704 0.745794 0.003407 0.181308
1 0.138842 0.458878 0.176320 0.155140
1 0.333049 0.354206 0.133731 0.117757
1 0.693356 0.308411 0.074106 0.111215
1 0.625213 0.376636 0.085179 0.119626
1 0.453152 0.287850 0.087734 0.128037
1 0.688245 0.242056 0.048552 0.071028
1 0.734242 0.215888 0.045145 0.068224
1 0.745315 0.275701 0.048552 0.085981
