1 0.995261 0.941683 0.009479 0.116635
1 0.935723 0.765774 0.128555 0.249522
1 0.854265 0.602294 0.119668 0.188336
1 0.229858 0.894837 0.188389 0.210325
1 0.475118 0.842256 0.155213 0.282983
1 0.792654 0.888145 0.219194 0.223709
1 0.462085 0.597514 0.136256 0.196941
1 0.240521 0.703633 0.143365 0.226577
1 0.764218 0.436902 0.133886 0.172084
1 0.987855 0.376673 0.024289 0.122371
1 0.818720 0.221797 0.091232 0.084130
1 0.957938 0.275335 0.084123 0.095602
2 0.849526 0.161568 0.088863 0.122371
1 0.501185 0.220841 0.075829 0.097514
