1 0.609294 0.219190 0.021515 0.037852
1 0.977625 0.401408 0.044750 0.068662
1 0.950947 0.479754 0.067986 0.085387
1 0.595525 0.970951 0.117040 0.058099
1 0.419105 0.985035 0.130809 0.029930
1 0.216007 0.973592 0.141136 0.052817
1 0.050775 0.987676 0.101549 0.024648
1 0.592943 0.822183 0.090361 0.175176
1 0.443201 0.826585 0.092943 0.167254
1 0.295181 0.849472 0.111016 0.190141
1 0.129088 0.884683 0.124785 0.179577
1 0.052926 0.804577 0.105852 0.162852
1 0.476764 0.651408 0.082616 0.158451
1 0.344234 0.709507 0.082616 0.137324
1 0.198795 0.720951 0.103270 0.181338
1 0.374355 0.619718 0.072289 0.112676
1 0.272805 0.618838 0.074871 0.120599
1 0.390706 0.548415 0.062823 0.095951
1 0.314974 0.535211 0.062823 0.091549
1 0.424268 0.484155 0.049053 0.080986
1 0.337349 0.478873 0.050775 0.079225
1 0.417384 0.438380 0.040447 0.074824
1 0.351119 0.438380 0.044750 0.071303
1 0.376076 0.401408 0.038726 0.064261
1 0.395009 0.367077 0.041308 0.062500
3 0.445783 0.338028 0.068847 0.141725
3 0.136833 0.573063 0.247849 0.336268
3 0.250430 0.424296 0.109294 0.191901
3 0.308089 0.351232 0.069707 0.146127
3 0.366609 0.288732 0.086059 0.137324
3 0.420826 0.231514 0.069707 0.077465
