1 0.437002 0.809105 0.090112 0.225240
1 0.501595 0.207668 0.035885 0.055112
2 0.286284 0.840256 0.114833 0.244409
1 0.219298 0.554313 0.082137 0.136581
1 0.104466 0.544728 0.102871 0.166933
1 0.582935 0.185304 0.031100 0.055112
3 0.672249 0.162141 0.059809 0.088658
1 0.303030 0.400958 0.064593 0.096645
1 0.157895 0.396166 0.075758 0.085463
1 0.648325 0.230032 0.037480 0.055112
1 0.597289 0.236422 0.029506 0.051118
1 0.228868 0.396166 0.062998 0.096645
1 0.351675 0.304313 0.047847 0.070288
2 0.305423 0.259585 0.048644 0.098243
1 0.244817 0.283546 0.048644 0.067891
1 0.633971 0.379393 0.053429 0.087061
1 0.736045 0.281949 0.053429 0.056709
1 0.764753 0.476837 0.082137 0.102236
1 0.383573 0.226038 0.034290 0.051118
1 0.458533 0.208466 0.029506 0.049521
1 0.359649 0.206070 0.034290 0.045527
3 0.957137 0.452875 0.085726 0.238818
1 0.952153 0.915335 0.095694 0.169329
3 0.348485 0.154952 0.053429 0.083067
