1 0.372070 0.132653 0.036133 0.044218
1 0.298828 0.134354 0.040039 0.034014
1 0.419922 0.190476 0.042969 0.062075
2 0.333008 0.195578 0.039062 0.078231
1 0.247070 0.130952 0.039062 0.054422
1 0.280273 0.176020 0.040039 0.066327
1 0.759766 0.333333 0.070312 0.094388
1 0.186523 0.183673 0.045898 0.052721
1 0.381836 0.340986 0.071289 0.098639
2 0.236328 0.382653 0.082031 0.120748
1 0.739258 0.197279 0.042969 0.062075
1 0.280273 0.619898 0.121094 0.170918
1 0.077148 0.359694 0.090820 0.116497
2 0.578125 0.150510 0.031250 0.066327
1 0.631836 0.141156 0.036133 0.036565
