1 0.500000 0.074111 0.074642 0.054348
2 0.555215 0.057312 0.089980 0.080040
1 0.621677 0.095850 0.103272 0.072134
2 0.677914 0.084980 0.088957 0.077075
1 0.732106 0.127470 0.097137 0.075099
1 0.804703 0.118577 0.088957 0.070158
1 0.845603 0.152174 0.098159 0.065217
1 0.916155 0.153162 0.081800 0.056324
0 0.315951 0.189723 0.097137 0.145257
1 0.063139 0.799407 0.126278 0.229249
1 0.236196 0.547431 0.139059 0.241107
1 0.257669 0.382411 0.093047 0.143281
1 0.208589 0.279644 0.076687 0.135375
1 0.184049 0.224308 0.073620 0.114624
1 0.143149 0.160079 0.065440 0.090909
1 0.118609 0.122530 0.065440 0.086957
1 0.104294 0.091897 0.053170 0.075099
1 0.465235 0.787549 0.291411 0.252964
1 0.407975 0.944664 0.370143 0.110672
1 0.488753 0.103755 0.093047 0.070158
1 0.878834 0.863636 0.242331 0.210474
