1 0.822314 0.057214 0.029959 0.038972
1 0.888430 0.056385 0.032025 0.025705
1 0.844008 0.075456 0.036157 0.047264
1 0.798554 0.230514 0.067149 0.088723
1 0.649793 0.124378 0.040289 0.057214
1 0.661157 0.254561 0.061983 0.094527
1 0.890496 0.093698 0.038223 0.048922
1 0.914256 0.120232 0.048554 0.060531
1 0.951446 0.098673 0.042355 0.051410
1 0.975723 0.151741 0.048554 0.078773
1 0.989153 0.281924 0.021694 0.116086
1 0.651859 0.081260 0.032025 0.031509
1 0.650826 0.043947 0.023760 0.033167
1 0.692149 0.033167 0.024793 0.033167
