1 0.448750 0.006591 0.091250 0.013183
2 0.381250 0.004473 0.101250 0.008945
1 0.296250 0.020245 0.120000 0.040490
2 0.231250 0.012712 0.105000 0.025424
1 0.161250 0.039548 0.113750 0.062147
1 0.073750 0.031073 0.108750 0.053672
1 0.040625 0.059322 0.081250 0.051789
0 0.668750 0.102637 0.116250 0.122411
1 0.542500 0.022128 0.106250 0.044256
1 0.816563 0.631827 0.366875 0.229755
1 0.353750 0.650659 0.346250 0.218456
1 0.031875 0.597928 0.063750 0.178908
1 0.646250 0.840866 0.341250 0.245763
3 0.830000 0.888889 0.340000 0.222222
1 0.747500 0.410546 0.146250 0.218456
1 0.746250 0.272128 0.113750 0.149718
1 0.797500 0.187382 0.093750 0.129002
1 0.827500 0.134652 0.090000 0.109228
1 0.877500 0.073446 0.080000 0.086629
1 0.907500 0.039548 0.080000 0.079096
1 0.925000 0.022128 0.065000 0.044256
