1 0.972591 0.240741 0.054817 0.145224
2 0.786545 0.153021 0.139535 0.148148
1 0.534884 0.069201 0.085548 0.089669
1 0.424419 0.030945 0.060631 0.061891
1 0.485880 0.107212 0.073920 0.099415
2 0.818106 0.685185 0.289037 0.420078
1 0.568106 0.481481 0.166944 0.217349
3 0.359635 0.142300 0.195183 0.256335
1 0.950374 0.441520 0.099253 0.219298
1 0.627076 0.377193 0.172758 0.180312
1 0.401163 0.332359 0.112957 0.154971
2 0.823920 0.455166 0.185216 0.247563
1 0.962625 0.636452 0.074751 0.177388
1 0.794850 0.343080 0.175249 0.170565
1 0.607143 0.231969 0.130399 0.129630
1 0.258306 0.181287 0.073920 0.122807
1 0.321429 0.254386 0.083056 0.119883
1 0.489203 0.162768 0.087209 0.129630
1 0.256645 0.106238 0.042359 0.071150
1 0.214286 0.079922 0.043189 0.071150
1 0.205149 0.144249 0.047342 0.082846
