1 0.114717 0.753271 0.229433 0.299065
2 0.124314 0.488785 0.223035 0.270093
1 0.562157 0.378505 0.165448 0.161682
3 0.825411 0.262617 0.247715 0.226168
1 0.966179 0.245794 0.067642 0.084112
2 0.109004 0.397196 0.218007 0.243925
1 0.357404 0.340187 0.164534 0.157009
1 0.535649 0.276636 0.148995 0.137383
1 0.680073 0.244860 0.119744 0.108411
1 0.778793 0.227103 0.085009 0.090654
1 0.868373 0.199065 0.068556 0.072897
1 0.925960 0.197196 0.063071 0.068224
1 0.136197 0.228972 0.158135 0.130841
1 0.165448 0.293458 0.189214 0.139252
1 0.978519 0.181308 0.042962 0.064486
1 0.569470 0.205607 0.112431 0.106542
1 0.138940 0.131776 0.136197 0.101869
1 0.329982 0.118692 0.116088 0.088785
3 0.526508 0.070327 0.237660 0.140654
1 0.072212 0.094393 0.143510 0.103738
1 0.290676 0.078505 0.112431 0.085981
1 0.695612 0.089720 0.073126 0.061682
1 0.425960 0.068224 0.090494 0.088785
1 0.781536 0.083178 0.058501 0.057944
1 0.653565 0.066355 0.051188 0.057944
1 0.840037 0.079439 0.047532 0.051402
1 0.748629 0.057944 0.062157 0.061682
1 0.880256 0.073832 0.036563 0.053271
1 0.819927 0.051402 0.052102 0.053271
