1 0.409331 0.116570 0.037852 0.054913
1 0.334507 0.118497 0.043134 0.066474
1 0.272887 0.085742 0.036092 0.063584
1 0.388204 0.190751 0.045775 0.078035
1 0.678697 0.297688 0.069542 0.111753
1 0.292254 0.214836 0.059859 0.091522
1 0.677817 0.141618 0.039613 0.068401
1 0.203345 0.101156 0.039613 0.061657
1 0.761444 0.154143 0.046655 0.078035
1 0.550176 0.154143 0.038732 0.073218
1 0.652289 0.091522 0.037852 0.059730
1 0.531690 0.099229 0.032570 0.054913
2 0.595951 0.091522 0.042254 0.103083
1 0.142606 0.228324 0.066021 0.100193
1 0.697183 0.081888 0.036092 0.061657
1 0.307218 0.585742 0.106514 0.184971
1 0.060739 0.400771 0.095070 0.125241
1 0.008803 0.580925 0.017606 0.148362
