1 0.395833 0.934295 0.275000 0.131410
1 0.732292 0.740385 0.157292 0.195513
1 0.900000 0.573718 0.104167 0.136752
1 0.969271 0.507479 0.061458 0.121795
3 0.919531 0.397436 0.160937 0.192308
1 0.839583 0.508547 0.104167 0.118590
3 0.538542 0.660256 0.550000 0.561966
3 0.107292 0.846154 0.214583 0.307692
1 0.159375 0.663462 0.209375 0.175214
1 0.590625 0.480769 0.116667 0.127137
3 0.635417 0.363248 0.217708 0.220085
1 0.436458 0.466880 0.126042 0.127137
1 0.242708 0.541667 0.163542 0.157051
1 0.049479 0.634615 0.098958 0.190171
1 0.134375 0.502137 0.162500 0.142094
1 0.355208 0.432692 0.120833 0.127137
3 0.517708 0.340812 0.223958 0.202991
