1 0.550622 0.531936 0.123446 0.191617
1 0.632327 0.412176 0.092362 0.134731
1 0.746892 0.318363 0.079041 0.113772
1 0.805506 0.267465 0.056838 0.077844
1 0.850799 0.231537 0.053286 0.065868
1 0.444050 0.509980 0.119893 0.167665
1 0.542629 0.420160 0.093250 0.125748
1 0.643872 0.312375 0.078153 0.103792
1 0.710480 0.275449 0.063943 0.084830
1 0.775311 0.238523 0.061279 0.063872
1 0.202487 0.663673 0.155417 0.212575
3 0.437833 0.370259 0.248668 0.295409
1 0.643872 0.267465 0.064831 0.080838
1 0.457371 0.346307 0.096803 0.082834
1 0.530195 0.294411 0.077265 0.075848
1 0.589698 0.241517 0.063055 0.072854
1 0.633215 0.211577 0.054174 0.061876
1 0.367673 0.390220 0.110124 0.089820
1 0.212256 0.408184 0.119893 0.099800
1 0.349911 0.343313 0.103908 0.087824
1 0.444050 0.302395 0.096803 0.096806
2 0.508881 0.243513 0.067496 0.075848
1 0.574600 0.198603 0.052398 0.061876
1 0.521314 0.197605 0.055950 0.051896
1 0.716696 0.228543 0.071048 0.068862
1 0.055284 0.491018 0.110568 0.132735
1 0.972469 0.913174 0.055062 0.173653
2 0.854352 0.750499 0.248668 0.217565
1 0.251332 0.454092 0.124334 0.108782
1 0.785968 0.196607 0.067496 0.061876
1 0.494671 0.788423 0.223801 0.184631
1 0.861456 0.180639 0.075488 0.051896
1 0.070382 0.557884 0.140764 0.132735
1 0.363233 0.288423 0.093250 0.072854
1 0.883659 0.200599 0.068384 0.051896
