1 0.802935 0.898148 0.238994 0.203704
1 0.403564 0.434259 0.126834 0.153704
1 0.265199 0.309259 0.078616 0.087963
1 0.156184 0.230556 0.074424 0.075000
1 0.803983 0.678704 0.181342 0.243519
1 0.407757 0.339815 0.095388 0.099074
1 0.294549 0.265741 0.084906 0.087963
1 0.778826 0.500926 0.147799 0.142593
1 0.588050 0.303704 0.099581 0.081482
1 0.510482 0.259259 0.089099 0.067593
1 0.435011 0.225926 0.075472 0.065741
1 0.382600 0.200926 0.066038 0.059259
1 0.697065 0.351852 0.121593 0.094444
1 0.876310 0.381481 0.143606 0.087963
1 0.723270 0.322222 0.107966 0.085185
1 0.610063 0.275926 0.092243 0.072222
2 0.529350 0.226852 0.082809 0.067593
1 0.446541 0.194444 0.072327 0.063889
1 0.510482 0.191667 0.072327 0.057407
1 0.516771 0.329630 0.113208 0.100926
1 0.999738 0.461111 0.000524 0.126852
1 0.828092 0.425926 0.149895 0.100926
1 0.336478 0.227778 0.079665 0.081481
1 0.142558 0.725926 0.250524 0.173148
1 0.183438 0.181481 0.079665 0.057407
1 0.970126 0.512037 0.059748 0.118519
1 0.592243 0.225926 0.084906 0.065741
1 0.128931 0.200000 0.070231 0.052778
1 0.709644 0.275926 0.112159 0.063889
