1 0.333907 0.761261 0.143718 0.280180
1 0.758176 0.241441 0.042169 0.063964
1 0.253873 0.341441 0.061962 0.087387
1 0.689329 0.257658 0.041308 0.068468
1 0.417384 0.365766 0.058520 0.113513
1 0.843373 0.181982 0.035284 0.055856
1 0.833907 0.253153 0.045611 0.065766
1 0.829604 0.395496 0.067986 0.102703
1 0.898451 0.227027 0.049053 0.068468
1 0.742685 0.436036 0.074871 0.110811
1 0.911360 0.545946 0.095525 0.132432
1 0.548193 0.241441 0.041308 0.070270
2 0.981928 0.456757 0.036145 0.138739
1 0.857143 0.909910 0.151463 0.180180
