1 0.295016 0.604273 0.077974 0.168376
1 0.295016 0.341026 0.057074 0.105128
1 0.384244 0.320513 0.054662 0.097436
1 0.854502 0.496581 0.151125 0.147863
2 0.677653 0.311111 0.106913 0.119658
1 0.823955 0.349573 0.099678 0.094872
1 0.537781 0.252991 0.066720 0.075214
1 0.544212 0.458974 0.112540 0.121368
1 0.429260 0.639316 0.087621 0.182051
1 0.524116 0.204274 0.049035 0.062393
1 0.635048 0.226496 0.069936 0.076923
1 0.446141 0.184615 0.045820 0.058974
1 0.484727 0.173504 0.039389 0.060684
1 0.207395 0.926709 0.132637 0.146581
