1 0.347068 0.799358 0.278922 0.292937
1 0.617274 0.502408 0.154517 0.155698
1 0.020404 0.614767 0.040808 0.169342
2 0.209984 0.502408 0.199683 0.237560
1 0.448494 0.439807 0.164025 0.150080
2 0.606181 0.372392 0.120444 0.146870
1 0.731379 0.349117 0.107765 0.104334
3 0.852615 0.287319 0.187005 0.173355
1 0.940571 0.287319 0.060222 0.072231
1 0.976823 0.276083 0.046355 0.065008
2 0.156101 0.422953 0.221870 0.207063
1 0.389065 0.376404 0.143423 0.134831
1 0.542789 0.316212 0.126783 0.113965
1 0.103803 0.306581 0.125990 0.129213
1 0.680666 0.291332 0.101426 0.095506
1 0.154517 0.359551 0.176704 0.137239
1 0.810618 0.260032 0.059429 0.062600
1 0.888273 0.236758 0.054675 0.052969
1 0.020404 0.205457 0.040808 0.098716
1 0.127575 0.203852 0.125990 0.093098
1 0.274960 0.185393 0.111727 0.080257
1 0.409667 0.173355 0.095087 0.076244
3 0.562599 0.131621 0.195721 0.129213
1 0.124406 0.171750 0.121236 0.070626
1 0.279715 0.154093 0.101426 0.072231
1 0.399366 0.141252 0.088748 0.066613
1 0.555468 0.135634 0.060222 0.056982
1 0.688590 0.157303 0.065769 0.056982
1 0.673534 0.133226 0.054675 0.047352
1 0.758320 0.150883 0.049921 0.055377
1 0.742472 0.131621 0.047544 0.045746
1 0.811410 0.149278 0.043582 0.041734
1 0.782092 0.123596 0.043582 0.044141
