0 0.487741 0.276068 0.206655 0.255556
1 0.781961 0.214530 0.088441 0.099145
3 0.818739 0.117094 0.196147 0.149573
2 0.702277 0.277778 0.105079 0.129915
1 0.084063 0.307692 0.091068 0.097436
1 0.435201 0.475214 0.144483 0.140171
2 0.648862 0.193162 0.091068 0.101709
1 0.629597 0.424786 0.108581 0.133333
1 0.191769 0.248718 0.097198 0.101709
1 0.237303 0.298291 0.088441 0.107692
1 0.359895 0.247863 0.087566 0.097436
3 0.167250 0.423932 0.334501 0.417094
1 0.347636 0.198291 0.077933 0.082906
1 0.137478 0.730769 0.205779 0.224786
2 0.389667 0.723077 0.158494 0.261539
1 0.281086 0.189744 0.074431 0.078632
1 0.335377 0.135043 0.058669 0.066667
1 0.399299 0.144444 0.059545 0.072650
