3 0.850758 0.588697 0.298485 0.609890
1 0.069697 0.362637 0.121212 0.089482
1 0.010606 0.326531 0.021212 0.076138
2 0.928788 0.493721 0.142424 0.234694
1 0.681818 0.431711 0.209091 0.145212
2 0.481818 0.369702 0.152525 0.150706
1 0.322222 0.345369 0.137374 0.102041
3 0.165657 0.284929 0.233333 0.169545
1 0.056566 0.285714 0.080808 0.070644
1 0.695960 0.283359 0.177778 0.120879
1 0.560606 0.226845 0.118182 0.076138
1 0.347475 0.244898 0.101010 0.070644
1 0.227273 0.237049 0.096970 0.061224
1 0.174747 0.189168 0.072727 0.055730
1 0.871717 0.185243 0.137374 0.087127
1 0.654545 0.169545 0.112121 0.066719
3 0.414141 0.128728 0.203030 0.113815
1 0.928283 0.159341 0.128283 0.072214
1 0.756566 0.146782 0.113131 0.066719
1 0.562626 0.135008 0.093939 0.057300
1 0.278788 0.127159 0.057576 0.048666
1 0.213131 0.149922 0.056566 0.046311
