1 0.485507 0.324836 0.102484 0.069901
1 0.564182 0.287007 0.087992 0.068257
1 0.635611 0.254934 0.074534 0.054276
1 0.689441 0.230263 0.063147 0.052632
1 0.377847 0.370066 0.124224 0.078125
1 0.199793 0.395559 0.139752 0.082237
1 0.353002 0.339638 0.106625 0.072368
1 0.464803 0.297697 0.091097 0.060033
2 0.543478 0.255757 0.079710 0.060033
1 0.626294 0.226151 0.069358 0.052632
1 0.561077 0.227796 0.067288 0.052632
1 0.042443 0.465461 0.084886 0.101151
1 0.248447 0.434211 0.143892 0.089638
1 0.069099 0.513158 0.138199 0.106908
1 0.482402 0.254112 0.074534 0.052632
1 0.399586 0.287829 0.081781 0.060033
1 0.853002 0.255757 0.077640 0.062500
1 0.956522 0.211349 0.066253 0.050987
