1 0.067619 0.601916 0.135237 0.208188
1 0.098060 0.436411 0.102371 0.129791
0 0.161638 0.277003 0.102371 0.121951
1 0.027748 0.306620 0.055496 0.105401
3 0.147629 0.113240 0.095905 0.094948
1 0.914871 0.242160 0.064655 0.051394
1 0.285560 0.135889 0.046336 0.034843
3 0.951239 0.267422 0.097522 0.150697
1 0.248922 0.141986 0.056034 0.045296
1 0.423491 0.153310 0.048491 0.045296
1 0.836207 0.253484 0.078664 0.063589
1 0.373922 0.180314 0.073276 0.057491
1 0.809267 0.263066 0.085129 0.061847
1 0.682112 0.191638 0.067888 0.049652
3 0.723599 0.574042 0.552802 0.608885
1 0.633621 0.358885 0.129310 0.087108
1 0.636853 0.293554 0.108836 0.066202
1 0.460129 0.148955 0.047414 0.043554
1 0.554957 0.152439 0.054957 0.040941
1 0.595905 0.148084 0.052802 0.039199
1 0.953394 0.553136 0.093211 0.142857
1 0.476293 0.135889 0.054957 0.045296
