1 0.976293 0.397115 0.047414 0.109615
1 0.676724 0.288462 0.155172 0.136538
2 0.514009 0.236538 0.134698 0.109615
1 0.367457 0.206731 0.098060 0.084615
1 0.271552 0.184615 0.077586 0.077885
1 0.353448 0.250000 0.098060 0.091346
2 0.788793 0.807452 0.373922 0.385096
1 0.466595 0.619231 0.218750 0.209615
3 0.197198 0.288462 0.254310 0.254808
1 0.947468 0.577885 0.105065 0.211538
1 0.544181 0.523077 0.229526 0.179808
1 0.253233 0.477885 0.156250 0.154808
2 0.798491 0.600962 0.244612 0.250962
1 0.965517 0.784615 0.068966 0.192308
1 0.719828 0.465385 0.214440 0.154808
1 0.520474 0.375000 0.172414 0.127885
1 0.061422 0.328846 0.091595 0.118269
1 0.149784 0.400962 0.106681 0.116346
1 0.364224 0.308654 0.113147 0.131731
1 0.068966 0.257692 0.067888 0.073077
1 0.018858 0.230769 0.037716 0.068269
1 0.014278 0.292308 0.028556 0.084615
