0 0.431075 0.762346 0.433411 0.343621
3 0.095502 0.068158 0.191005 0.136317
1 0.929030 0.374486 0.141939 0.129630
1 0.985689 0.541152 0.028621 0.204733
1 0.307243 0.140946 0.136682 0.078189
1 0.690421 0.276749 0.141355 0.080247
3 0.658878 0.127572 0.453271 0.183128
1 0.632009 0.401235 0.200935 0.153292
2 0.740654 0.340535 0.186916 0.158436
1 0.428738 0.100823 0.113318 0.073045
1 0.559579 0.183128 0.125000 0.085391
1 0.457944 0.288066 0.160047 0.099794
1 0.408878 0.230453 0.149533 0.085391
1 0.259346 0.336420 0.172897 0.117284
1 0.218458 0.190329 0.141355 0.110082
1 0.162383 0.255144 0.149533 0.078189
1 0.044100 0.289095 0.088201 0.102881
1 0.947138 0.157407 0.105724 0.070988
1 0.013435 0.172840 0.026869 0.073045
