1 0.427509 0.372712 0.095725 0.161398
1 0.385688 0.657238 0.141264 0.293677
1 0.426580 0.927621 0.199814 0.144759
1 0.457249 0.065724 0.064126 0.079035
3 0.932853 0.367720 0.134294 0.366888
1 0.285316 0.082363 0.056692 0.069052
1 0.376394 0.060732 0.047398 0.060732
1 0.180297 0.147255 0.085502 0.094842
1 0.254647 0.187188 0.089219 0.099002
1 0.763011 0.176373 0.073420 0.089018
1 0.806691 0.689684 0.199814 0.333611
1 0.324349 0.237105 0.092937 0.122296
1 0.131041 0.373544 0.129182 0.158070
1 0.681227 0.192180 0.082714 0.094842
3 0.659851 0.044093 0.090149 0.088186
3 0.551115 0.047213 0.075279 0.094426
