1 0.909875 0.424819 0.140282 0.126812
1 0.873824 0.471920 0.146552 0.107790
1 0.756270 0.342391 0.108934 0.079710
1 0.718652 0.384964 0.110502 0.094203
1 0.639498 0.280797 0.082288 0.081522
1 0.617555 0.311594 0.094828 0.083333
1 0.602665 0.224638 0.058777 0.066123
1 0.553292 0.232790 0.065047 0.073370
1 0.538401 0.262681 0.074451 0.076993
1 0.541536 0.192935 0.062696 0.066123
1 0.492947 0.183877 0.058777 0.062500
1 0.478840 0.223732 0.068966 0.068841
1 0.478056 0.154891 0.052508 0.056159
1 0.434953 0.154891 0.056426 0.064312
1 0.423981 0.181159 0.056426 0.062500
1 0.380094 0.158514 0.052508 0.051630
1 0.736677 0.767210 0.154389 0.230072
1 0.497649 0.574275 0.107367 0.197464
1 0.293103 0.250000 0.072100 0.103261
