1 0.744306 0.059701 0.037267 0.057836
1 0.023551 0.386194 0.047101 0.145522
1 0.673913 0.062500 0.036232 0.057836
1 0.162526 0.579291 0.145963 0.247201
1 0.816770 0.063433 0.046584 0.053172
1 0.798137 0.154851 0.056936 0.075560
1 0.710145 0.158582 0.061077 0.083955
1 0.856108 0.235075 0.077640 0.095149
1 0.477226 0.263060 0.071429 0.108209
2 0.930642 0.179104 0.063147 0.101679
1 0.771222 0.405784 0.096273 0.137127
1 0.979555 0.152985 0.040890 0.077425
1 0.433747 0.128731 0.049689 0.072761
1 0.347826 0.124067 0.045549 0.066231
1 0.383023 0.085821 0.041408 0.055037
1 0.328157 0.066231 0.040373 0.053172
1 0.898551 0.788246 0.166667 0.238806
