1 0.348907 0.145408 0.034791 0.048469
1 0.253479 0.139456 0.038767 0.046769
1 0.271372 0.173469 0.036779 0.052721
1 0.334990 0.203231 0.051690 0.068878
2 0.227634 0.227041 0.050696 0.086735
1 0.160040 0.198980 0.047714 0.054422
1 0.129225 0.173469 0.047714 0.052721
1 0.301193 0.329082 0.059642 0.082483
2 0.770378 0.319728 0.062624 0.107143
1 0.246521 0.522109 0.104374 0.151361
1 0.064612 0.306122 0.072565 0.078231
1 0.507952 0.213435 0.047714 0.060374
2 0.561630 0.150510 0.042744 0.086735
1 0.011928 0.665816 0.023857 0.175170
