3 0.803541 0.700617 0.392917 0.598765
1 0.264755 0.191358 0.075042 0.122428
1 0.354975 0.133745 0.080101 0.110082
1 0.181282 0.265432 0.083474 0.158436
1 0.209949 0.009516 0.053120 0.019033
1 0.400506 0.009259 0.054806 0.018519
1 0.472175 0.004887 0.060708 0.009774
1 0.543002 0.002572 0.054806 0.005144
2 0.120573 0.004372 0.040472 0.008745
1 0.042159 0.006173 0.039629 0.012346
1 0.046374 0.053498 0.049747 0.087449
1 0.029089 0.221193 0.058179 0.129630
2 0.600337 0.052212 0.087690 0.104424
1 0.587690 0.112140 0.087690 0.085391
1 0.822934 0.050412 0.091906 0.090535
2 0.927066 0.244856 0.145868 0.170782
