2 0.101222 0.250820 0.170157 0.143443
1 0.344677 0.184426 0.108202 0.087705
1 0.501745 0.137705 0.076789 0.063934
1 0.489529 0.195082 0.077661 0.083607
2 0.146161 0.681148 0.292321 0.353279
1 0.403141 0.509836 0.175393 0.182787
3 0.622164 0.224590 0.205061 0.215574
1 0.026832 0.476229 0.053665 0.184426
1 0.341187 0.422131 0.181501 0.151639
1 0.578534 0.384426 0.118674 0.130328
2 0.134380 0.487705 0.194590 0.208197
1 0.013962 0.640164 0.027923 0.149180
1 0.164921 0.393443 0.184119 0.143443
1 0.362129 0.300000 0.136998 0.109016
1 0.728621 0.257377 0.077661 0.103279
1 0.662304 0.318852 0.087260 0.100820
1 0.486038 0.241803 0.091623 0.109016
1 0.730366 0.194262 0.044503 0.059836
1 0.774869 0.172131 0.045375 0.059836
1 0.784468 0.226229 0.049738 0.069672
