1 0.588063 0.113830 0.071429 0.053191
2 0.535225 0.097872 0.079256 0.075532
1 0.468689 0.138298 0.093933 0.065957
2 0.417808 0.120213 0.082192 0.068085
1 0.363014 0.170213 0.089041 0.070213
1 0.294521 0.160638 0.085127 0.060638
1 0.255382 0.192553 0.090020 0.058511
1 0.188845 0.193617 0.079256 0.050000
1 0.050636 0.238298 0.101272 0.068085
0 0.761252 0.242553 0.089041 0.136170
1 0.105675 0.308511 0.118395 0.101064
1 0.840509 0.118085 0.078278 0.062766
1 0.860812 0.826596 0.278376 0.234043
1 0.425636 0.824468 0.261252 0.213830
1 0.099315 0.793617 0.198630 0.202128
1 0.927104 0.954787 0.145793 0.090426
1 0.505871 0.946011 0.251468 0.107979
3 0.626223 0.986170 0.747554 0.027660
1 0.822896 0.592553 0.117417 0.242553
1 0.820939 0.428723 0.093934 0.156383
1 0.863992 0.338298 0.071429 0.136170
1 0.890411 0.278723 0.065558 0.121277
1 0.923679 0.208511 0.062622 0.097872
1 0.947162 0.168085 0.062622 0.093617
1 0.960861 0.135106 0.050881 0.080851
