1 0.982448 0.383779 0.035104 0.095318
2 0.037951 0.560201 0.075901 0.250836
1 0.401328 0.462375 0.207780 0.164716
2 0.638520 0.379599 0.143264 0.153010
1 0.788425 0.354515 0.128083 0.107023
3 0.909393 0.290134 0.181214 0.182274
2 0.116461 0.428094 0.232922 0.218227
1 0.379507 0.377090 0.170778 0.140468
1 0.563567 0.318562 0.152751 0.121237
1 0.713472 0.291806 0.124288 0.099498
1 0.814042 0.274247 0.086338 0.081104
1 0.913662 0.245819 0.072106 0.065217
1 0.389943 0.254181 0.148008 0.099498
1 0.997391 0.238294 0.005218 0.065217
1 0.891841 0.196488 0.063567 0.059365
1 0.966793 0.192308 0.050285 0.047659
1 0.069972 0.200669 0.139943 0.096990
1 0.241936 0.183110 0.131878 0.076923
1 0.402277 0.170569 0.113852 0.083612
3 0.584440 0.129599 0.235294 0.130435
1 0.084440 0.160535 0.143264 0.091137
1 0.277989 0.143813 0.129032 0.079431
1 0.462049 0.127090 0.071157 0.061037
1 0.739089 0.153846 0.076850 0.053512
1 0.707780 0.130435 0.057875 0.049331
1 0.823529 0.147157 0.060721 0.053512
1 0.777989 0.127926 0.059772 0.045987
1 0.883302 0.142977 0.049336 0.043478
1 0.834915 0.119565 0.057875 0.051839
