1 0.557818 0.825664 0.097720 0.258407
1 0.491857 0.161947 0.031759 0.052212
2 0.716612 0.863053 0.123778 0.273894
1 0.528502 0.170796 0.033388 0.061062
2 0.561075 0.166372 0.035831 0.073451
1 0.593648 0.184071 0.032573 0.056637
1 0.823290 0.411504 0.081433 0.111504
3 0.389251 0.142478 0.044788 0.098230
1 0.299674 0.169027 0.042345 0.062832
1 0.701140 0.278761 0.052117 0.081416
1 0.314332 0.224779 0.043160 0.071681
1 0.352606 0.276106 0.041531 0.075221
1 0.642508 0.195575 0.038274 0.061062
1 0.717427 0.235398 0.048860 0.064602
1 0.201954 0.459292 0.078990 0.134513
1 0.657166 0.170796 0.032573 0.050442
1 0.209283 0.810619 0.136808 0.264602
