1 0.030351 0.969783 0.060701 0.060435
1 0.333633 0.738261 0.121403 0.210435
1 0.035746 0.653043 0.071493 0.174783
1 0.152878 0.683478 0.126799 0.193913
1 0.610611 0.183478 0.035072 0.055652
1 0.684353 0.210435 0.039568 0.067826
1 0.409173 0.424348 0.063849 0.109565
1 0.641187 0.318261 0.060252 0.103478
1 0.785072 0.246087 0.046763 0.067826
1 0.428957 0.302609 0.047662 0.076522
0 0.333633 0.311304 0.069245 0.168696
1 0.254496 0.308696 0.060252 0.088696
1 0.852518 0.244348 0.051259 0.067826
1 0.260791 0.226957 0.042266 0.060000
1 0.347122 0.207826 0.040468 0.051304
1 0.320144 0.173043 0.032374 0.045217
1 0.777878 0.917609 0.158273 0.164783
