0 0.643892 0.208955 0.099379 0.143923
1 0.261905 0.339019 0.066253 0.123667
1 0.636646 0.631130 0.219462 0.245203
1 0.273292 0.190832 0.053830 0.093817
2 0.177019 0.248401 0.062112 0.126866
2 0.787785 0.844883 0.282609 0.310234
1 0.213251 0.147122 0.056936 0.073561
1 0.201863 0.041578 0.027950 0.045842
2 0.143892 0.375267 0.061077 0.156716
1 0.158385 0.057569 0.036232 0.045842
1 0.390269 0.364606 0.082816 0.134328
1 0.109731 0.105544 0.053830 0.053305
1 0.190476 0.116205 0.054865 0.062900
1 0.081781 0.153518 0.066253 0.062900
1 0.302277 0.065032 0.038302 0.045842
1 0.234990 0.077825 0.037267 0.053305
1 0.332298 0.090618 0.046584 0.062900
1 0.355072 0.191898 0.056936 0.095949
1 0.296066 0.036247 0.040373 0.040512
1 0.402692 0.020522 0.040373 0.041045
1 0.421325 0.037313 0.041408 0.053305
1 0.355072 0.052239 0.034162 0.047974
1 0.372671 0.016791 0.041408 0.033582
3 0.289855 0.019989 0.098344 0.039979
