1 0.542254 0.513136 0.056338 0.068145
1 0.481514 0.510673 0.060739 0.077997
1 0.598592 0.581281 0.058979 0.082102
3 0.758803 0.828407 0.479754 0.343186
1 0.527289 0.556650 0.070423 0.069787
1 0.352113 0.909688 0.109155 0.180624
3 0.614437 0.679803 0.197183 0.272578
1 0.433099 0.526273 0.062500 0.069787
1 0.419894 0.461412 0.064261 0.058292
1 0.360916 0.568145 0.056338 0.077997
1 0.268486 0.541051 0.050176 0.079639
1 0.366197 0.452381 0.059859 0.052545
1 0.317782 0.495895 0.045775 0.059934
1 0.290493 0.440066 0.037852 0.046798
1 0.385563 0.645320 0.073944 0.105090
1 0.156690 0.789819 0.159331 0.163383
2 0.264965 0.413793 0.037852 0.054187
