1 0.201111 0.098765 0.047778 0.054674
1 0.283333 0.089947 0.048889 0.058201
1 0.177778 0.142857 0.058889 0.067019
1 0.663333 0.721340 0.174444 0.259259
2 0.103333 0.110229 0.048889 0.068783
1 0.242222 0.222222 0.071111 0.088183
1 0.050000 0.090829 0.048889 0.056437
1 0.636667 0.276896 0.088889 0.097884
1 0.776667 0.287478 0.087778 0.100529
1 0.706667 0.211640 0.074444 0.079365
1 0.748889 0.153439 0.062222 0.064374
1 0.185556 0.385362 0.098889 0.123457
1 0.016389 0.260141 0.032778 0.091711
1 0.013333 0.503527 0.026667 0.148148
1 0.158889 0.614638 0.134445 0.175485
1 0.616667 0.104938 0.050000 0.058201
