1 0.727571 0.253653 0.064551 0.101253
1 0.326039 0.055324 0.036105 0.061587
1 0.262582 0.068894 0.036105 0.061587
1 0.297593 0.108560 0.051422 0.086639
1 0.530635 0.411273 0.095186 0.168058
1 0.221007 0.116910 0.053610 0.074113
1 0.728665 0.573069 0.128009 0.198330
1 0.562363 0.157620 0.055799 0.091858
1 0.480306 0.267223 0.075492 0.101253
1 0.246171 0.235908 0.070022 0.108560
1 0.131291 0.234864 0.082057 0.099165
1 0.485777 0.156576 0.053610 0.086639
1 0.580963 0.118998 0.040481 0.064718
1 0.527352 0.074113 0.036105 0.054280
1 0.062637 0.570981 0.125274 0.205637
