1 0.956370 0.204637 0.087259 0.143145
1 0.746253 0.108871 0.149893 0.131048
2 0.559957 0.053931 0.120985 0.107863
1 0.405782 0.022681 0.085653 0.045363
1 0.317987 0.008569 0.068523 0.017137
1 0.848501 0.910282 0.302998 0.179435
1 0.412206 0.053427 0.088865 0.085685
2 0.847163 0.670363 0.305675 0.418347
1 0.559957 0.461694 0.215203 0.214718
3 0.298715 0.121220 0.247323 0.242440
1 0.991702 0.426411 0.016595 0.226815
1 0.638116 0.358871 0.225910 0.181452
1 0.345824 0.312500 0.155246 0.162298
2 0.883833 0.439516 0.232334 0.256048
1 0.811563 0.304436 0.213062 0.157258
1 0.612420 0.211694 0.167024 0.131048
1 0.161670 0.152218 0.088865 0.123992
1 0.245182 0.226815 0.107066 0.119960
1 0.457173 0.137097 0.111349 0.134073
1 0.162741 0.078629 0.054604 0.073589
1 0.108137 0.052419 0.055675 0.071573
1 0.093148 0.112903 0.061028 0.085685
