1 0.402946 0.350814 0.086655 0.156420
1 0.103120 0.717902 0.172444 0.289331
2 0.420277 0.207957 0.051993 0.132911
1 0.226170 0.012432 0.035529 0.024864
1 0.339688 0.185353 0.066724 0.103074
1 0.282496 0.014014 0.032062 0.028029
1 0.420277 0.102170 0.041594 0.073237
1 0.172444 0.033454 0.047660 0.057866
1 0.220104 0.052441 0.044194 0.057866
1 0.207106 0.085895 0.051126 0.070524
1 0.205373 0.160940 0.061525 0.092224
1 0.534662 0.212477 0.071924 0.096745
1 0.099653 0.184448 0.078856 0.100362
1 0.384749 0.028029 0.032062 0.056058
1 0.440208 0.014693 0.028596 0.029385
1 0.024263 0.254069 0.048527 0.128391
3 0.493934 0.038653 0.051126 0.077306
