1 0.926042 0.400489 0.129167 0.098695
1 0.241667 0.479608 0.241667 0.172104
2 0.575000 0.377651 0.155208 0.146819
1 0.740625 0.353997 0.140625 0.104405
3 0.886979 0.291191 0.226042 0.177814
1 0.988281 0.290375 0.023437 0.071778
2 0.065885 0.425775 0.131771 0.212887
1 0.291667 0.376020 0.187500 0.137031
1 0.494792 0.318923 0.167708 0.118271
1 0.658333 0.292007 0.136458 0.097064
1 0.768750 0.275693 0.094792 0.079119
1 0.878125 0.248777 0.079167 0.063622
1 0.173958 0.274062 0.187500 0.106036
1 0.982031 0.242251 0.035937 0.063622
1 0.801042 0.203915 0.078125 0.061990
1 0.897917 0.199837 0.053125 0.048124
1 0.993490 0.230016 0.013021 0.067700
1 0.014844 0.203915 0.029687 0.094617
1 0.141667 0.187602 0.150000 0.077488
1 0.317708 0.179445 0.125000 0.071778
3 0.515625 0.136215 0.258333 0.131321
1 0.014844 0.165579 0.029688 0.079119
1 0.167708 0.149266 0.138542 0.081566
1 0.367708 0.132953 0.100000 0.057912
1 0.688542 0.156607 0.079167 0.053834
1 0.648958 0.137847 0.055208 0.050571
1 0.776042 0.151713 0.069792 0.052202
1 0.726042 0.134584 0.066667 0.044861
1 0.844792 0.147635 0.057292 0.040783
1 0.790625 0.123980 0.058333 0.042414
