1 0.158041 0.669271 0.211645 0.230035
0 0.342884 0.222222 0.085952 0.118924
1 0.286506 0.454861 0.084104 0.168403
1 0.570240 0.099826 0.037893 0.045139
1 0.619224 0.107639 0.040665 0.043403
1 0.594270 0.085069 0.034196 0.039062
1 0.546211 0.079861 0.034196 0.040799
1 0.570240 0.069444 0.033272 0.037326
1 0.333641 0.092014 0.050832 0.053819
1 0.489834 0.102431 0.045286 0.049479
1 0.426987 0.105903 0.054529 0.053819
1 0.464880 0.175347 0.063771 0.057292
1 0.925139 0.168403 0.048983 0.049479
1 0.573937 0.152778 0.062847 0.047743
1 0.568392 0.184028 0.073937 0.063368
2 0.899261 0.171875 0.067468 0.067708
2 0.649723 0.099826 0.040665 0.053819
1 0.736599 0.294271 0.096118 0.076389
2 0.780961 0.110243 0.043438 0.053819
1 0.825323 0.291667 0.095194 0.076389
1 0.974815 0.480903 0.050370 0.138021
1 0.651571 0.092014 0.044362 0.040799
