0 0.652311 0.270417 0.100840 0.122505
1 0.913866 0.856624 0.172269 0.224138
1 0.332983 0.557169 0.135504 0.174229
2 0.385504 0.740472 0.243698 0.292196
1 0.146008 0.418330 0.075630 0.124319
1 0.152311 0.126134 0.038866 0.039020
1 0.143908 0.295826 0.058824 0.088022
1 0.179622 0.143376 0.038866 0.039020
1 0.279412 0.201452 0.042017 0.049909
1 0.228992 0.273140 0.053571 0.081670
1 0.362395 0.377495 0.092437 0.124319
1 0.597689 0.607078 0.219538 0.219601
1 0.233193 0.185118 0.043067 0.051724
1 0.112395 0.176951 0.055672 0.040835
1 0.114496 0.203267 0.064076 0.045372
1 0.345588 0.172414 0.038866 0.051724
1 0.373950 0.257713 0.055672 0.083485
1 0.313025 0.238657 0.045168 0.064428
1 0.304622 0.151543 0.040966 0.058076
3 0.244748 0.120690 0.082983 0.114338
3 0.028624 0.389292 0.057248 0.340290
3 0.023897 0.258621 0.047794 0.193285
1 0.398109 0.180581 0.047269 0.066243
1 0.372899 0.126134 0.040966 0.047187
1 0.454832 0.110708 0.034664 0.040835
