0 0.684943 0.252517 0.076105 0.114933
1 0.773322 0.560403 0.115385 0.204698
1 0.484452 0.134228 0.033552 0.043624
1 0.440262 0.140940 0.036007 0.041946
1 0.462357 0.119966 0.030278 0.037752
1 0.504910 0.114933 0.030278 0.039430
1 0.483633 0.105705 0.029460 0.036074
1 0.674304 0.124161 0.039280 0.039430
1 0.567103 0.135067 0.045827 0.041946
1 0.608838 0.133389 0.042553 0.046141
2 0.412439 0.135067 0.036007 0.052013
1 0.518003 0.195470 0.054828 0.053691
2 0.108838 0.221477 0.059738 0.069631
1 0.468085 0.187919 0.052373 0.047819
1 0.449263 0.256711 0.087561 0.085570
1 0.254501 0.193792 0.059738 0.053691
2 0.375614 0.391779 0.085925 0.121644
1 0.267594 0.307047 0.099018 0.089765
1 0.393617 0.125839 0.043372 0.043624
2 0.161211 0.423658 0.137480 0.140940
1 0.423077 0.109060 0.035188 0.031879
3 0.389525 0.085570 0.098200 0.107383
