1 0.489496 0.828373 0.118698 0.279762
1 0.574580 0.081349 0.047269 0.068452
2 0.288866 0.858383 0.150210 0.283234
1 0.205882 0.506944 0.106092 0.169643
1 0.062763 0.492064 0.125525 0.204365
1 0.682773 0.055556 0.040966 0.065476
3 0.801471 0.040923 0.079832 0.081845
1 0.314076 0.318452 0.084034 0.120040
1 0.125000 0.309524 0.097689 0.103175
1 0.769958 0.112103 0.049370 0.068452
1 0.700630 0.119048 0.040966 0.063492
1 0.218487 0.312500 0.080882 0.120040
1 0.379202 0.199405 0.061975 0.084325
2 0.317227 0.144841 0.063025 0.122024
1 0.238445 0.173611 0.064076 0.084325
1 0.750000 0.299603 0.070378 0.106151
1 0.886555 0.175595 0.070378 0.070436
1 0.925420 0.422619 0.109244 0.128968
1 0.421218 0.104167 0.045168 0.063492
1 0.517857 0.081349 0.038866 0.061508
1 0.388655 0.078373 0.043067 0.056548
