3 0.685000 0.618928 0.630000 0.608040
2 0.030000 0.428811 0.060000 0.150754
3 0.022708 0.298157 0.045417 0.172529
1 0.983333 0.611390 0.033333 0.172529
2 0.790833 0.498325 0.214167 0.250419
1 0.538333 0.432161 0.172500 0.154941
2 0.372500 0.363484 0.125833 0.159129
1 0.240833 0.339196 0.113333 0.108878
3 0.112500 0.273869 0.193333 0.180905
1 0.027292 0.275544 0.054583 0.075377
2 0.735833 0.383585 0.213333 0.192630
1 0.382500 0.304020 0.107500 0.108878
1 0.088333 0.221943 0.054167 0.067839
1 0.984375 0.190117 0.031250 0.103015
1 0.876667 0.189280 0.133333 0.099665
1 0.722500 0.169179 0.119167 0.087102
1 0.579167 0.157454 0.100833 0.077052
3 0.415833 0.110553 0.205833 0.139028
1 0.961667 0.158291 0.076667 0.075377
1 0.826667 0.146566 0.120000 0.083752
1 0.664167 0.131491 0.109167 0.079564
1 0.547500 0.116415 0.090000 0.075377
1 0.315000 0.109715 0.054167 0.053601
1 0.285000 0.134003 0.065833 0.049414
1 0.246667 0.112228 0.055833 0.047739
1 0.199167 0.131491 0.054167 0.053601
1 0.164167 0.107203 0.040833 0.047739
