0 0.299342 0.285581 0.078947 0.126404
1 0.336349 0.698502 0.185033 0.220037
1 0.591283 0.278090 0.042763 0.073034
1 0.515625 0.420412 0.071546 0.137640
1 0.564145 0.192884 0.036184 0.055243
2 0.644737 0.236891 0.041941 0.086142
2 0.579770 0.511236 0.091283 0.191011
1 0.604441 0.180712 0.042763 0.051498
1 0.653783 0.160112 0.032072 0.044007
2 0.697368 0.289326 0.039474 0.100187
1 0.711349 0.178839 0.039474 0.046816
1 0.528783 0.267790 0.038651 0.073034
1 0.785362 0.242509 0.055099 0.055243
1 0.630757 0.170412 0.038651 0.046816
1 0.819901 0.301498 0.075658 0.068352
1 0.555099 0.136704 0.033717 0.040262
1 0.606908 0.137640 0.028783 0.040262
1 0.517270 0.132959 0.036184 0.046816
1 0.509046 0.180712 0.039474 0.059925
1 0.546875 0.112360 0.033717 0.037453
1 0.974918 0.376404 0.050164 0.071161
1 0.980880 0.433521 0.038240 0.075843
