1 0.629952 0.113309 0.032488 0.074640
1 0.732964 0.193345 0.043582 0.082734
1 0.783677 0.460432 0.102219 0.153777
2 0.661648 0.535971 0.108558 0.247302
1 0.912044 0.799460 0.152932 0.312950
1 0.322504 0.543165 0.102219 0.177158
2 0.195721 0.504496 0.129952 0.292266
1 0.408082 0.357914 0.064184 0.130396
1 0.511093 0.317446 0.054675 0.113309
1 0.422345 0.242806 0.049921 0.087230
1 0.509509 0.164568 0.037242 0.070144
1 0.466719 0.137590 0.031696 0.059353
2 0.517433 0.116906 0.032488 0.068345
1 0.435816 0.111511 0.029319 0.062050
1 0.453249 0.080036 0.029319 0.049460
