1 0.963542 0.859195 0.072917 0.177203
1 0.750868 0.685824 0.139757 0.233716
1 0.688368 0.522031 0.087674 0.157088
0 0.652778 0.302682 0.080729 0.136015
1 0.739583 0.398467 0.069444 0.138889
1 0.439236 0.165709 0.034722 0.049808
1 0.391493 0.175287 0.037326 0.045019
1 0.616319 0.136973 0.040799 0.049808
1 0.562500 0.147510 0.032118 0.038314
1 0.415799 0.153257 0.032118 0.045019
1 0.075521 0.290230 0.078993 0.069923
3 0.509549 0.235632 0.151910 0.245211
1 0.434896 0.211686 0.045139 0.054598
1 0.462674 0.144636 0.028646 0.043103
1 0.193576 0.226054 0.061632 0.054598
1 0.375000 0.303640 0.073785 0.081418
1 0.210069 0.376437 0.096354 0.090996
2 0.226563 0.550766 0.143229 0.192529
1 0.440104 0.131226 0.028646 0.038314
1 0.322049 0.166667 0.045139 0.045019
1 0.098958 0.505747 0.124132 0.115900
