1 0.954485 0.260684 0.091030 0.083333
1 0.793073 0.272436 0.099467 0.075855
1 0.817052 0.254274 0.078153 0.086538
1 0.674068 0.242521 0.106572 0.086538
1 0.498224 0.252137 0.096803 0.083333
1 0.987345 0.286325 0.025311 0.081197
1 0.484014 0.274573 0.110124 0.088675
1 0.884547 0.316239 0.112789 0.086538
1 0.412078 0.341880 0.145648 0.116453
1 0.083259 0.492521 0.166519 0.131410
1 0.446714 0.937233 0.341030 0.125534
1 0.042629 0.316239 0.085258 0.086538
1 0.017984 0.349359 0.035968 0.098291
2 0.118117 0.214744 0.043517 0.094017
