1 0.511134 0.487903 0.060729 0.085686
1 0.575911 0.481855 0.065789 0.090726
1 0.438259 0.559476 0.064777 0.095766
1 0.534413 0.637097 0.090081 0.121976
3 0.593117 0.652218 0.194332 0.350806
3 0.688259 0.521169 0.122470 0.258065
1 0.881579 0.766129 0.120445 0.186492
1 0.751012 0.480847 0.048583 0.078629
1 0.780364 0.450605 0.052632 0.071573
1 0.472672 0.457661 0.092105 0.073589
1 0.824899 0.516129 0.060729 0.095766
1 0.734818 0.424395 0.057692 0.076613
1 0.881579 0.385081 0.043522 0.062500
3 0.826923 0.347782 0.077935 0.114919
