1 0.031757 0.166357 0.063514 0.077138
0 0.545946 0.334572 0.223423 0.289033
1 0.236937 0.259294 0.092793 0.120818
3 0.208108 0.137546 0.202703 0.165428
1 0.970495 0.394981 0.059009 0.125465
2 0.322523 0.339219 0.114414 0.152416
1 0.871171 0.312268 0.100901 0.120818
1 0.617117 0.571561 0.162162 0.171933
2 0.399099 0.231413 0.097297 0.117100
1 0.411712 0.538104 0.126126 0.171933
1 0.764865 0.241636 0.097297 0.103160
1 0.694595 0.287175 0.089189 0.144981
1 0.604505 0.268587 0.068469 0.131970
3 0.856982 0.475836 0.286036 0.434015
1 0.623423 0.196097 0.069369 0.085502
1 0.913513 0.881041 0.172973 0.237918
2 0.690991 0.889638 0.193694 0.220725
1 0.681982 0.184944 0.068469 0.083643
