0 0.348673 0.294453 0.084956 0.110114
1 0.673451 0.403752 0.060177 0.098695
1 0.307965 0.642741 0.202655 0.197390
1 0.668142 0.286297 0.046018 0.071778
2 0.751327 0.331974 0.053982 0.100326
2 0.153097 0.831158 0.236283 0.282219
1 0.720354 0.251223 0.048673 0.056281
1 0.728319 0.163948 0.025664 0.032626
2 0.774336 0.436378 0.055752 0.127243
1 0.762832 0.176183 0.027434 0.035073
1 0.556637 0.428222 0.077876 0.108483
1 0.800885 0.212072 0.045133 0.040783
1 0.738053 0.224307 0.046903 0.048124
1 0.823009 0.246330 0.055752 0.048124
1 0.641593 0.185971 0.031858 0.036705
1 0.700000 0.194943 0.031858 0.040783
1 0.616814 0.207178 0.039823 0.050571
1 0.595575 0.291191 0.049558 0.077488
1 0.648673 0.163132 0.034513 0.032626
1 0.958407 0.304241 0.078761 0.048124
1 0.943363 0.332790 0.096460 0.063622
1 0.556637 0.150082 0.034513 0.035073
1 0.541593 0.165579 0.036283 0.042414
1 0.597345 0.176183 0.029204 0.038336
1 0.584071 0.141925 0.035398 0.038336
3 0.653097 0.127243 0.084071 0.081566
