1 0.983827 0.779261 0.032347 0.342916
2 0.413377 0.610883 0.194079 0.360370
1 0.463816 0.001540 0.062500 0.003080
1 0.041941 0.377823 0.083882 0.170431
1 0.680921 0.002567 0.075658 0.005133
1 0.308114 0.246407 0.104167 0.133470
1 0.663377 0.106776 0.104167 0.094456
2 0.002467 0.160164 0.004934 0.145791
1 0.185307 0.101643 0.077851 0.109856
1 0.853070 0.062628 0.112939 0.099589
1 0.854167 0.132444 0.132676 0.117043
1 0.990680 0.082136 0.018640 0.094456
1 0.277412 0.055441 0.071272 0.092402
1 0.062500 0.075975 0.060307 0.090349
1 0.151316 0.037474 0.058114 0.074949
