1 0.098195 0.625813 0.196389 0.244035
3 0.591904 0.067516 0.188184 0.135033
1 0.477024 0.412147 0.152079 0.177874
1 0.410284 0.328633 0.136761 0.140998
1 0.629103 0.273319 0.113785 0.112798
1 0.432166 0.152928 0.092998 0.087852
1 0.321663 0.212581 0.123632 0.105206
1 0.600656 0.188720 0.113785 0.097614
1 0.714442 0.062907 0.064551 0.077007
1 0.163020 0.295011 0.156455 0.123644
1 0.033917 0.375271 0.067834 0.138829
1 0.120624 0.909978 0.241247 0.180043
1 0.705689 0.118221 0.090810 0.082429
2 0.643326 0.087852 0.092998 0.099783
1 0.673961 0.354664 0.131291 0.146421
1 0.777899 0.234273 0.092998 0.131236
2 0.563457 0.133406 0.084245 0.097614
1 0.728665 0.183297 0.095186 0.110629
1 0.878556 0.163774 0.086433 0.099783
2 0.951586 0.640998 0.096827 0.234273
2 0.811816 0.095445 0.123632 0.140998
1 0.678337 0.749458 0.328228 0.238612
1 0.909190 0.074837 0.068928 0.074837
1 0.951860 0.101952 0.079869 0.084599
1 0.063731 0.424078 0.127462 0.148590
