1 0.748221 0.453463 0.124555 0.164502
1 0.094751 0.913961 0.189502 0.172078
1 0.014457 0.571429 0.028915 0.123377
1 0.924377 0.314935 0.072064 0.138528
1 0.167260 0.444805 0.169929 0.153680
1 0.415480 0.332251 0.092527 0.125541
1 0.931940 0.440476 0.136121 0.159091
1 0.964190 0.495671 0.071619 0.168831
1 0.376335 0.416667 0.141459 0.140693
1 0.481317 0.408009 0.146797 0.153680
1 0.609431 0.727273 0.233986 0.241342
1 0.963078 0.705628 0.073843 0.254329
1 0.712633 0.323593 0.131673 0.133117
1 0.666370 0.256494 0.081851 0.104978
1 0.685943 0.275974 0.107651 0.151515
1 0.588078 0.901786 0.278470 0.196429
1 0.887011 0.227273 0.084520 0.120130
