1 0.933409 0.396455 0.064334 0.075560
1 0.802483 0.313433 0.048533 0.057836
1 0.435666 0.983209 0.153499 0.033582
1 0.204289 0.998134 0.171558 0.003731
1 0.015237 0.986007 0.030474 0.027985
1 0.432280 0.839552 0.118510 0.185634
1 0.235892 0.844216 0.121896 0.177239
1 0.057280 0.868470 0.114560 0.201493
1 0.279910 0.658582 0.108352 0.167910
1 0.106095 0.720149 0.108352 0.145522
1 0.145598 0.625000 0.094808 0.119403
1 0.030756 0.624067 0.061512 0.127798
1 0.167043 0.549440 0.082393 0.101679
1 0.067720 0.535448 0.082393 0.097015
1 0.211061 0.481343 0.064334 0.085821
1 0.097065 0.475746 0.066591 0.083955
1 0.202032 0.432836 0.053047 0.079291
1 0.115124 0.432836 0.058691 0.075560
1 0.147856 0.393657 0.050790 0.068097
1 0.172686 0.357276 0.054176 0.066231
3 0.235892 0.352612 0.089165 0.166045
3 0.027370 0.417910 0.054740 0.203358
3 0.058691 0.340485 0.091422 0.154851
3 0.135440 0.274254 0.112867 0.145522
3 0.250564 0.253731 0.073363 0.099813
1 0.714447 0.354478 0.058691 0.061567
1 0.549661 0.410448 0.067720 0.068097
0 0.967551 0.432836 0.064898 0.125933
1 0.773138 0.457090 0.089165 0.079291
1 0.892777 0.464552 0.095937 0.085821
1 0.889390 0.605410 0.147856 0.117537
