1 0.424576 0.458262 0.105932 0.157581
1 0.346610 0.351789 0.077119 0.116695
1 0.244915 0.280238 0.072034 0.092845
1 0.192373 0.241056 0.056780 0.070698
1 0.146610 0.210392 0.047458 0.058773
1 0.509322 0.426746 0.105085 0.126917
1 0.423729 0.356048 0.088136 0.098807
1 0.348305 0.280238 0.074576 0.088586
1 0.282203 0.245315 0.060170 0.066440
1 0.221186 0.219761 0.058475 0.064736
1 0.644915 0.448893 0.129661 0.125213
3 0.504237 0.300681 0.217797 0.228279
1 0.346610 0.245315 0.065254 0.074957
1 0.514407 0.295571 0.091525 0.078365
1 0.438983 0.246167 0.068644 0.062181
1 0.397458 0.216354 0.058475 0.050256
1 0.358475 0.191652 0.051695 0.048552
1 0.610169 0.334753 0.105085 0.080920
1 0.758475 0.363714 0.112712 0.088586
1 0.634746 0.305792 0.083898 0.078365
1 0.550847 0.268313 0.078814 0.066440
2 0.485593 0.221465 0.074576 0.072402
1 0.408475 0.190801 0.060170 0.066440
1 0.461864 0.189097 0.050000 0.050256
1 0.058475 0.672061 0.116949 0.141397
1 0.276271 0.212947 0.067797 0.066440
1 0.109958 0.781090 0.219915 0.178024
1 0.927331 0.434412 0.145339 0.114991
1 0.577119 0.856900 0.274576 0.189949
2 0.516102 0.659284 0.236441 0.181431
1 0.719492 0.400341 0.118644 0.097104
1 0.194068 0.181431 0.063559 0.066440
1 0.803390 0.948893 0.301695 0.102215
1 0.976907 0.708688 0.046186 0.132879
