1 0.672802 0.539347 0.133947 0.179463
1 0.763804 0.418426 0.095092 0.127639
1 0.884458 0.336852 0.088957 0.111324
1 0.949898 0.295585 0.065440 0.077735
1 0.984151 0.259117 0.031697 0.068138
1 0.566462 0.503839 0.130879 0.147793
1 0.667689 0.424184 0.105317 0.111324
1 0.761759 0.333973 0.093047 0.102687
1 0.839468 0.297505 0.070552 0.072937
1 0.913088 0.270633 0.070552 0.070058
1 0.399796 0.526871 0.148262 0.124760
3 0.575665 0.361804 0.265849 0.252399
1 0.761759 0.293666 0.074642 0.081574
1 0.551125 0.355086 0.085890 0.072937
1 0.630879 0.314779 0.094069 0.072937
1 0.688139 0.268714 0.074642 0.054702
1 0.748466 0.244722 0.069530 0.063340
1 0.416155 0.402111 0.088957 0.081574
1 0.268916 0.429942 0.133947 0.091171
1 0.414110 0.364683 0.103272 0.095969
1 0.515337 0.330134 0.093047 0.086372
2 0.606339 0.281190 0.101227 0.081574
1 0.688139 0.231286 0.065440 0.059501
1 0.605317 0.241843 0.065440 0.068138
1 0.968047 0.785029 0.063906 0.167946
1 0.846626 0.261996 0.082822 0.077735
1 0.631902 0.858925 0.269939 0.179463
1 0.072086 0.503839 0.144172 0.127639
1 0.260736 0.943858 0.332311 0.112284
2 0.215746 0.776392 0.297546 0.204415
1 0.211656 0.517274 0.166667 0.109405
1 0.976738 0.220729 0.046524 0.072937
