1 0.191400 0.386855 0.198988 0.145591
1 0.556492 0.287854 0.121417 0.100666
3 0.295320 0.574875 0.590641 0.558236
0 0.691400 0.370216 0.188027 0.258735
1 0.816189 0.367720 0.098651 0.108153
1 0.892917 0.320299 0.086847 0.099002
3 0.960371 0.263727 0.077572 0.158070
1 0.055438 0.360233 0.110877 0.145591
1 0.272344 0.301997 0.166105 0.126456
1 0.014334 0.301165 0.028668 0.129784
3 0.510118 0.209651 0.285835 0.201331
3 0.262226 0.194676 0.349916 0.230449
1 0.695616 0.213810 0.074199 0.074875
3 0.639966 0.161398 0.202361 0.148087
1 0.767285 0.208819 0.074199 0.069052
3 0.818718 0.138935 0.168634 0.100666
2 0.150928 0.490849 0.215852 0.242928
1 0.405565 0.426789 0.175379 0.155574
2 0.571669 0.353577 0.127319 0.149750
1 0.705734 0.331947 0.113828 0.108153
3 0.837268 0.263727 0.198988 0.183028
