1 0.423825 0.527778 0.054295 0.087449
1 0.475689 0.517490 0.052674 0.087449
1 0.364668 0.599794 0.054295 0.112140
1 0.475689 0.759259 0.076985 0.140946
3 0.278768 0.832305 0.404376 0.335391
1 0.622366 0.903292 0.087520 0.193416
1 0.606159 0.661523 0.057537 0.122428
1 0.440032 0.581276 0.062399 0.085391
1 0.617504 0.561728 0.046191 0.090535
3 0.496759 0.550412 0.123987 0.217078
1 0.680713 0.512346 0.044571 0.099794
1 0.619935 0.462963 0.048622 0.063786
1 0.665316 0.442387 0.038087 0.056584
1 0.628849 0.441358 0.039708 0.053498
