1 0.099765 0.169794 0.078639 0.046904
1 0.242958 0.184803 0.065728 0.060038
1 0.342723 0.197936 0.056338 0.060038
1 0.273474 0.227955 0.057512 0.066604
1 0.794601 0.315197 0.123239 0.097561
1 0.941021 0.310507 0.117958 0.106942
1 0.381455 0.242026 0.059859 0.073171
1 0.779343 0.250469 0.095070 0.073171
1 0.400235 0.302064 0.069249 0.089118
1 0.293427 0.289869 0.051643 0.084428
1 0.658451 0.249531 0.092723 0.079737
1 0.646714 0.207317 0.088028 0.071295
1 0.713615 0.202627 0.083333 0.071295
1 0.308685 0.418387 0.076291 0.118199
1 0.557512 0.209193 0.071596 0.066604
1 0.449531 0.596623 0.112676 0.175422
2 0.179577 0.767355 0.191315 0.316135
1 0.566901 0.165103 0.056338 0.060038
1 0.639671 0.167917 0.062207 0.060038
1 0.429577 0.927767 0.173709 0.144465
