1 0.400319 0.522222 0.051834 0.081818
1 0.458533 0.519192 0.047847 0.101010
1 0.341308 0.589899 0.047847 0.090909
1 0.407496 0.595960 0.048644 0.101010
3 0.174641 0.898232 0.300638 0.203535
1 0.508772 0.532323 0.055024 0.092929
1 0.522329 0.448485 0.058214 0.071717
1 0.451356 0.998990 0.126794 0.002020
1 0.535088 0.905556 0.082935 0.188889
1 0.509569 0.768687 0.080542 0.150505
2 0.515949 0.596970 0.069378 0.138384
1 0.566188 0.671717 0.072568 0.129293
1 0.692982 0.749495 0.079745 0.203030
1 0.647528 0.623232 0.058214 0.134343
1 0.434609 0.664646 0.079745 0.120202
1 0.627592 0.545455 0.045455 0.095960
1 0.652313 0.474747 0.042265 0.085859
