1 0.729317 0.020241 0.022482 0.040481
1 0.696942 0.044858 0.027878 0.054705
1 0.763489 0.050328 0.032374 0.051422
1 0.728417 0.067834 0.033273 0.062363
1 0.641187 0.175055 0.045863 0.088621
1 0.548561 0.085339 0.032374 0.064551
1 0.549460 0.175055 0.042266 0.085339
1 0.769784 0.112691 0.042266 0.070022
1 0.801259 0.164114 0.050360 0.100656
1 0.848921 0.134573 0.045863 0.085339
1 0.951439 0.110503 0.049460 0.064551
1 0.883094 0.230853 0.076439 0.132385
1 0.957059 0.517505 0.085881 0.210066
1 0.995504 0.396061 0.008993 0.121444
