1 0.966871 0.600168 0.066258 0.207912
1 0.947940 0.456229 0.104120 0.133838
0 0.899777 0.268519 0.105791 0.111953
1 0.985802 0.343434 0.028396 0.117845
1 0.629176 0.150673 0.047884 0.046296
3 0.866370 0.132997 0.142539 0.125421
1 0.808463 0.144781 0.045657 0.036195
1 0.566815 0.159933 0.045657 0.043771
1 0.723831 0.183502 0.072383 0.058081
1 0.062639 0.316498 0.125278 0.075758
1 0.134744 0.253367 0.093541 0.061448
1 0.614699 0.202862 0.076837 0.053872
1 0.600223 0.138889 0.041203 0.039562
1 0.430958 0.167508 0.070156 0.046296
3 0.241926 0.569865 0.483853 0.586700
1 0.277283 0.375421 0.150334 0.111953
1 0.663697 0.127946 0.047884 0.039562
1 0.543430 0.128788 0.052338 0.037879
1 0.000278 0.551347 0.000557 0.119529
