1 0.691649 0.638340 0.071734 0.080040
1 0.622056 0.634387 0.064240 0.098814
1 0.777302 0.707510 0.069593 0.093874
1 0.667024 0.679842 0.085653 0.083992
3 0.834047 0.850543 0.262313 0.298913
1 0.554604 0.647233 0.073876 0.090909
1 0.536403 0.565217 0.078158 0.070158
1 0.492505 0.960474 0.116702 0.079051
1 0.497859 0.909091 0.099572 0.157115
1 0.520343 0.823123 0.086724 0.138340
2 0.506424 0.673913 0.064240 0.117589
1 0.443255 0.749012 0.088865 0.117589
1 0.350107 0.694664 0.077088 0.124506
1 0.387580 0.648221 0.061028 0.088933
1 0.662741 0.753953 0.120985 0.105731
1 0.329764 0.568182 0.051392 0.063241
