1 0.958980 0.131341 0.035477 0.038949
1 0.720621 0.922101 0.150776 0.155797
1 0.493348 0.936594 0.168514 0.126812
1 0.231707 0.924819 0.181818 0.150362
1 0.042129 0.939312 0.084257 0.121377
1 0.717295 0.721015 0.116408 0.180254
1 0.524390 0.725543 0.119734 0.172101
1 0.333703 0.749094 0.143016 0.195652
1 0.119734 0.785326 0.160754 0.184783
1 0.044900 0.702899 0.089800 0.167572
1 0.567628 0.545290 0.106430 0.163043
1 0.396896 0.605072 0.106430 0.141304
1 0.209534 0.616848 0.133038 0.186594
1 0.435698 0.512681 0.093126 0.115942
1 0.304878 0.511775 0.096452 0.124094
1 0.456763 0.439312 0.080931 0.098732
1 0.359202 0.425725 0.080931 0.094203
1 0.500000 0.373188 0.063193 0.083333
1 0.388027 0.367754 0.065410 0.081522
1 0.491131 0.326087 0.052106 0.076993
1 0.405765 0.326087 0.057650 0.073370
1 0.437916 0.288043 0.049889 0.066123
1 0.462306 0.252717 0.053215 0.064312
3 0.524390 0.248188 0.087583 0.161232
3 0.144678 0.464674 0.289357 0.346014
3 0.276053 0.311594 0.140798 0.197464
3 0.350333 0.236413 0.089800 0.150362
3 0.425721 0.172101 0.110865 0.141304
3 0.542129 0.181159 0.063193 0.096920
1 0.903548 0.125906 0.027716 0.034420
1 0.694013 0.145833 0.031042 0.036232
1 0.035754 0.518116 0.071508 0.086051
1 0.932372 0.160326 0.036585 0.040761
1 0.891353 0.201087 0.053215 0.051630
1 0.780488 0.166667 0.038803 0.042572
1 0.723947 0.195652 0.039911 0.047101
