1 0.467370 0.073675 0.033589 0.048841
1 0.443378 0.144040 0.047025 0.058775
1 0.762956 0.182119 0.062380 0.064570
1 0.656430 0.148179 0.043186 0.062914
1 0.588292 0.117550 0.042226 0.057119
1 0.461612 0.195364 0.060461 0.080298
1 0.308061 0.331954 0.100768 0.120033
1 0.603647 0.062914 0.031670 0.047185
1 0.403071 0.417219 0.115163 0.157285
1 0.571977 0.078642 0.030710 0.043046
2 0.621881 0.042219 0.033589 0.062914
1 0.150672 0.581126 0.176583 0.221854
1 0.332054 0.726821 0.185221 0.274834
3 0.103407 0.380795 0.206814 0.376656
3 0.364683 0.190397 0.119962 0.204470
3 0.940259 0.720613 0.119482 0.558775
