3 0.648282 0.710833 0.668174 0.578333
0 0.206148 0.521111 0.201627 0.345556
1 0.072333 0.517778 0.105787 0.144444
1 0.017631 0.464444 0.035262 0.123333
1 0.913201 0.506667 0.173599 0.200000
1 0.657324 0.432222 0.177215 0.165556
1 0.958409 0.428889 0.083183 0.173333
3 0.400542 0.306667 0.306510 0.268889
3 0.666365 0.286667 0.375226 0.307778
1 0.201627 0.320000 0.078662 0.097778
3 0.261302 0.242222 0.216998 0.197778
1 0.124774 0.305556 0.079566 0.092222
3 0.080018 0.212222 0.160036 0.134444
2 0.785714 0.682222 0.231465 0.324444
1 0.512658 0.596667 0.188065 0.207778
2 0.334539 0.498889 0.136528 0.200000
1 0.190778 0.470000 0.122061 0.144444
3 0.078210 0.378889 0.156420 0.244444
