1 0.445248 0.599567 0.129132 0.177489
1 0.787190 0.840909 0.194215 0.277056
1 0.575413 0.367965 0.102273 0.095238
1 0.498967 0.319264 0.089876 0.076840
1 0.424587 0.280303 0.079545 0.076840
1 0.372934 0.250000 0.066116 0.063853
1 0.682851 0.427489 0.118802 0.104978
1 0.860537 0.458874 0.137397 0.104978
1 0.709711 0.388528 0.104339 0.089827
1 0.592975 0.331169 0.089876 0.076840
2 0.517562 0.279221 0.077479 0.079004
1 0.434917 0.233766 0.069215 0.071429
1 0.496901 0.235931 0.070248 0.063853
1 0.989153 0.549784 0.021694 0.138528
1 0.810950 0.509740 0.145661 0.123377
1 0.938275 0.810606 0.123450 0.292208
1 0.548554 0.440476 0.114669 0.136364
1 0.960486 0.614719 0.079029 0.138528
1 0.578512 0.279221 0.078512 0.074675
1 0.509298 0.514069 0.123967 0.151515
1 0.681818 0.331169 0.090909 0.079004
1 0.321281 0.299784 0.079545 0.087662
1 0.184917 0.278139 0.069215 0.087662
2 0.057851 0.201299 0.066116 0.087662
