0 0.481076 0.767787 0.374502 0.318182
1 0.778884 0.112648 0.058765 0.061265
1 0.725100 0.129447 0.058765 0.061265
1 0.676295 0.142292 0.064741 0.070158
1 0.708167 0.115613 0.075697 0.068182
1 0.525896 0.163043 0.100598 0.070158
1 0.541833 0.131423 0.083665 0.068182
3 0.694223 0.161067 0.353586 0.164032
3 0.319721 0.264822 0.366534 0.239130
1 0.361554 0.149209 0.104582 0.056324
1 0.367530 0.189723 0.116534 0.077075
1 0.172311 0.448617 0.164343 0.152174
1 0.321713 0.190711 0.096614 0.083992
1 0.015438 0.619565 0.030877 0.191700
1 0.147410 0.203557 0.091633 0.070158
1 0.177291 0.233202 0.116534 0.083992
1 0.207171 0.169960 0.098606 0.063241
1 0.373506 0.460474 0.187251 0.147233
1 0.042829 0.189723 0.085657 0.063241
1 0.016434 0.223320 0.032869 0.082016
1 0.655379 0.355731 0.151394 0.102767
1 0.459163 0.117589 0.091633 0.072134
1 0.726096 0.262846 0.103586 0.102767
1 0.014193 0.281621 0.028386 0.100791
1 0.954183 0.308300 0.091633 0.106719
