1 0.552525 0.148340 0.073737 0.057054
2 0.497980 0.130705 0.088889 0.084025
1 0.432323 0.171162 0.102020 0.075726
2 0.376768 0.159751 0.087879 0.080913
1 0.323232 0.204357 0.095960 0.078838
1 0.251515 0.195021 0.087879 0.073651
1 0.211111 0.230290 0.096970 0.068465
1 0.141414 0.231328 0.080808 0.059129
1 0.026515 0.276971 0.053030 0.078838
0 0.735354 0.274896 0.095960 0.137967
1 0.853788 0.853734 0.292424 0.253112
1 0.800000 0.609958 0.118182 0.240664
1 0.798990 0.457469 0.091919 0.164938
1 0.840404 0.364108 0.075758 0.142116
1 0.864646 0.306017 0.072727 0.120332
1 0.905050 0.238589 0.064646 0.095436
1 0.929293 0.199170 0.064646 0.091286
1 0.943434 0.167012 0.052525 0.078838
1 0.536364 0.890301 0.302020 0.219398
1 0.155556 0.310166 0.116162 0.100622
1 0.107323 0.858921 0.214646 0.236515
1 0.734343 0.167012 0.095960 0.071577
1 0.013636 0.994035 0.027273 0.011929
