1 0.854323 0.050736 0.042293 0.050736
1 0.834586 0.094926 0.047932 0.056465
1 0.587406 0.193944 0.055451 0.083470
1 0.625940 0.135025 0.047932 0.063830
1 0.718985 0.189034 0.062970 0.085106
1 0.760338 0.819967 0.180451 0.306874
1 0.878759 0.144845 0.060150 0.072013
1 0.553571 0.126841 0.038534 0.058101
2 0.618421 0.092471 0.037594 0.063830
1 0.687970 0.108020 0.046053 0.058101
1 0.968750 0.216039 0.062500 0.094926
1 0.547932 0.085106 0.033835 0.042553
1 0.645677 0.072013 0.038534 0.052373
3 0.453008 0.619476 0.259398 0.707856
