1 0.562500 0.425627 0.105208 0.178315
1 0.486458 0.091398 0.048958 0.068100
1 0.404167 0.137993 0.063542 0.080645
3 0.317708 0.082437 0.146875 0.161290
1 0.448958 0.221326 0.069792 0.095878
1 0.512500 0.803763 0.170833 0.350358
1 0.397917 0.414875 0.116667 0.163978
1 0.214583 0.475806 0.161458 0.199821
1 0.166667 0.299283 0.129167 0.139785
1 0.989323 0.212366 0.021354 0.089606
1 0.837500 0.199821 0.071875 0.085125
1 0.730208 0.153226 0.063542 0.085125
1 0.053125 0.889785 0.106250 0.220430
1 0.848958 0.128136 0.053125 0.057348
1 0.010156 0.653226 0.020312 0.274194
1 0.227083 0.887097 0.270833 0.225807
1 0.865625 0.094086 0.050000 0.052867
