2 0.668459 0.026288 0.032258 0.052575
1 0.689964 0.099785 0.039426 0.074034
1 0.243728 0.638412 0.120968 0.208154
1 0.756272 0.087983 0.039426 0.081545
1 0.823477 0.098712 0.043011 0.076180
2 0.135305 0.312232 0.114695 0.228541
1 0.870968 0.051502 0.042115 0.066524
1 0.705197 0.195279 0.053763 0.107296
1 0.398746 0.120172 0.043011 0.074034
1 0.334229 0.126609 0.045699 0.076180
1 0.954301 0.238197 0.068100 0.107296
1 0.887097 0.446352 0.086918 0.142704
1 0.487455 0.062232 0.039427 0.076180
1 0.551075 0.055794 0.032258 0.070815
1 0.508961 0.026556 0.032258 0.053112
