1 0.252665 0.316327 0.139659 0.209751
1 0.165245 0.192744 0.105544 0.160998
1 0.038913 0.082766 0.077825 0.121315
1 0.360341 0.280045 0.136461 0.180272
1 0.252665 0.183673 0.098081 0.121315
1 0.156716 0.085034 0.093817 0.113379
1 0.073561 0.045635 0.076759 0.091270
1 0.017857 0.027494 0.035714 0.054989
1 0.531983 0.309524 0.170576 0.166667
3 0.352878 0.137188 0.272921 0.274376
1 0.154584 0.042517 0.084222 0.085034
1 0.363539 0.092971 0.122601 0.104308
1 0.283582 0.044218 0.101279 0.088435
1 0.222814 0.017290 0.077825 0.034581
1 0.171642 0.002834 0.068230 0.005669
1 0.482942 0.149660 0.141791 0.115646
1 0.674840 0.192744 0.140725 0.115646
1 0.517058 0.114512 0.111940 0.102041
1 0.400853 0.066893 0.111940 0.096372
2 0.319829 0.027494 0.105544 0.054989
1 0.234542 0.005669 0.077825 0.011338
1 0.300640 0.000000 0.071429 0.000000
1 0.066098 0.029478 0.088486 0.058957
1 0.892324 0.284581 0.188699 0.142857
1 0.063166 0.826531 0.126333 0.260771
2 0.051439 0.582766 0.102878 0.252835
1 0.624733 0.241497 0.153518 0.125850
1 0.372068 0.620181 0.267591 0.204082
1 0.067164 0.981859 0.134328 0.036281
1 0.933635 0.409297 0.132729 0.134921
1 0.969883 0.270975 0.060235 0.082766
