1 0.907040 0.244086 0.051444 0.078495
1 0.786101 0.131183 0.042419 0.063441
1 0.509025 0.951613 0.122744 0.096774
1 0.324007 0.968817 0.137184 0.062366
1 0.111011 0.954839 0.148014 0.090323
1 0.506318 0.756989 0.094765 0.213978
1 0.349278 0.762366 0.097473 0.204301
1 0.194043 0.790323 0.116426 0.232258
1 0.042644 0.833333 0.085289 0.219355
1 0.384477 0.548387 0.086643 0.193548
1 0.245487 0.619355 0.086643 0.167742
1 0.092960 0.633333 0.108303 0.221505
1 0.277076 0.509677 0.075812 0.137634
1 0.170578 0.508602 0.078520 0.147312
1 0.294224 0.422581 0.065885 0.117204
1 0.214801 0.406452 0.065885 0.111828
1 0.329422 0.344086 0.051444 0.098925
1 0.238267 0.337634 0.053249 0.096774
1 0.322202 0.288172 0.042419 0.091398
1 0.252708 0.288172 0.046931 0.087097
1 0.278881 0.243011 0.040614 0.078495
1 0.298736 0.201075 0.043321 0.076344
3 0.349278 0.195699 0.071300 0.191398
3 0.078971 0.452688 0.157942 0.410753
3 0.147112 0.270968 0.114621 0.234409
3 0.207581 0.181720 0.073105 0.178495
3 0.268953 0.105376 0.090253 0.167742
3 0.363718 0.081720 0.054152 0.107527
1 0.710289 0.160215 0.037004 0.061290
1 0.558664 0.207527 0.046931 0.063441
1 0.107401 0.243011 0.033394 0.043011
1 0.041516 0.253763 0.051444 0.074194
0 0.941336 0.275269 0.073105 0.139785
1 0.738267 0.246237 0.051444 0.074194
1 0.829422 0.278495 0.065885 0.098925
1 0.766245 0.363441 0.090253 0.104301
1 0.874549 0.612903 0.123646 0.165591
1 0.981047 0.465591 0.037906 0.109677
