2 0.083604 0.382227 0.167208 0.192719
1 0.281656 0.314775 0.117695 0.137045
1 0.406656 0.261242 0.086851 0.101713
1 0.495942 0.275161 0.068994 0.101713
2 0.174513 0.842345 0.285714 0.315310
1 0.417208 0.689507 0.162338 0.233405
3 0.620130 0.315846 0.190747 0.281585
1 0.047890 0.640257 0.095779 0.231263
1 0.360390 0.579229 0.168019 0.195932
1 0.581169 0.529979 0.116883 0.172377
2 0.168020 0.674518 0.184253 0.292291
1 0.033279 0.867238 0.066558 0.207709
1 0.195617 0.538544 0.168019 0.177730
1 0.380682 0.418630 0.127435 0.134904
1 0.724026 0.366167 0.070617 0.127409
1 0.659091 0.444325 0.081169 0.137045
1 0.495130 0.342612 0.083604 0.146681
1 0.719156 0.290150 0.046266 0.081370
1 0.762987 0.260171 0.043019 0.078158
1 0.773539 0.328694 0.046266 0.098501
