1 0.716630 0.150493 0.042670 0.050987
1 0.011488 0.444901 0.022976 0.120888
1 0.742888 0.217105 0.055799 0.064145
1 0.874179 0.167763 0.052516 0.050987
1 0.854486 0.250822 0.065646 0.072368
1 0.740700 0.287007 0.061269 0.075658
1 0.205689 0.359375 0.096280 0.115132
1 0.982768 0.178454 0.034464 0.060033
1 0.965810 0.262336 0.068381 0.078125
1 0.784464 0.405428 0.088622 0.099507
1 0.952134 0.388158 0.095733 0.099507
1 0.438731 0.231086 0.057987 0.068257
1 0.261488 0.216283 0.052516 0.066612
1 0.391685 0.181743 0.048140 0.058388
1 0.550328 0.189967 0.049234 0.062500
1 0.893873 0.672697 0.143326 0.177632
1 0.335886 0.153783 0.043764 0.050987
1 0.482495 0.152961 0.044858 0.052632
