1 0.462406 0.415323 0.096805 0.195565
1 0.504699 0.760081 0.142857 0.355847
1 0.463346 1.000000 0.202068 0.000000
1 0.730263 0.111895 0.066729 0.104839
0 0.617481 0.051159 0.079887 0.102319
1 0.037594 0.221774 0.075188 0.146169
1 0.432331 0.045615 0.064850 0.091230
3 0.007049 0.427419 0.014098 0.434476
1 0.767857 0.212702 0.106203 0.131048
1 0.568609 0.185484 0.076128 0.129032
1 0.190789 0.183468 0.081767 0.134073
1 0.873120 0.369960 0.142857 0.179435
0 0.287594 0.192540 0.123120 0.289315
3 0.186090 0.069052 0.115602 0.138105
1 0.891917 0.712702 0.213346 0.331653
1 0.085526 0.120968 0.076128 0.107863
