0 0.746939 0.284810 0.101020 0.102848
1 0.352041 0.659810 0.166326 0.213608
1 0.384694 0.355222 0.054082 0.087816
1 0.737755 0.772152 0.280612 0.262658
1 0.271429 0.413766 0.069388 0.101266
1 0.629592 0.552215 0.174490 0.146361
1 0.356122 0.281646 0.047959 0.072785
3 0.291837 0.244462 0.107143 0.180380
3 0.180612 0.254747 0.170408 0.180380
3 0.222449 0.179589 0.110204 0.069620
1 0.498980 0.391614 0.076531 0.132911
1 0.419388 0.235760 0.045918 0.057753
1 0.490816 0.239715 0.043878 0.061709
1 0.503061 0.198576 0.044898 0.043513
1 0.445918 0.183544 0.036735 0.045095
3 0.367347 0.162184 0.069388 0.110759
3 0.083418 0.253956 0.166837 0.142405
1 0.080612 0.375791 0.085714 0.079114
1 0.428571 0.297468 0.045918 0.069620
1 0.494898 0.150316 0.040816 0.052215
1 0.535714 0.160601 0.045918 0.043513
1 0.411224 0.144778 0.023469 0.031646
3 0.050255 0.497627 0.100510 0.350475
