2 0.663079 0.018887 0.037252 0.037773
1 0.703642 0.069583 0.036424 0.075547
1 0.707781 0.256461 0.072020 0.148111
1 0.949710 0.623260 0.100579 0.254473
1 0.286424 0.660040 0.139901 0.275348
1 0.227649 0.477137 0.126656 0.195825
1 0.399834 0.287276 0.070364 0.141153
1 0.345199 0.215706 0.067053 0.113320
1 0.452815 0.118290 0.050497 0.094433
1 0.509934 0.299205 0.067053 0.153082
2 0.402318 0.073559 0.052152 0.136183
1 0.485927 0.039761 0.036424 0.072565
1 0.543874 0.020378 0.032285 0.040755
1 0.500828 0.005716 0.029801 0.011431
