1 0.520367 0.776654 0.229124 0.259191
1 0.792261 0.547794 0.133401 0.160846
1 0.939919 0.432904 0.089613 0.111213
3 0.923371 0.295956 0.153259 0.165441
1 0.847251 0.391544 0.102851 0.102022
3 0.552953 0.522059 0.537678 0.483456
3 0.118126 0.780331 0.236253 0.439338
1 0.270876 0.488051 0.175153 0.128676
3 0.647658 0.266544 0.212831 0.189338
1 0.453157 0.355699 0.123218 0.109375
1 0.263747 0.420037 0.159878 0.135110
1 0.061609 0.500000 0.123218 0.163603
1 0.157841 0.386029 0.158860 0.122243
1 0.373727 0.326287 0.118126 0.109375
3 0.532587 0.247243 0.218941 0.174632
1 0.990326 0.365809 0.019348 0.098346
