1 0.028924 0.327723 0.057847 0.169307
2 0.184105 0.245545 0.160966 0.143564
1 0.471831 0.165347 0.092555 0.080198
1 0.558350 0.138614 0.068410 0.070297
1 0.483903 0.215842 0.089537 0.100990
2 0.129779 0.795545 0.259557 0.408911
1 0.385312 0.597030 0.202213 0.217822
3 0.634809 0.251485 0.236419 0.260396
1 0.313883 0.495050 0.209256 0.183168
1 0.587525 0.452475 0.145875 0.157426
2 0.093310 0.585148 0.186620 0.272277
1 0.109658 0.458416 0.208249 0.169307
1 0.337022 0.349505 0.153924 0.131683
1 0.763582 0.299010 0.089537 0.124752
1 0.683099 0.369307 0.103622 0.126733
1 0.480885 0.278218 0.107646 0.124752
1 0.758551 0.220792 0.056338 0.070297
1 0.812877 0.198020 0.052314 0.065347
1 0.824950 0.262376 0.060362 0.087129
