1 0.843687 0.050633 0.036072 0.034019
1 0.800601 0.041930 0.036072 0.034019
1 0.892786 0.048259 0.031062 0.026108
1 0.832665 0.075949 0.044088 0.034019
1 0.620240 0.475475 0.148297 0.144778
2 0.912826 0.341772 0.096192 0.140823
2 0.718437 0.064873 0.047094 0.049051
1 0.703407 0.050633 0.036072 0.031646
1 0.875752 0.234177 0.071142 0.079114
2 0.600200 0.101266 0.059118 0.050633
1 0.948898 0.162975 0.056112 0.057753
2 0.556112 0.087025 0.056112 0.050633
1 0.583166 0.140823 0.064128 0.054589
1 0.966683 0.587025 0.066633 0.213608
1 0.957916 0.087025 0.040080 0.039557
1 0.401804 0.253165 0.119238 0.086234
1 0.197395 0.229430 0.124248 0.080696
