1 0.558659 0.801636 0.289572 0.329243
1 0.008380 0.651329 0.016760 0.215746
2 0.215084 0.510225 0.237430 0.302659
1 0.496276 0.429448 0.192737 0.191207
2 0.682495 0.344581 0.141527 0.189162
1 0.828678 0.315951 0.126629 0.132924
3 0.931331 0.236196 0.137337 0.220859
2 0.151769 0.410020 0.261639 0.268916
1 0.426443 0.350716 0.168529 0.171779
1 0.606145 0.273006 0.148045 0.145194
1 0.367784 0.263804 0.167598 0.148262
1 0.645251 0.211656 0.126629 0.116564
1 0.832402 0.133947 0.077281 0.082822
1 0.983007 0.111452 0.033985 0.060327
1 0.008380 0.130879 0.016760 0.125767
1 0.119181 0.129857 0.148045 0.121677
1 0.291434 0.105317 0.131285 0.104294
1 0.450652 0.091002 0.112663 0.097137
3 0.631285 0.060327 0.229981 0.120654
1 0.017691 0.100204 0.035382 0.086912
1 0.136872 0.083845 0.138734 0.092025
1 0.303538 0.067485 0.121974 0.092025
1 0.443203 0.048057 0.103352 0.084867
1 0.670391 0.042945 0.066108 0.070552
1 0.778399 0.069530 0.074488 0.065440
1 0.770019 0.036810 0.070763 0.058282
1 0.859404 0.063395 0.059590 0.067485
1 0.861266 0.032720 0.049348 0.053170
1 0.920857 0.061350 0.048417 0.058282
1 0.906890 0.029908 0.049348 0.059816
