2 0.364754 0.059289 0.038525 0.077075
2 0.821311 0.246047 0.087705 0.203557
1 0.339344 0.167984 0.043443 0.088933
1 0.627869 0.264822 0.058197 0.102767
1 0.260656 0.157115 0.049180 0.086957
1 0.187705 0.161067 0.053279 0.083992
2 0.736885 0.150198 0.066393 0.145257
1 0.140164 0.104743 0.048361 0.075099
1 0.313934 0.322134 0.069672 0.143281
1 0.586885 0.057312 0.035246 0.058300
1 0.631148 0.051383 0.033607 0.056324
1 0.021311 0.395257 0.042623 0.138340
1 0.047541 0.879447 0.095082 0.241107
1 0.520492 0.021245 0.030328 0.042490
