1 0.450000 0.503185 0.111017 0.194268
1 0.374576 0.374735 0.080508 0.148620
1 0.273729 0.284501 0.074576 0.110403
1 0.217797 0.236730 0.055085 0.082803
1 0.175424 0.199575 0.051695 0.075372
1 0.536441 0.462845 0.108475 0.156051
1 0.450000 0.377919 0.083898 0.113588
1 0.374576 0.288747 0.072034 0.108280
1 0.311864 0.246285 0.057627 0.082803
1 0.251695 0.208068 0.058475 0.080679
1 0.673729 0.495754 0.127966 0.153928
3 0.531356 0.316348 0.217797 0.301486
1 0.375424 0.236730 0.063559 0.093418
1 0.550000 0.309979 0.073729 0.080679
1 0.482203 0.262208 0.077966 0.080679
1 0.428814 0.208068 0.064407 0.073248
1 0.385593 0.176221 0.054237 0.062633
1 0.646610 0.353503 0.090678 0.097665
1 0.788136 0.389597 0.114407 0.108280
1 0.663559 0.320594 0.078814 0.097665
1 0.575424 0.265393 0.067797 0.075372
2 0.513559 0.211253 0.070339 0.082803
1 0.433898 0.171975 0.055085 0.075372
1 0.495763 0.174098 0.051695 0.067941
1 0.102966 0.781316 0.205932 0.185775
1 0.305085 0.199575 0.068644 0.080679
1 0.390678 0.875796 0.230508 0.218684
1 0.942161 0.479830 0.115678 0.145435
1 0.724576 0.948514 0.277966 0.102972
2 0.745763 0.774947 0.244068 0.233546
1 0.780508 0.459660 0.125424 0.113588
1 0.199153 0.158174 0.061864 0.075372
