1 0.486957 0.407473 0.089565 0.172598
1 0.447826 0.711744 0.132174 0.314057
1 0.486087 0.961744 0.186956 0.076512
1 0.420000 0.101423 0.047826 0.078292
1 0.362609 0.057829 0.045217 0.069395
1 0.155652 0.160142 0.069565 0.101423
1 0.136522 0.277580 0.072174 0.124555
0 0.221739 0.271352 0.183478 0.356762
1 0.957174 0.280249 0.085652 0.120107
1 0.840870 0.136121 0.075652 0.092527
1 0.514783 0.079181 0.060000 0.084520
1 0.391304 0.218861 0.065217 0.112100
2 0.690435 0.159253 0.056522 0.101423
1 0.613913 0.156584 0.056522 0.095196
3 0.814783 0.165480 0.180000 0.269573
1 0.047826 0.480427 0.095652 0.188612
