1 0.890020 0.937500 0.219959 0.125000
1 0.039715 0.041406 0.033605 0.033594
1 0.173116 0.729688 0.171079 0.250000
1 0.205703 0.064844 0.045825 0.039062
1 0.149695 0.066406 0.039715 0.040625
1 0.137475 0.089062 0.049898 0.042969
1 0.294297 0.063281 0.052953 0.040625
1 0.328921 0.098438 0.062118 0.042969
2 0.182281 0.208594 0.092668 0.109375
1 0.054990 0.226562 0.068228 0.079687
1 0.038697 0.125781 0.060081 0.070312
1 0.495927 0.119531 0.068228 0.059375
1 0.344196 0.178125 0.080448 0.057031
1 0.816701 0.239844 0.133401 0.086719
1 0.809572 0.300000 0.149694 0.096094
1 0.792261 0.364844 0.146639 0.107031
