3 0.668728 0.543993 0.652827 0.567682
0 0.236749 0.335871 0.196996 0.263113
1 0.106007 0.333333 0.103357 0.109983
1 0.034894 0.292724 0.069788 0.093909
1 0.921378 0.324873 0.157244 0.152284
1 0.677562 0.268189 0.173145 0.126058
1 0.965548 0.265651 0.068905 0.131980
3 0.426678 0.172589 0.299470 0.204738
3 0.686396 0.157360 0.366608 0.234349
1 0.232332 0.182741 0.076855 0.074450
3 0.290636 0.123519 0.212014 0.150592
1 0.157244 0.171743 0.077739 0.070220
3 0.103357 0.100677 0.176678 0.102369
2 0.803004 0.458545 0.226148 0.247039
1 0.536219 0.393401 0.183746 0.158206
2 0.362191 0.318951 0.133392 0.152284
1 0.221731 0.296954 0.119258 0.109983
3 0.094081 0.227580 0.188163 0.186125
