0 0.680747 0.332665 0.098232 0.149299
1 0.916748 0.800601 0.166503 0.289579
1 0.743615 0.699399 0.105108 0.206413
1 0.722004 0.538076 0.089391 0.154309
1 0.750491 0.417836 0.081532 0.135271
1 0.793713 0.354709 0.066798 0.109218
1 0.845776 0.300601 0.058939 0.095190
1 0.875246 0.255511 0.061886 0.078156
1 0.602161 0.977956 0.318271 0.044088
2 0.425344 0.196393 0.061886 0.064128
1 0.555010 0.258517 0.087426 0.076152
1 0.155697 0.961924 0.311395 0.076152
1 0.938114 0.225451 0.086444 0.073146
1 0.781925 0.211423 0.082515 0.059118
3 0.077112 0.271543 0.154224 0.206413
