1 0.251825 0.065957 0.030109 0.045745
1 0.368613 0.870213 0.167883 0.259574
1 0.916286 0.903723 0.167427 0.192553
1 0.306569 0.091489 0.039234 0.053191
1 0.353102 0.082979 0.040146 0.053191
1 0.276460 0.105319 0.039234 0.045745
1 0.342153 0.147872 0.044708 0.050000
1 0.243613 0.341489 0.072080 0.113830
2 0.098540 0.279787 0.053832 0.123404
2 0.461679 0.127660 0.057482 0.082979
1 0.501825 0.113830 0.046533 0.058511
1 0.132299 0.193617 0.042883 0.073404
2 0.625000 0.202128 0.079380 0.093617
1 0.097628 0.146809 0.037409 0.068085
2 0.712591 0.193617 0.083029 0.097872
1 0.692518 0.296808 0.093978 0.108511
1 0.023266 0.387234 0.046533 0.145745
1 0.099453 0.075532 0.028285 0.040426
2 0.001369 0.217021 0.002737 0.106383
