0 0.326224 0.282297 0.075829 0.107656
1 0.567141 0.242424 0.034755 0.060606
1 0.574250 0.195375 0.031596 0.041467
1 0.545814 0.151515 0.031596 0.035885
1 0.518957 0.162679 0.032385 0.043860
1 0.526856 0.137161 0.033965 0.034290
2 0.600316 0.167464 0.035545 0.052632
2 0.625592 0.191388 0.030806 0.058214
1 0.578989 0.157895 0.034755 0.035885
1 0.827014 0.299043 0.075039 0.062201
1 0.760664 0.205742 0.054502 0.047049
2 0.597946 0.142743 0.031596 0.037480
1 0.925750 0.325359 0.079779 0.064593
1 0.487362 0.140351 0.029226 0.034290
