1 0.319349 0.208260 0.035103 0.060633
1 0.621575 0.651142 0.093322 0.162566
1 0.362158 0.281195 0.045377 0.087873
1 0.244863 0.231986 0.036815 0.056239
1 0.577911 0.427944 0.061644 0.106327
0 0.703767 0.461336 0.091610 0.239895
1 0.800514 0.449912 0.081336 0.118629
1 0.196918 0.224077 0.036815 0.050088
1 0.771404 0.325132 0.052226 0.074692
1 0.666952 0.302285 0.050514 0.066784
1 0.684932 0.238137 0.035103 0.048330
1 0.289384 0.651142 0.092466 0.156415
1 0.057363 0.853251 0.114726 0.209139
1 0.012842 0.596661 0.025685 0.142355
