1 0.232506 0.212069 0.163657 0.110345
2 0.396162 0.172414 0.141084 0.098276
1 0.549661 0.145690 0.102709 0.075862
1 0.650113 0.125862 0.081264 0.069828
1 0.564334 0.184483 0.102709 0.081897
2 0.152088 0.691379 0.304176 0.359483
1 0.445824 0.515517 0.229120 0.187931
3 0.727991 0.218966 0.266366 0.228448
1 0.364560 0.429310 0.240406 0.161207
1 0.669300 0.388793 0.163657 0.138793
2 0.113149 0.499138 0.226298 0.225000
1 0.180587 0.377586 0.224605 0.138793
1 0.389391 0.296552 0.180587 0.114655
1 0.870203 0.255172 0.095937 0.106035
1 0.777652 0.319828 0.111738 0.104310
1 0.553047 0.237069 0.118510 0.118103
1 0.862302 0.191379 0.071106 0.065517
1 0.924379 0.167241 0.058691 0.061207
1 0.936795 0.222414 0.064334 0.075862
