1 0.260261 0.834917 0.161381 0.233967
3 0.620336 0.289786 0.160448 0.203088
1 0.528918 0.686461 0.127798 0.185273
1 0.507463 0.571259 0.109142 0.154394
1 0.658582 0.543943 0.097948 0.149644
1 0.484142 0.410926 0.079291 0.096200
1 0.389925 0.476247 0.105410 0.115202
1 0.627799 0.448931 0.097015 0.109264
1 0.724813 0.312352 0.055037 0.084323
1 0.254664 0.565321 0.133396 0.135392
1 0.093284 0.654394 0.160448 0.152019
1 0.298507 0.992280 0.224813 0.015439
1 0.717351 0.371734 0.075560 0.090261
2 0.664179 0.338480 0.078358 0.109264
1 0.698694 0.615202 0.114739 0.182898
1 0.778918 0.498812 0.079291 0.141330
2 0.596082 0.389549 0.071828 0.106888
1 0.737873 0.442993 0.079291 0.121140
1 0.864739 0.421615 0.071828 0.109264
2 0.940532 0.907957 0.118937 0.184086
2 0.808769 0.345606 0.105410 0.154394
1 0.654851 0.962292 0.271455 0.075416
1 0.892724 0.328979 0.055970 0.076009
1 0.939366 0.349169 0.063433 0.090261
1 0.081390 0.744656 0.162780 0.172209
1 0.996968 0.305226 0.006063 0.081948
