0 0.422105 0.249516 0.100000 0.130561
1 0.254737 0.880561 0.306316 0.238878
1 0.809474 0.693424 0.189474 0.264023
1 0.952632 0.388781 0.067368 0.128627
1 0.904211 0.091876 0.037895 0.048356
1 0.807368 0.234043 0.047368 0.085106
1 0.813684 0.413926 0.084211 0.147002
1 0.392632 0.638298 0.248421 0.247582
1 0.887368 0.234043 0.058947 0.085106
1 0.915789 0.111219 0.045263 0.036750
1 0.925263 0.148936 0.045263 0.053191
1 0.653684 0.412959 0.096842 0.165377
1 0.754737 0.314313 0.058947 0.103482
1 0.792632 0.165377 0.045263 0.078337
3 0.853684 0.124758 0.081053 0.160542
3 0.978684 0.275629 0.042632 0.261122
3 0.981842 0.154739 0.036316 0.118956
1 0.689474 0.228240 0.051579 0.105416
1 0.732632 0.130561 0.043158 0.059961
1 0.655789 0.128627 0.043158 0.055126
1 0.627368 0.088975 0.038947 0.045455
1 0.683158 0.080271 0.038947 0.050290
3 0.790526 0.060928 0.066316 0.098646
1 0.746316 0.188588 0.041053 0.075435
