1 0.631285 0.807692 0.108939 0.224359
1 0.557728 0.205929 0.040037 0.051282
2 0.815642 0.842147 0.142458 0.239583
1 0.598696 0.213141 0.038175 0.055288
2 0.636872 0.207532 0.037244 0.064904
1 0.910615 0.433494 0.090317 0.106571
1 0.470205 0.177885 0.032588 0.041667
1 0.419925 0.193910 0.036313 0.041667
3 0.942970 0.386218 0.114060 0.294071
1 0.449721 0.236378 0.038175 0.051282
1 0.352886 0.257212 0.056797 0.064904
1 0.676909 0.222756 0.033520 0.049679
1 0.779330 0.258013 0.049348 0.060897
3 0.354749 0.388622 0.111732 0.224359
1 0.135009 0.376603 0.107076 0.098558
1 0.715084 0.209135 0.040968 0.045673
1 0.162942 0.605769 0.130354 0.146635
