0 0.795898 0.454545 0.381836 0.544318
1 0.295898 0.309091 0.149414 0.180682
1 0.094727 0.195455 0.104492 0.121591
3 0.028564 0.104830 0.057129 0.209659
1 0.941895 0.202273 0.116211 0.210227
3 0.635742 0.096591 0.374023 0.193182
3 0.888916 0.106534 0.222168 0.213068
1 0.325195 0.046307 0.086914 0.092614
3 0.383789 0.028977 0.234375 0.057955
1 0.236328 0.034375 0.085937 0.068750
2 0.912598 0.406818 0.174805 0.331818
1 0.655273 0.319318 0.203125 0.212500
2 0.462891 0.219318 0.147461 0.204545
1 0.307617 0.189773 0.131836 0.147727
3 0.155273 0.110795 0.230469 0.221591
