3 0.286436 0.546453 0.572872 0.566723
0 0.700000 0.338682 0.237234 0.262669
1 0.857447 0.336149 0.124468 0.109797
1 0.949734 0.288007 0.100532 0.100507
3 0.995213 0.230574 0.009574 0.160473
1 0.171277 0.269426 0.209574 0.128378
3 0.471277 0.175676 0.360638 0.204392
3 0.189628 0.160473 0.379255 0.233953
1 0.705319 0.179899 0.093617 0.076014
3 0.635106 0.126689 0.255319 0.150338
1 0.795745 0.174831 0.093617 0.070101
3 0.860638 0.103885 0.212766 0.102196
2 0.077128 0.461149 0.154255 0.246622
1 0.339362 0.396115 0.221277 0.157939
2 0.548936 0.321791 0.160638 0.152027
1 0.718085 0.299831 0.143617 0.109797
3 0.879255 0.230574 0.241489 0.185811
