2 0.017072 0.319502 0.034143 0.189834
1 0.223380 0.246888 0.167824 0.132780
1 0.393519 0.189834 0.126157 0.103734
1 0.598380 0.121369 0.091435 0.086100
1 0.528935 0.208506 0.098380 0.098548
2 0.137153 0.802645 0.274306 0.394710
1 0.416667 0.609958 0.231481 0.226141
3 0.706019 0.247925 0.271991 0.272822
1 0.335648 0.503112 0.239583 0.189834
1 0.650463 0.455394 0.166667 0.167012
2 0.096354 0.595436 0.192708 0.283195
1 0.110243 0.463693 0.220486 0.172199
1 0.364583 0.347510 0.181713 0.130705
1 0.854167 0.296680 0.100694 0.123444
1 0.761574 0.372407 0.115741 0.132780
1 0.527778 0.273859 0.119213 0.142116
1 0.847222 0.223029 0.065972 0.078838
1 0.909722 0.193983 0.061343 0.075726
1 0.924769 0.260373 0.065972 0.095436
