1 0.698020 0.302299 0.151485 0.188506
1 0.081683 0.409195 0.163366 0.280460
2 0.472277 0.217241 0.165347 0.218391
1 0.669307 0.171264 0.134653 0.155172
3 0.820792 0.104598 0.237624 0.209195
1 0.931683 0.082759 0.074257 0.101149
1 0.975743 0.068965 0.048515 0.097701
2 0.046287 0.272414 0.092574 0.300000
1 0.243564 0.202299 0.178218 0.193103
1 0.436634 0.122988 0.159406 0.166667
1 0.593069 0.085057 0.129703 0.136782
1 0.698020 0.062069 0.091089 0.111494
1 0.800990 0.034483 0.075248 0.068966
1 0.907921 0.030460 0.059406 0.060920
1 0.600990 0.014655 0.088119 0.029310
1 0.705941 0.020690 0.078218 0.041379
1 0.925743 0.021264 0.051485 0.042529
