1 0.332516 0.454137 0.111111 0.213129
2 0.370098 0.231115 0.058824 0.166367
1 0.256536 0.226619 0.079248 0.133993
1 0.365196 0.088129 0.045752 0.096223
1 0.202614 0.010342 0.040033 0.020683
1 0.205065 0.035971 0.042484 0.071942
1 0.457516 0.197842 0.069444 0.113309
1 0.118464 0.070144 0.059641 0.080935
1 0.323529 0.024281 0.036765 0.048561
1 0.384804 0.001574 0.031863 0.003147
1 0.041667 0.117806 0.069444 0.104317
1 0.113562 0.180755 0.075980 0.119604
1 0.034314 0.059353 0.062092 0.085432
3 0.441993 0.030126 0.055556 0.060252
