1 0.678501 0.038007 0.039448 0.076014
1 0.740631 0.040541 0.036489 0.064189
1 0.708087 0.094595 0.046351 0.085586
1 0.748521 0.170045 0.063116 0.103604
1 0.656805 0.208333 0.058185 0.117117
1 0.853057 0.208333 0.071992 0.122748
1 0.807692 0.367117 0.097633 0.186937
1 0.729783 0.569820 0.135108 0.259009
1 0.969675 0.604730 0.060651 0.253378
1 0.298817 0.208333 0.064103 0.101351
1 0.127219 0.992399 0.243590 0.015203
1 0.336292 0.296171 0.075937 0.128378
1 0.263314 0.557432 0.133136 0.213964
2 0.443787 0.155405 0.052268 0.136261
1 0.531558 0.163288 0.051282 0.099099
1 0.426035 0.084459 0.038462 0.069820
1 0.548323 0.069820 0.035503 0.072072
1 0.479290 0.037162 0.032544 0.064189
