1 0.166667 0.280120 0.195783 0.166667
1 0.545181 0.186747 0.136546 0.126506
1 0.699799 0.148594 0.104418 0.104418
3 0.258283 0.549197 0.516566 0.673695
0 0.636546 0.302209 0.223896 0.312249
1 0.785141 0.299197 0.117470 0.130522
1 0.876506 0.241968 0.103414 0.119478
3 0.955321 0.173695 0.089357 0.190763
1 0.137550 0.219880 0.197791 0.152610
3 0.420683 0.114960 0.340361 0.229920
3 0.166918 0.114709 0.333835 0.229418
1 0.641566 0.113454 0.088353 0.090361
3 0.575301 0.069779 0.240964 0.139558
1 0.726908 0.107430 0.088353 0.083333
3 0.788153 0.041918 0.200803 0.083835
2 0.060743 0.447791 0.121486 0.293173
1 0.296185 0.370482 0.208835 0.187751
2 0.493976 0.282128 0.151606 0.180723
1 0.653614 0.256024 0.135542 0.130522
3 0.810241 0.173695 0.236948 0.220884
