1 0.540230 0.753670 0.317050 0.282219
1 0.969588 0.503263 0.060824 0.150897
1 0.025862 0.610114 0.051724 0.170473
2 0.255747 0.498369 0.244253 0.241436
1 0.545019 0.433931 0.198276 0.152529
2 0.735632 0.366232 0.144636 0.150897
1 0.886973 0.343393 0.130268 0.106036
3 0.960489 0.279772 0.079023 0.176183
2 0.189655 0.418434 0.271073 0.218597
1 0.472222 0.370310 0.173372 0.135400
1 0.659962 0.310767 0.150383 0.123980
0 0.426245 0.203915 0.218391 0.194943
1 0.818008 0.236542 0.096743 0.077488
1 0.949234 0.227569 0.069923 0.059543
1 0.025862 0.196574 0.051724 0.099511
1 0.156130 0.194943 0.152299 0.097064
1 0.334291 0.176998 0.135058 0.083197
1 0.497126 0.163948 0.115900 0.077488
3 0.684866 0.120718 0.236590 0.133768
1 0.039990 0.169657 0.079981 0.069331
1 0.181992 0.157423 0.141762 0.073409
1 0.348659 0.146003 0.126437 0.073409
1 0.508621 0.129690 0.110153 0.071778
1 0.740421 0.125612 0.065134 0.056281
1 0.834291 0.146003 0.075671 0.050571
1 0.829502 0.119902 0.075671 0.046493
1 0.918582 0.141925 0.062261 0.053834
1 0.926245 0.116639 0.048851 0.040783
1 0.978209 0.141109 0.043582 0.046493
1 0.974138 0.115008 0.050766 0.048124
