1 0.657044 0.902637 0.308314 0.194726
1 0.288684 0.530426 0.160508 0.194726
1 0.046478 0.255578 0.092956 0.105477
1 0.558891 0.618661 0.197460 0.228195
1 0.292148 0.363083 0.138568 0.138945
1 0.362587 0.222110 0.114319 0.084179
1 0.275982 0.177485 0.101617 0.077079
1 0.191686 0.136917 0.087760 0.069980
1 0.133949 0.108519 0.075058 0.057809
1 0.481524 0.278905 0.133949 0.101420
1 0.682448 0.305274 0.160508 0.098377
1 0.509238 0.240365 0.121247 0.089250
1 0.382217 0.188641 0.105081 0.077079
2 0.296767 0.137931 0.092379 0.074037
1 0.205543 0.099391 0.079677 0.066937
1 0.275982 0.098377 0.075058 0.055781
1 0.911952 0.828600 0.176097 0.315416
1 0.906178 0.388438 0.187644 0.127789
1 0.628176 0.361055 0.162818 0.115619
1 0.397229 0.307302 0.135104 0.147059
1 0.140878 0.173428 0.093534 0.089250
1 0.857968 0.454361 0.211316 0.136917
1 0.363741 0.136917 0.095843 0.062880
1 0.080831 0.211968 0.101617 0.096349
1 0.480370 0.183570 0.106236 0.064909
