1 0.350288 0.864601 0.200576 0.270798
1 0.434741 0.456706 0.118042 0.168930
1 0.285029 0.053480 0.038388 0.048387
2 0.448177 0.276740 0.069098 0.130730
1 0.256238 0.073005 0.039347 0.052632
1 0.450096 0.182513 0.054702 0.070458
1 0.202495 0.067912 0.048944 0.052632
1 0.327255 0.079796 0.045106 0.054329
1 0.560461 0.094228 0.039347 0.061969
2 0.482726 0.092530 0.045106 0.080645
1 0.371401 0.160441 0.057582 0.082343
2 0.173704 0.136672 0.071977 0.094228
1 0.577735 0.232598 0.077735 0.086587
1 0.511516 0.067912 0.030710 0.056027
1 0.067179 0.237691 0.099808 0.098472
1 0.428023 0.054329 0.041267 0.058574
3 0.651631 0.507640 0.214012 0.521222
