1 0.433884 0.491525 0.168388 0.271187
1 0.580578 0.277542 0.119835 0.185381
1 0.752066 0.113347 0.099174 0.128178
1 0.830579 0.048729 0.074380 0.082627
1 0.899793 0.019597 0.067149 0.039195
1 0.175620 0.659958 0.198347 0.320975
1 0.403926 0.327331 0.144628 0.177966
1 0.606405 0.134534 0.099174 0.117585
1 0.720041 0.058263 0.071281 0.093220
1 0.804752 0.026218 0.078512 0.052436
3 0.183368 0.343220 0.366736 0.509534
1 0.575413 0.084746 0.091942 0.097458
1 0.441116 0.098517 0.104339 0.095339
1 0.517562 0.048729 0.091942 0.082627
1 0.588843 0.024629 0.079545 0.049258
1 0.645661 0.009534 0.067149 0.019068
1 0.326446 0.161017 0.140496 0.102754
1 0.157025 0.185381 0.147727 0.093220
1 0.310950 0.126059 0.115702 0.102754
1 0.424587 0.068856 0.090909 0.087924
2 0.500000 0.022246 0.082645 0.044492
1 0.583678 0.003443 0.074380 0.006886
1 0.695248 0.030720 0.087810 0.061441
1 0.016012 0.281780 0.032025 0.143008
2 0.966942 0.551907 0.066116 0.228814
1 0.170455 0.273305 0.161157 0.133475
1 0.808884 0.002383 0.081612 0.004767
1 0.694215 0.587924 0.256198 0.201271
1 0.050620 0.336864 0.101240 0.145127
1 0.433884 0.024629 0.083678 0.049258
1 0.193182 0.128178 0.129132 0.097458
