1 0.369565 0.666938 0.114548 0.223941
1 0.630435 0.178339 0.035953 0.052117
1 0.219900 0.404723 0.081104 0.109935
1 0.329431 0.422638 0.076923 0.114007
1 0.468227 0.338762 0.053512 0.088762
1 0.291806 0.310261 0.056020 0.081433
1 0.366221 0.319218 0.054348 0.083062
1 0.646321 0.258143 0.045987 0.078990
1 0.743311 0.289088 0.054348 0.088762
1 0.487458 0.238599 0.039298 0.061889
1 0.716555 0.534202 0.096990 0.173453
1 0.893813 0.365635 0.072742 0.094463
1 0.489130 0.184039 0.030100 0.052117
0 0.433110 0.179153 0.040970 0.109935
1 0.385451 0.175896 0.036789 0.056189
1 0.997492 0.410423 0.005017 0.108306
