1 0.090361 0.320197 0.168675 0.150246
2 0.277969 0.249589 0.133391 0.116585
1 0.515491 0.178161 0.079174 0.066502
1 0.589501 0.155993 0.058520 0.058292
1 0.525818 0.220033 0.076592 0.083744
2 0.184165 0.703612 0.299484 0.344828
1 0.441480 0.536125 0.172978 0.180624
3 0.654905 0.249590 0.202238 0.215928
1 0.049699 0.504105 0.099398 0.187192
1 0.380379 0.451560 0.179002 0.151888
1 0.614458 0.416256 0.124785 0.130542
2 0.175559 0.526273 0.191911 0.225780
1 0.037005 0.673235 0.074010 0.157635
1 0.205680 0.421182 0.178141 0.140394
1 0.400172 0.330870 0.131670 0.109195
1 0.765060 0.288998 0.076592 0.103448
1 0.696213 0.347291 0.088640 0.105090
1 0.523236 0.271757 0.092083 0.103448
1 0.760757 0.224138 0.048193 0.058292
1 0.807229 0.205255 0.044750 0.054187
1 0.817556 0.258621 0.051635 0.072250
