1 0.945961 0.264509 0.108079 0.098214
1 0.914847 0.316964 0.160480 0.102679
1 0.805677 0.193080 0.104803 0.092634
1 0.776201 0.226562 0.125546 0.090402
1 0.754367 0.122768 0.096070 0.077009
1 0.681223 0.127232 0.092795 0.073661
1 0.667031 0.169643 0.101528 0.100446
1 0.669214 0.073661 0.077511 0.069196
1 0.599345 0.074777 0.086245 0.081473
1 0.579694 0.117187 0.096070 0.071429
1 0.578603 0.029018 0.065502 0.052455
1 0.510917 0.036830 0.073144 0.073661
1 0.498908 0.068080 0.079694 0.077009
1 0.445415 0.037946 0.062227 0.058036
1 0.923308 1.000000 0.153384 0.000000
1 0.520742 0.353795 0.143013 0.212054
1 0.167031 0.034040 0.084061 0.068080
