1 0.158849 0.017735 0.144989 0.035469
1 0.458422 0.521739 0.231343 0.330664
2 0.091151 0.625858 0.182303 0.485126
1 0.317697 0.390160 0.213220 0.251716
3 0.579957 0.068364 0.244136 0.136728
1 0.242004 0.272311 0.229211 0.211670
1 0.533049 0.210526 0.153518 0.181922
2 0.056770 0.369565 0.113539 0.308924
1 0.087687 0.208238 0.175373 0.187643
1 0.267591 0.100687 0.167377 0.152174
1 0.717484 0.053776 0.098081 0.107551
1 0.634328 0.116705 0.107676 0.138444
1 0.424307 0.044908 0.109808 0.089817
1 0.782516 0.014588 0.063966 0.029176
