1 0.597962 0.470315 0.050940 0.076994
1 0.546238 0.463822 0.047022 0.092764
1 0.659875 0.532468 0.050940 0.088126
1 0.579154 0.506494 0.062696 0.078850
1 0.424765 0.940631 0.102665 0.118738
3 0.706897 0.756957 0.193574 0.457328
1 0.496865 0.475881 0.054075 0.085343
1 0.483542 0.398887 0.057210 0.065863
1 0.452194 0.823748 0.086991 0.179963
1 0.456113 0.718924 0.071317 0.142857
1 0.471003 0.641929 0.068182 0.131725
2 0.462382 0.504638 0.047806 0.114100
1 0.416144 0.574212 0.065047 0.114100
1 0.347179 0.520408 0.058777 0.116883
1 0.374608 0.474954 0.044671 0.078850
1 0.576019 0.576994 0.088558 0.099258
1 0.333072 0.404453 0.038401 0.059369
