1 0.740975 0.946764 0.215704 0.106472
1 0.156137 0.651357 0.116426 0.234864
1 0.518953 0.667015 0.143502 0.312108
1 0.719314 0.264092 0.067690 0.076200
1 0.657040 0.640919 0.157942 0.234864
1 0.665162 0.504175 0.109206 0.175365
1 0.795126 0.273486 0.072202 0.084551
1 0.385379 0.450939 0.103791 0.207724
1 0.630866 0.390397 0.103791 0.124217
1 0.442238 0.373695 0.074910 0.128393
1 0.816787 0.368476 0.100181 0.104384
1 0.226534 0.335073 0.086643 0.151357
2 0.967058 0.401879 0.065885 0.173278
1 0.390794 0.291232 0.064982 0.104384
