1 0.047009 0.111714 0.092949 0.087852
1 0.037927 0.072668 0.075855 0.074837
3 0.116987 0.038774 0.233974 0.077549
1 0.127137 0.172451 0.095085 0.103037
1 0.233974 0.151844 0.099359 0.095445
1 0.233974 0.244035 0.105769 0.120390
1 0.373932 0.227766 0.115385 0.120390
1 0.385684 0.387202 0.131410 0.144252
1 0.542735 0.366594 0.139957 0.140998
2 0.387821 0.107375 0.115385 0.118221
1 0.993857 0.436009 0.012286 0.182213
1 0.701923 0.554230 0.153846 0.189805
1 0.517094 0.619306 0.169872 0.215835
1 0.924145 0.216920 0.105769 0.148590
1 0.835470 0.145336 0.076923 0.103037
3 0.694444 0.120390 0.206197 0.240781
1 0.771367 0.401302 0.158120 0.136659
1 0.923611 0.913232 0.152778 0.173536
