2 0.508460 0.153043 0.071912 0.060000
1 0.505076 0.180870 0.071912 0.049565
1 0.351100 0.189565 0.074450 0.051304
1 0.357868 0.210435 0.076988 0.047826
1 0.233503 0.226957 0.075296 0.049565
1 0.190355 0.249565 0.088833 0.053913
0 0.684433 0.276522 0.081218 0.115652
1 0.873096 0.665217 0.163283 0.237391
1 0.719966 0.500870 0.070220 0.148696
1 0.765651 0.341739 0.071912 0.105217
1 0.802877 0.249565 0.056684 0.086957
1 0.829949 0.206087 0.047377 0.067826
1 0.875635 0.907826 0.248731 0.184348
1 0.378173 0.951304 0.285110 0.097391
1 0.513536 0.220870 0.078680 0.066087
1 0.219120 0.810435 0.241117 0.189565
1 0.628596 0.179130 0.071912 0.060000
1 0.862944 0.149565 0.075296 0.055652
1 0.909475 0.178261 0.077834 0.063478
