1 0.652284 0.114865 0.041455 0.064189
1 0.645516 0.086149 0.030457 0.048142
2 0.691201 0.171453 0.058376 0.103885
1 0.794416 0.368243 0.088832 0.141892
1 0.239425 0.784628 0.175973 0.330236
1 0.181049 0.493243 0.114213 0.163851
1 0.265651 0.554899 0.124365 0.172297
1 0.397631 0.271959 0.060914 0.102196
1 0.363790 0.211149 0.057530 0.084459
1 0.443316 0.166385 0.047377 0.071791
1 0.500000 0.287162 0.068528 0.112331
1 0.399323 0.126689 0.039763 0.059966
1 0.471235 0.093750 0.034687 0.049831
1 0.518613 0.102196 0.034687 0.049831
2 0.437394 0.063345 0.038071 0.071791
