1 0.708333 0.246004 0.050725 0.084369
1 0.373188 0.087034 0.029891 0.052398
1 0.317935 0.103908 0.032609 0.058615
1 0.344203 0.135879 0.044384 0.073712
1 0.533514 0.333925 0.069746 0.119893
1 0.278080 0.150977 0.046196 0.064831
1 0.668478 0.415631 0.094203 0.136767
1 0.563406 0.152753 0.042572 0.071936
1 0.497283 0.235346 0.054348 0.078153
1 0.293478 0.264654 0.064312 0.105684
1 0.183877 0.269982 0.076993 0.103020
1 0.500906 0.148313 0.037138 0.063055
1 0.580616 0.122558 0.033514 0.056838
1 0.537138 0.092362 0.028985 0.041741
1 0.082428 0.650977 0.156703 0.204263
