3 0.658860 0.687758 0.682280 0.624483
0 0.182844 0.467975 0.251693 0.321281
1 0.040914 0.464876 0.081828 0.134298
1 0.979966 0.455579 0.040068 0.180785
1 0.743792 0.383264 0.222348 0.157025
3 0.425508 0.268595 0.382619 0.250000
3 0.757336 0.250000 0.468397 0.286157
1 0.177201 0.273760 0.099323 0.092975
3 0.251693 0.208678 0.270880 0.183884
1 0.081264 0.267562 0.099323 0.085744
3 0.062641 0.180785 0.125282 0.125000
2 0.880925 0.617769 0.238149 0.301653
1 0.565463 0.538223 0.234763 0.193182
2 0.343115 0.447314 0.170429 0.185950
1 0.163657 0.420455 0.152370 0.134298
3 0.060384 0.335744 0.120767 0.227273
