0 0.440901 0.785714 0.352720 0.358193
1 0.764540 0.201681 0.113508 0.105042
1 0.642589 0.241597 0.116323 0.087185
1 0.466229 0.285714 0.132270 0.121849
0 0.272983 0.265756 0.181051 0.161765
1 0.453096 0.234244 0.117261 0.087185
1 0.591932 0.210084 0.108818 0.092437
1 0.714822 0.179622 0.087242 0.079832
1 0.457786 0.151261 0.092870 0.076681
1 0.330206 0.185924 0.122889 0.109244
2 0.152908 0.227941 0.165103 0.199580
1 0.012899 0.272059 0.025797 0.089286
1 0.008443 0.330882 0.016885 0.099790
1 0.021576 0.566176 0.043152 0.141807
