1 0.325472 0.903806 0.109434 0.192389
1 0.400943 0.162791 0.040566 0.065539
2 0.140566 0.914905 0.139623 0.170190
1 0.054717 0.473573 0.105660 0.197674
1 0.591509 0.190275 0.037736 0.072939
1 0.627359 0.150106 0.037736 0.067653
1 0.162264 0.318182 0.060377 0.100423
1 0.551887 0.276956 0.052830 0.077167
1 0.634906 0.280127 0.052830 0.085624
1 0.238679 0.244186 0.044340 0.082452
1 0.123585 0.239958 0.049057 0.069767
1 0.201887 0.205074 0.040566 0.080338
1 0.597170 0.433404 0.076415 0.137421
3 0.812264 0.304440 0.203774 0.278013
1 0.274528 0.176533 0.033962 0.069767
1 0.185849 0.157505 0.034906 0.065539
1 0.832075 0.771670 0.138679 0.225159
1 0.673585 0.818182 0.124528 0.268499
1 0.227358 0.170190 0.033962 0.069767
