0 0.300000 0.151961 0.077500 0.134314
1 0.505000 0.018627 0.034167 0.037255
1 0.549167 0.022549 0.036667 0.045098
1 0.527500 0.009069 0.032500 0.018137
1 0.484167 0.007353 0.032500 0.014706
2 0.579167 0.021569 0.036667 0.043137
1 0.369167 0.000735 0.037500 0.001471
2 0.365000 0.033088 0.040000 0.066176
1 0.424167 0.020098 0.047500 0.040196
1 0.955000 0.187255 0.077500 0.090196
2 0.405833 0.030392 0.054167 0.060784
1 0.793333 0.094118 0.067500 0.064706
3 0.889167 0.086520 0.193333 0.173039
1 0.512500 0.079412 0.056667 0.069608
1 0.554167 0.138235 0.063333 0.083333
1 0.679167 0.030392 0.050000 0.053922
3 0.615833 0.286274 0.295833 0.420588
1 0.660833 0.164706 0.080000 0.081373
2 0.600833 0.016912 0.043333 0.033824
1 0.636667 0.209804 0.073333 0.088235
1 0.583333 0.001716 0.037500 0.003431
1 0.948750 0.472549 0.102500 0.125490
