2 0.679808 0.079348 0.029808 0.088043
2 0.125962 0.527174 0.108654 0.231522
1 0.047356 0.905707 0.094712 0.188587
1 0.264423 0.532609 0.106731 0.175000
1 0.438462 0.443478 0.091346 0.190217
2 0.126923 0.298913 0.089423 0.172826
1 0.700962 0.251087 0.061538 0.097826
1 0.505769 0.236957 0.049038 0.092391
1 0.395192 0.233696 0.061538 0.082609
1 0.943269 0.300000 0.070192 0.120652
1 0.937500 0.573913 0.116346 0.185870
0 1.000000 0.219565 0.000000 0.154348
1 0.476923 0.066304 0.039423 0.067391
1 0.854808 0.908152 0.153846 0.183696
