1 0.843354 0.366771 0.138449 0.128527
1 0.703323 0.329154 0.104430 0.094828
1 0.534019 0.264107 0.081487 0.083856
1 0.592563 0.840125 0.243671 0.319749
2 0.425633 0.223354 0.065665 0.065047
2 0.176424 0.355016 0.065665 0.101881
1 0.796677 0.417712 0.146361 0.119122
2 0.799842 0.762539 0.274525 0.334639
1 0.565665 0.592476 0.155063 0.176332
3 0.367880 0.318966 0.184335 0.207680
1 0.918513 0.563480 0.162184 0.206113
1 0.623418 0.514890 0.168513 0.148903
1 0.378956 0.452194 0.104430 0.122257
2 0.804589 0.582288 0.171677 0.204545
1 0.950158 0.738245 0.098892 0.170846
1 0.741297 0.469436 0.155063 0.131661
1 0.568829 0.378527 0.113924 0.104232
1 0.238133 0.319749 0.050633 0.098746
1 0.299051 0.384796 0.070411 0.089342
1 0.468354 0.324451 0.073576 0.096395
1 0.250791 0.271944 0.049842 0.059561
