1 0.507609 0.208411 0.052174 0.084112
1 0.630435 0.323364 0.078261 0.121495
2 0.529348 0.265421 0.070652 0.139252
1 0.596739 0.202804 0.057609 0.085981
1 0.727174 0.065421 0.044565 0.055140
1 0.683696 0.186916 0.075000 0.101869
1 0.847826 0.585047 0.147826 0.228037
1 0.814130 0.102804 0.056522 0.066355
1 0.598913 0.082243 0.040217 0.066355
3 0.517391 0.049533 0.053261 0.099065
1 0.969293 0.202804 0.061413 0.103738
1 0.568478 0.043925 0.027174 0.043925
1 0.627174 0.041121 0.031522 0.040187
3 0.427174 0.555140 0.242391 0.614019
