1 0.258929 0.388679 0.161706 0.150000
1 0.929315 0.832075 0.141369 0.293396
1 0.937252 0.393396 0.125496 0.127358
1 0.034226 0.237736 0.068452 0.107547
1 0.693452 0.296226 0.155754 0.120755
1 0.568452 0.233019 0.098214 0.107547
1 0.983879 0.487736 0.032242 0.120755
1 0.962054 0.617925 0.075893 0.156604
1 0.000744 0.374528 0.001488 0.138679
1 0.211309 0.477358 0.211310 0.176415
1 0.199405 0.624528 0.231151 0.215094
1 0.444444 0.247170 0.130952 0.107547
1 0.310516 0.225472 0.126984 0.112264
1 0.752976 0.858962 0.375992 0.282075
1 0.250992 0.887972 0.316468 0.224057
1 0.111111 0.180189 0.114087 0.107547
1 0.211309 0.150000 0.094246 0.091509
