3 0.285027 0.687910 0.570055 0.624179
0 0.679487 0.473742 0.204212 0.340263
1 0.815018 0.470460 0.107143 0.142232
1 0.898352 0.408096 0.094322 0.130197
3 0.964744 0.333698 0.070513 0.207877
1 0.024496 0.460613 0.048993 0.191466
1 0.224359 0.384026 0.180403 0.166302
3 0.482601 0.262582 0.310440 0.264770
3 0.213370 0.242888 0.380037 0.303063
1 0.684066 0.268053 0.080586 0.098468
3 0.623626 0.199125 0.219780 0.194748
1 0.761905 0.261488 0.080586 0.090810
3 0.817766 0.169584 0.183150 0.132385
2 0.104854 0.632385 0.209707 0.319475
1 0.369048 0.548140 0.190476 0.204595
2 0.549451 0.451860 0.138278 0.196937
1 0.695055 0.423414 0.123626 0.142232
3 0.837912 0.333698 0.216117 0.240700
