0 0.309140 0.271248 0.079749 0.117541
1 0.205197 0.918852 0.330645 0.162297
1 0.728495 0.551537 0.090502 0.186257
1 0.630824 0.311031 0.039427 0.083183
1 0.536738 0.632911 0.143369 0.220615
1 0.729391 0.342676 0.050179 0.090416
1 0.731183 0.109403 0.034946 0.034358
1 0.728495 0.126582 0.028674 0.042495
1 0.313620 0.655515 0.194444 0.244123
1 0.529570 0.452984 0.089606 0.143761
1 0.640681 0.232369 0.046595 0.066004
3 0.694444 0.194394 0.093190 0.179928
3 0.820789 0.256781 0.157706 0.198915
3 0.792115 0.168174 0.100358 0.109403
1 0.534946 0.320072 0.052867 0.122061
1 0.581541 0.198011 0.039427 0.070524
1 0.522401 0.198915 0.039427 0.056058
1 0.505376 0.155515 0.032258 0.047016
1 0.558244 0.134720 0.028674 0.042495
3 0.635305 0.110307 0.054659 0.104882
3 0.923163 0.264919 0.153674 0.188969
1 0.929211 0.410488 0.101254 0.113924
1 0.584229 0.255877 0.038530 0.064195
1 0.511649 0.110307 0.032258 0.056058
1 0.470430 0.110307 0.038530 0.049729
3 0.959229 0.533454 0.081541 0.345389
