0 0.418699 0.604673 0.305691 0.300935
1 0.256911 0.031542 0.085366 0.063084
1 0.220325 0.018925 0.064228 0.037850
3 0.575610 0.108411 0.370732 0.213084
3 0.856504 0.257944 0.286992 0.310280
1 0.331707 0.014252 0.083740 0.028505
1 0.342276 0.039486 0.090244 0.078972
1 0.975407 0.457944 0.049187 0.161682
1 0.405691 0.029206 0.074797 0.058411
1 0.507317 0.042991 0.070732 0.059813
1 0.499187 0.069159 0.069106 0.079439
1 0.500813 0.030140 0.064228 0.060280
1 0.925000 0.536449 0.150000 0.192523
1 0.717073 0.057009 0.078049 0.066355
1 0.690244 0.085047 0.093496 0.093458
1 0.698374 0.369159 0.155285 0.137383
1 0.221951 0.002336 0.061789 0.004673
1 0.657724 0.262617 0.103252 0.114953
1 0.681301 0.106542 0.065854 0.088785
1 0.859350 0.087850 0.091057 0.079439
1 0.382114 0.278505 0.142276 0.117757
1 0.870732 0.060748 0.095122 0.066355
3 0.173171 0.054907 0.262602 0.109813
