1 0.775530 0.650407 0.226397 0.281504
1 0.616570 0.420732 0.092486 0.170732
0 0.582852 0.161585 0.088632 0.142276
1 0.678227 0.271341 0.079961 0.147358
1 0.347784 0.022358 0.038536 0.044715
1 0.295761 0.029472 0.042389 0.050813
1 0.321773 0.013465 0.035645 0.026931
3 0.559730 0.029726 0.096339 0.059451
1 0.459538 0.018293 0.051060 0.036585
1 0.372832 0.008892 0.034682 0.017785
1 0.457611 0.037602 0.056840 0.057927
1 0.333333 0.082317 0.066474 0.063008
2 0.409441 0.123984 0.079961 0.103659
1 0.347784 0.003303 0.033719 0.006606
1 0.033960 0.100610 0.067919 0.063008
1 0.320809 0.129065 0.076108 0.072154
1 0.179191 0.182927 0.092486 0.086382
1 0.030829 0.656504 0.061657 0.260163
1 0.006021 0.390244 0.012042 0.158537
1 0.168593 0.043699 0.061657 0.067073
1 0.083815 0.055894 0.054913 0.057927
1 0.241811 0.006098 0.046243 0.012195
2 0.317919 0.001270 0.035645 0.002541
