3 0.737963 0.520038 0.524074 0.640267
0 0.328395 0.285305 0.275309 0.296756
1 0.145679 0.282443 0.144444 0.124046
1 0.047531 0.236641 0.095062 0.105916
1 0.911728 0.208969 0.176543 0.142176
3 0.593827 0.108302 0.418519 0.216603
3 0.850309 0.108063 0.299383 0.216126
1 0.322222 0.112595 0.107407 0.083969
3 0.403704 0.065363 0.296296 0.130725
1 0.217284 0.100191 0.108642 0.079198
3 0.141975 0.038884 0.246914 0.077767
2 0.980864 0.423664 0.038272 0.278626
1 0.746914 0.350191 0.256790 0.178435
2 0.503704 0.266221 0.186420 0.171756
1 0.307407 0.241412 0.166667 0.124046
3 0.130247 0.163168 0.260494 0.209924
