1 0.928082 0.951531 0.143836 0.096939
1 0.497065 0.944728 0.371820 0.110544
1 0.124022 0.946429 0.248043 0.107143
0 0.499022 0.715986 0.367906 0.284014
1 0.946184 0.238946 0.100783 0.060374
1 0.795499 0.264456 0.113503 0.080782
0 0.519569 0.258503 0.169276 0.110544
1 0.762231 0.222789 0.101761 0.066327
1 0.931507 0.210034 0.098826 0.052721
1 0.513699 0.209184 0.100783 0.064626
1 0.379648 0.233844 0.126223 0.092687
2 0.197652 0.272109 0.173190 0.161565
1 0.034002 0.301020 0.068004 0.066327
1 0.031311 0.350340 0.062622 0.071429
1 0.916830 0.288265 0.108611 0.072279
1 0.535225 0.320578 0.147750 0.104592
1 0.120352 0.449830 0.199609 0.119048
