3 0.630492 0.599771 0.739017 0.769495
0 0.135983 0.317661 0.233264 0.356651
1 0.021182 0.314220 0.042364 0.149083
1 0.926778 0.302752 0.146444 0.206422
1 0.657950 0.225917 0.205021 0.170872
1 0.979079 0.222477 0.041841 0.178899
3 0.360879 0.117546 0.354603 0.235092
3 0.668410 0.117259 0.434100 0.234518
1 0.130753 0.110092 0.091004 0.100917
3 0.199791 0.065940 0.251046 0.131881
1 0.043933 0.095184 0.087866 0.095183
3 0.041318 0.034117 0.082636 0.068234
2 0.806485 0.483945 0.267782 0.334862
1 0.490586 0.395642 0.217573 0.214450
2 0.284519 0.294725 0.157950 0.206422
1 0.118201 0.264908 0.141213 0.149083
3 0.039226 0.170872 0.078452 0.252294
