1 0.551087 0.476321 0.070652 0.075592
1 0.479348 0.469945 0.065217 0.091075
1 0.636957 0.537341 0.070652 0.086521
1 0.525000 0.511840 0.086957 0.077413
1 0.310870 0.940801 0.142391 0.118397
3 0.706522 0.762295 0.269565 0.450820
1 0.410870 0.481785 0.075000 0.083789
1 0.392391 0.406193 0.079348 0.064663
1 0.352174 0.826958 0.121739 0.179417
1 0.355435 0.720401 0.098913 0.138433
1 0.375000 0.645719 0.095652 0.132058
2 0.364130 0.511840 0.068478 0.112022
1 0.298913 0.580146 0.090217 0.112022
1 0.202174 0.527322 0.081522 0.114754
1 0.242391 0.481785 0.061956 0.077413
1 0.520652 0.581967 0.122826 0.097450
1 0.185870 0.413479 0.053261 0.058288
