1 0.973770 0.964727 0.052459 0.070547
1 0.932787 0.824515 0.134426 0.240741
1 0.851639 0.665785 0.082787 0.169312
1 0.420492 0.919753 0.129508 0.160494
1 0.587705 0.881393 0.104918 0.237213
1 0.808197 0.918210 0.153279 0.163580
1 0.579508 0.664903 0.094262 0.184303
1 0.427049 0.765432 0.100820 0.207231
1 0.788525 0.514109 0.092623 0.156967
1 0.740164 0.745150 0.125410 0.233686
1 0.958197 0.387125 0.075410 0.096120
1 0.877869 0.385362 0.076230 0.100529
1 0.821311 0.269841 0.053279 0.077601
1 0.888525 0.290123 0.054918 0.077601
1 0.311475 0.227513 0.053279 0.062610
1 0.095082 0.523810 0.130328 0.179894
