3 0.325223 0.523857 0.650446 0.666998
0 0.757143 0.279324 0.199107 0.309145
1 0.889286 0.276342 0.104464 0.129225
1 0.962946 0.228628 0.074107 0.110338
1 0.072321 0.266402 0.144643 0.178926
1 0.311607 0.199801 0.175000 0.148111
1 0.027679 0.196819 0.055357 0.155070
3 0.565179 0.103877 0.302679 0.207753
3 0.302679 0.103628 0.370536 0.207256
1 0.761607 0.099404 0.077679 0.087475
3 0.702679 0.059145 0.214286 0.118290
1 0.837500 0.086481 0.078571 0.082505
3 0.891964 0.031561 0.178571 0.063121
2 0.184821 0.423459 0.228571 0.290258
1 0.454464 0.346919 0.185714 0.185885
2 0.630357 0.259443 0.134821 0.178926
1 0.772321 0.233598 0.120536 0.129225
3 0.903125 0.152087 0.193750 0.218688
