2 0.395329 0.266372 0.066609 0.100885
2 0.340830 0.322124 0.073529 0.088496
1 0.201557 0.395575 0.106401 0.105310
1 0.044983 0.477876 0.089965 0.127434
1 0.300173 0.257522 0.058824 0.064602
3 0.531142 0.252212 0.175605 0.169912
1 0.745675 0.206195 0.058824 0.041593
1 0.200692 0.252212 0.061419 0.054867
1 0.199827 0.253097 0.052768 0.056637
1 0.818339 0.223009 0.063149 0.035398
1 0.230969 0.808850 0.236159 0.192920
3 0.198962 0.952212 0.397924 0.095575
1 0.582180 0.188496 0.054498 0.041593
1 0.345156 0.194690 0.068339 0.061062
1 0.794983 0.842478 0.272491 0.192920
1 0.108997 0.223009 0.062284 0.048673
1 0.689446 0.953982 0.288062 0.092035
1 0.948529 0.517699 0.102941 0.117699
1 0.117647 0.188496 0.075259 0.041593
1 0.260381 0.942699 0.217128 0.114602
