1 0.130580 0.072464 0.159598 0.137681
2 0.295759 0.040373 0.137277 0.080745
1 0.458705 0.011646 0.097098 0.023292
1 0.129464 0.151139 0.170759 0.137681
2 0.095703 0.651139 0.191406 0.429607
1 0.331473 0.436853 0.224330 0.220497
3 0.603795 0.105849 0.257812 0.211698
1 0.250000 0.331263 0.235491 0.186335
1 0.554687 0.283644 0.161830 0.166667
2 0.057478 0.414079 0.114955 0.262940
1 0.090123 0.275362 0.180245 0.161491
1 0.276786 0.180124 0.174107 0.134576
1 0.746652 0.119048 0.092634 0.127329
1 0.659598 0.195652 0.111607 0.123188
1 0.438616 0.103520 0.117188 0.137681
1 0.745536 0.043478 0.056920 0.075569
1 0.802455 0.026656 0.058036 0.053313
1 0.818080 0.078675 0.063616 0.087992
