1 0.428453 0.758945 0.095674 0.258945
1 0.495008 0.048964 0.036606 0.060264
2 0.261231 0.794727 0.119800 0.281544
1 0.456739 0.057439 0.036606 0.060264
2 0.420133 0.048964 0.037438 0.068738
1 0.405158 0.087571 0.042429 0.068738
1 0.135607 0.407721 0.099834 0.167608
1 0.581531 0.024482 0.026622 0.047081
1 0.243760 0.225989 0.064060 0.094162
1 0.073211 0.362524 0.096506 0.133710
1 0.658070 0.090395 0.040765 0.071563
1 0.232113 0.170433 0.054077 0.076271
1 0.631448 0.175141 0.046589 0.082863
1 0.681364 0.341808 0.070715 0.125235
1 0.781198 0.276836 0.063228 0.104520
