1 0.140000 0.210626 0.156471 0.103416
1 0.337647 0.149905 0.128235 0.101518
2 0.489412 0.105313 0.108235 0.087287
2 0.648235 0.513283 0.208235 0.251423
1 0.621176 0.078748 0.080000 0.067362
1 0.140000 0.279886 0.178823 0.123340
2 0.097059 0.737192 0.194118 0.398482
1 0.347059 0.537951 0.231765 0.206831
3 0.635294 0.199241 0.274118 0.249526
1 0.262353 0.442125 0.249412 0.182163
1 0.580000 0.391841 0.170588 0.152751
2 0.058235 0.526565 0.116471 0.260911
1 0.094706 0.386148 0.189412 0.150854
1 0.337647 0.279886 0.170588 0.129981
1 0.795294 0.233397 0.102353 0.114801
1 0.692941 0.312144 0.116471 0.119545
1 0.498824 0.211575 0.125882 0.119545
1 0.787059 0.166034 0.062353 0.076850
