1 0.223507 0.140957 0.073218 0.058511
1 0.319846 0.149823 0.062620 0.061170
1 0.986753 0.492021 0.026493 0.142731
1 0.985790 0.311170 0.028420 0.101064
2 0.881503 0.289007 0.141618 0.165780
1 0.400771 0.195922 0.054913 0.071808
1 0.885356 0.274823 0.085742 0.102837
1 0.800578 0.358156 0.126204 0.117908
1 0.756262 0.251773 0.076108 0.088652
1 0.370906 0.260638 0.057803 0.085993
1 0.469171 0.281028 0.057803 0.085993
2 0.474952 0.189716 0.052987 0.088652
1 0.358381 0.385638 0.080925 0.136525
1 0.638728 0.197695 0.064547 0.075355
1 0.748555 0.195922 0.083815 0.090426
1 0.485549 0.398936 0.070328 0.117908
1 0.661850 0.156028 0.053950 0.069149
1 0.476879 0.593085 0.099229 0.193262
1 0.309249 0.657801 0.120424 0.197695
1 0.552987 0.143617 0.050096 0.062943
1 0.593449 0.127660 0.047206 0.056738
1 0.657996 0.130319 0.050096 0.062943
