1 0.534942 0.189815 0.060732 0.046296
2 0.490017 0.175926 0.067388 0.065741
1 0.433444 0.211111 0.079867 0.057407
2 0.390183 0.195370 0.069884 0.059259
1 0.343594 0.238889 0.075707 0.061111
1 0.285358 0.230556 0.072379 0.052778
1 0.252080 0.258333 0.076539 0.050926
1 0.195507 0.259259 0.067388 0.043519
1 0.077371 0.298148 0.087354 0.059259
0 0.681364 0.300926 0.077371 0.118519
1 0.371880 0.272222 0.077371 0.072222
1 0.783694 0.821296 0.252080 0.225926
1 0.583195 0.881250 0.248752 0.237500
1 0.243760 0.795370 0.223794 0.193518
1 0.982529 0.788889 0.034942 0.166667
1 0.922629 0.992593 0.154742 0.014815
1 0.733777 0.603704 0.097338 0.214815
1 0.732945 0.467593 0.075707 0.147222
1 0.767055 0.384259 0.062396 0.126852
1 0.787022 0.332407 0.059900 0.107407
1 0.820299 0.272222 0.053245 0.085185
1 0.840266 0.237037 0.053245 0.081481
1 0.851913 0.208333 0.043261 0.070370
1 0.202995 0.921065 0.257072 0.157870
1 0.756240 0.185185 0.077371 0.059259
