1 0.504073 0.515699 0.066191 0.069074
1 0.573320 0.510204 0.068228 0.070644
1 0.435845 0.577708 0.068228 0.078493
1 0.682281 0.946821 0.153768 0.106358
3 0.267566 0.825746 0.535132 0.348509
1 0.518330 0.554160 0.081466 0.066719
1 0.726069 0.816327 0.113035 0.154631
3 0.412424 0.644427 0.227088 0.204867
1 0.886965 0.759812 0.122200 0.184458
1 0.657841 0.513344 0.069246 0.066719
1 0.466395 0.488226 0.104888 0.050235
1 0.648676 0.463108 0.068228 0.043171
1 0.751527 0.513344 0.060081 0.063579
1 0.834012 0.489796 0.051935 0.065149
1 0.766802 0.440345 0.053972 0.050235
1 0.850306 0.444270 0.045825 0.044741
1 0.819756 0.427002 0.043788 0.040816
1 0.671079 0.554160 0.076375 0.074568
1 0.988035 0.720565 0.023931 0.131868
