1 0.439130 0.798801 0.125000 0.237158
1 0.351087 0.154110 0.048913 0.059075
2 0.653261 0.832192 0.155435 0.251712
1 0.725000 0.509418 0.108696 0.142123
1 0.868478 0.485445 0.140217 0.166096
1 0.235870 0.136130 0.042391 0.050514
3 0.113043 0.108733 0.086957 0.099315
1 0.614130 0.349315 0.082609 0.099315
1 0.803261 0.337329 0.095652 0.081336
1 0.146739 0.189212 0.052174 0.060788
1 0.219565 0.192637 0.044565 0.060788
1 0.709783 0.344178 0.078261 0.101884
1 0.551087 0.250000 0.060870 0.069349
2 0.611957 0.205479 0.061956 0.101884
1 0.694565 0.225171 0.065217 0.069349
1 0.166304 0.355308 0.069565 0.089041
1 0.027717 0.240582 0.055435 0.065068
1 0.015489 0.469178 0.030978 0.115582
1 0.506522 0.172945 0.043478 0.054795
1 0.409783 0.152397 0.043478 0.056507
1 0.542391 0.148116 0.042391 0.048801
