2 0.341484 0.475460 0.080101 0.256646
1 0.103710 0.688139 0.141653 0.283231
1 0.120573 0.155419 0.050590 0.077710
1 0.175379 0.034765 0.033727 0.058282
1 0.150084 0.068507 0.039629 0.063395
1 0.211636 0.056237 0.033727 0.058282
1 0.231872 0.034765 0.031197 0.056237
1 0.112142 0.201431 0.063238 0.097137
1 0.275717 0.240286 0.058179 0.121677
1 0.376897 0.174847 0.044688 0.099182
1 0.357504 0.106339 0.037099 0.077710
1 0.430860 0.083845 0.031197 0.067485
1 0.381113 0.055215 0.027825 0.058282
1 0.387015 0.029652 0.026981 0.051125
3 0.090219 0.083333 0.096965 0.166667
3 0.005059 0.179959 0.010118 0.319018
