1 0.611667 0.414959 0.156667 0.133197
3 0.682500 0.684170 0.615833 0.631660
0 0.275000 0.460041 0.185833 0.318648
1 0.151667 0.456967 0.097500 0.133197
1 0.075833 0.398566 0.085833 0.121926
3 0.023750 0.328893 0.047500 0.194672
1 0.924375 0.447746 0.151250 0.179303
1 0.689167 0.376025 0.164167 0.155738
1 0.965000 0.375000 0.070000 0.159836
3 0.454167 0.262295 0.282500 0.247951
3 0.699167 0.243852 0.345833 0.283811
1 0.270833 0.267418 0.073333 0.092213
3 0.325833 0.202869 0.200000 0.182377
1 0.200000 0.261271 0.073333 0.085041
3 0.149167 0.175205 0.166667 0.123975
2 0.809167 0.608607 0.213333 0.299180
1 0.557500 0.529713 0.173333 0.191598
2 0.393333 0.439549 0.125833 0.184426
1 0.260833 0.412910 0.112500 0.133197
3 0.130833 0.328893 0.196667 0.225410
