1 0.994668 0.220930 0.010663 0.046512
1 0.928910 0.248658 0.069905 0.055456
1 0.073164 0.565295 0.146327 0.135957
1 0.906398 0.286225 0.067536 0.065295
1 0.093602 0.421288 0.165877 0.110018
1 0.398104 0.445438 0.145735 0.103757
1 0.261848 0.442755 0.162322 0.108229
1 0.286730 0.378354 0.132701 0.082290
1 0.295024 0.336315 0.117299 0.080501
2 0.456161 0.313953 0.122038 0.129696
1 0.818720 0.410555 0.079384 0.095707
1 0.437204 0.303220 0.091232 0.078712
1 0.610190 0.338104 0.098341 0.080501
1 0.558057 0.294275 0.072275 0.074240
1 0.955865 0.461538 0.088270 0.106440
1 0.751185 0.574240 0.104265 0.146690
2 0.466825 0.562612 0.156398 0.163685
1 0.956457 0.745975 0.087085 0.211986
1 0.669431 0.238819 0.056872 0.063506
1 0.553318 0.245081 0.079384 0.074240
1 0.811611 0.861360 0.137441 0.247764
1 0.618483 0.223614 0.055687 0.061717
