1 0.075813 0.882504 0.151626 0.215266
1 0.048984 0.453688 0.097967 0.146655
1 0.639837 0.111492 0.035772 0.066895
1 0.373171 0.576329 0.100813 0.185249
1 0.282927 0.463979 0.096748 0.164665
1 0.800000 0.159520 0.039024 0.060892
1 0.730081 0.164666 0.036585 0.065180
1 0.257724 0.355060 0.071545 0.121784
1 0.434959 0.343053 0.071545 0.148370
1 0.862602 0.256432 0.062602 0.087479
2 0.856098 0.131218 0.035772 0.077187
1 0.378049 0.164666 0.046341 0.081475
1 0.717886 0.471698 0.081301 0.148371
2 0.957724 0.756432 0.084553 0.312178
1 0.983740 0.296741 0.032520 0.085763
