1 0.061331 0.934672 0.119543 0.130656
1 0.126819 0.733032 0.186071 0.305430
1 0.238046 0.530543 0.107069 0.219457
1 0.783784 0.875566 0.162162 0.248869
1 0.570686 0.815611 0.137214 0.332579
1 0.293139 0.870192 0.191268 0.259615
1 0.581081 0.526018 0.117464 0.236425
1 0.776507 0.662896 0.125780 0.260181
1 0.317048 0.338235 0.117464 0.197964
1 0.378378 0.634615 0.159044 0.299774
2 0.378378 0.213801 0.100832 0.197964
1 0.741164 0.472851 0.092516 0.233032
2 0.030146 0.262443 0.057173 0.185520
0 0.749480 0.190045 0.099792 0.262443
1 0.508316 0.221719 0.074844 0.142534
3 0.428274 0.039876 0.142412 0.079751
