1 0.203072 0.085687 0.051195 0.058380
1 0.980589 0.443503 0.038823 0.115819
1 0.950512 0.332392 0.098976 0.137476
1 0.285836 0.089454 0.037543 0.053672
1 0.799488 0.269303 0.099829 0.113936
1 0.323379 0.124294 0.038396 0.071563
1 0.254266 0.112994 0.040102 0.064972
1 0.697099 0.262712 0.089590 0.094162
1 0.657850 0.193974 0.098976 0.086629
1 0.626280 0.143126 0.072526 0.066855
1 0.277304 0.147834 0.037543 0.066855
1 0.558020 0.187382 0.078498 0.082863
1 0.351536 0.202448 0.050341 0.080038
2 0.275597 0.250471 0.051195 0.129002
1 0.517918 0.119586 0.044369 0.064972
1 0.563140 0.107345 0.048635 0.066855
1 0.374573 0.306026 0.063993 0.112053
3 0.578498 0.328625 0.302901 0.399247
1 0.473549 0.089454 0.034130 0.053672
1 0.337031 0.636535 0.093003 0.236347
