1 0.000241 0.963223 0.000483 0.073554
1 0.814672 0.159864 0.050193 0.060374
1 0.672780 0.232993 0.062741 0.078231
1 0.182432 0.350340 0.092664 0.125000
1 0.360039 0.272959 0.064672 0.088435
1 0.443050 0.281463 0.068533 0.090986
1 0.850386 0.397109 0.095560 0.116497
1 0.726834 0.414966 0.092664 0.132653
1 0.952703 0.326531 0.085907 0.096939
1 0.953668 0.213435 0.068533 0.076531
1 0.765444 0.642857 0.132239 0.193878
2 0.360039 0.184524 0.057915 0.080782
2 0.255792 0.159014 0.049228 0.078231
1 0.334942 0.161565 0.045367 0.056122
1 0.958494 0.672619 0.083012 0.195578
1 0.484556 0.153912 0.042471 0.066327
