1 0.344628 0.140785 0.036364 0.066553
1 0.233884 0.228669 0.057025 0.088737
1 0.121488 0.592150 0.145455 0.187713
2 0.254545 0.822526 0.188430 0.351536
1 0.817355 0.867108 0.198347 0.265785
1 0.890083 0.700512 0.165289 0.228669
1 0.634711 0.424915 0.085124 0.139932
2 0.736364 0.386519 0.105785 0.226109
1 0.561983 0.288396 0.059504 0.098976
1 0.470248 0.253413 0.048760 0.091297
1 0.547934 0.198805 0.046281 0.078498
1 0.476859 0.144198 0.033058 0.056314
1 0.514050 0.122014 0.032231 0.052901
2 0.465289 0.107509 0.030578 0.060580
1 0.542975 0.102389 0.029752 0.044369
