1 0.049263 0.291595 0.098527 0.156947
2 0.204420 0.217839 0.142726 0.117496
1 0.463168 0.143225 0.084715 0.069468
1 0.542357 0.120069 0.062615 0.060892
1 0.474217 0.186964 0.081952 0.087479
2 0.134438 0.692110 0.268877 0.360206
1 0.383978 0.517153 0.185083 0.188679
3 0.612339 0.217839 0.216390 0.225557
1 0.008978 0.483705 0.017956 0.195540
1 0.318600 0.428816 0.191529 0.158662
1 0.569061 0.391938 0.133517 0.136364
2 0.101059 0.506861 0.202118 0.235849
1 0.131676 0.397084 0.190608 0.146655
1 0.339779 0.302744 0.140884 0.114065
1 0.730203 0.259005 0.081952 0.108062
1 0.656538 0.319897 0.094843 0.109777
1 0.471455 0.240995 0.098527 0.108062
1 0.725599 0.191252 0.051565 0.060892
1 0.775322 0.171527 0.047882 0.056604
1 0.786372 0.227273 0.055249 0.075472
