1 0.579075 0.814286 0.141119 0.263809
1 0.675182 0.098095 0.052311 0.060952
2 0.339416 0.854286 0.188564 0.286667
1 0.621655 0.105714 0.052311 0.067619
2 0.571776 0.099048 0.048662 0.077143
1 0.006387 0.598095 0.012774 0.169524
1 0.210462 0.372381 0.121655 0.126667
1 0.789538 0.063810 0.042579 0.049524
1 0.855231 0.082857 0.047445 0.049524
3 0.121046 0.317143 0.242092 0.354286
1 0.816302 0.131429 0.048662 0.060952
1 0.942822 0.156190 0.074209 0.077143
1 0.519465 0.118095 0.043796 0.059048
1 0.383212 0.161905 0.064477 0.072381
3 0.932482 0.307619 0.135037 0.261905
1 0.468370 0.103810 0.053528 0.052381
