1 0.334691 0.089100 0.035831 0.057093
2 0.302117 0.134083 0.049674 0.098616
1 0.228827 0.282872 0.068404 0.116782
1 0.820847 0.938798 0.208469 0.122405
1 0.826547 0.576125 0.119707 0.188581
1 0.784202 0.745675 0.166124 0.250000
1 0.589577 0.318339 0.071661 0.118512
1 0.627036 0.240484 0.070847 0.098616
1 0.538274 0.183391 0.049674 0.076125
1 0.489414 0.409170 0.083876 0.161765
1 0.578990 0.136678 0.041531 0.070069
1 0.507329 0.096886 0.035016 0.057093
1 0.458469 0.120242 0.035016 0.065744
2 0.543160 0.064014 0.038274 0.086505
1 0.488599 0.055363 0.026873 0.051038
