1 0.572552 0.577670 0.055070 0.082524
1 0.518357 0.566990 0.058566 0.087379
1 0.636364 0.650485 0.058566 0.097087
1 0.457168 0.934951 0.119755 0.130097
3 0.775568 0.870874 0.448864 0.258252
1 0.555070 0.622330 0.067308 0.080583
1 0.381993 0.829126 0.076923 0.159223
3 0.626748 0.709709 0.188811 0.262136
1 0.299825 0.715534 0.070804 0.154369
1 0.583042 0.553398 0.090909 0.066990
1 0.407343 0.533981 0.049825 0.064078
1 0.513112 0.522330 0.076923 0.053398
1 0.409965 0.496116 0.056818 0.053398
1 0.319930 0.515534 0.045455 0.073786
1 0.238636 0.478641 0.041958 0.057282
1 0.303322 0.462136 0.038461 0.053398
1 0.509615 0.595146 0.118881 0.078641
