1 0.778906 0.407895 0.121875 0.132401
1 0.908594 0.338816 0.077344 0.105263
1 0.025000 0.592105 0.050000 0.167763
2 0.213281 0.482730 0.203125 0.245888
1 0.450781 0.417763 0.161719 0.152138
2 0.605469 0.352796 0.117969 0.157895
1 0.728906 0.327303 0.106250 0.106908
3 0.850000 0.263980 0.180469 0.177632
1 0.935156 0.264803 0.062500 0.074013
1 0.250781 0.250000 0.137500 0.122533
1 0.513281 0.259046 0.117969 0.099507
1 0.676562 0.266447 0.107031 0.095395
1 0.700000 0.180099 0.075781 0.079770
1 0.880469 0.160362 0.044531 0.045230
1 0.023438 0.179276 0.046875 0.101974
1 0.133594 0.180099 0.125000 0.097862
1 0.280469 0.160362 0.108594 0.082237
1 0.417969 0.146382 0.092969 0.074013
3 0.596094 0.102796 0.178125 0.136513
1 0.092188 0.140625 0.124219 0.091283
1 0.238281 0.132401 0.103125 0.078125
1 0.366406 0.119243 0.091406 0.069901
1 0.490625 0.107730 0.075000 0.068257
1 0.761719 0.097862 0.042969 0.045230
1 0.785156 0.122533 0.050000 0.045230
1 0.804688 0.101151 0.038281 0.045230
