1 0.865196 0.292111 0.209150 0.204691
1 0.487745 0.155650 0.127451 0.154584
1 0.289216 0.090618 0.093954 0.123667
3 0.690359 0.495736 0.603758 0.715352
0 0.290850 0.233475 0.182190 0.331556
1 0.169935 0.230277 0.095588 0.138593
1 0.095588 0.169510 0.084150 0.126866
3 0.033905 0.099147 0.067810 0.198294
1 0.926675 0.220682 0.146650 0.186567
1 0.696895 0.146055 0.160948 0.162047
1 0.966503 0.144989 0.066993 0.166311
3 0.466503 0.078358 0.276961 0.156716
3 0.706699 0.078092 0.339052 0.156183
1 0.286765 0.040512 0.071895 0.081023
3 0.340686 0.030384 0.196078 0.060768
1 0.217320 0.035448 0.071895 0.070896
3 0.167484 0.000800 0.163399 0.001599
2 0.814542 0.388060 0.209150 0.311301
1 0.567810 0.305970 0.169935 0.199360
2 0.406863 0.212154 0.123366 0.191898
1 0.276961 0.184435 0.110294 0.138593
3 0.149510 0.107143 0.192810 0.214286
