1 0.110759 0.911009 0.221519 0.177982
1 0.569620 0.912844 0.330169 0.174312
1 0.988397 0.926835 0.023207 0.146330
0 0.765823 0.626605 0.404008 0.295413
1 0.961234 0.312844 0.077532 0.156881
1 0.282700 0.144037 0.125527 0.088991
1 0.490506 0.129358 0.126582 0.077982
1 0.939346 0.195413 0.121308 0.100000
1 0.572785 0.102752 0.117089 0.091743
1 0.943302 0.129358 0.113397 0.088991
1 0.990506 0.114679 0.018987 0.101835
1 0.868143 0.073394 0.121308 0.104587
1 0.728903 0.059633 0.114979 0.091743
1 0.590717 0.032110 0.098101 0.064220
1 0.494726 0.028211 0.075949 0.056422
1 0.439873 0.012385 0.047468 0.024771
