1 0.900998 0.826258 0.182196 0.281447
1 0.695508 0.500000 0.079867 0.121069
1 0.646423 0.709906 0.123960 0.195755
1 0.355241 0.229560 0.040765 0.061321
2 0.301165 0.219340 0.040765 0.078616
1 0.222962 0.172170 0.032446 0.040881
2 0.340266 0.308176 0.054077 0.096698
1 0.519135 0.326258 0.050749 0.078616
1 0.592346 0.285377 0.043261 0.063679
1 0.185524 0.286164 0.054077 0.069182
2 0.630616 0.227201 0.039933 0.069182
1 0.296173 0.532233 0.085691 0.130503
2 0.180532 0.446541 0.089850 0.137579
2 0.539101 0.187893 0.029118 0.050314
