1 0.491870 0.233270 0.081301 0.190249
1 0.529268 0.592734 0.126016 0.355641
1 0.560976 0.004780 0.052032 0.009560
1 0.691870 0.076482 0.078049 0.133843
1 0.969106 0.122371 0.061789 0.164436
1 0.261789 0.223709 0.104065 0.192161
1 0.780488 0.318356 0.135772 0.228489
1 0.173984 0.082218 0.077236 0.127151
1 0.843089 0.151052 0.109756 0.170172
1 0.610569 0.204589 0.090244 0.174952
1 0.290244 0.040392 0.055285 0.080784
1 0.727642 0.756214 0.192683 0.441683
1 0.925203 0.806883 0.149594 0.386233
1 0.494309 0.978250 0.142276 0.043499
