1 0.405380 0.776364 0.240260 0.308182
1 0.704082 0.262727 0.100186 0.111818
1 0.885900 0.009091 0.038033 0.018182
1 0.752319 0.011364 0.044527 0.022727
2 0.923006 0.153636 0.071429 0.120909
1 0.891466 0.110000 0.055659 0.070909
1 0.977041 0.254545 0.045918 0.141818
1 0.607607 0.025682 0.054731 0.051364
1 0.590909 0.057273 0.069573 0.069091
1 0.691095 0.086364 0.073284 0.064545
2 0.432282 0.072727 0.081633 0.086364
1 0.439703 0.113636 0.071429 0.097273
1 0.521336 0.139091 0.080705 0.073636
1 0.994202 0.016136 0.011596 0.032273
1 0.123377 0.320909 0.156772 0.118182
1 0.210575 0.359091 0.156772 0.124545
