1 0.796739 0.151911 0.072826 0.071429
1 0.753261 0.301811 0.094565 0.123742
2 0.610870 0.303823 0.090217 0.167002
1 0.835870 0.475855 0.148913 0.212274
1 0.802174 0.905181 0.243478 0.189638
1 0.083424 0.898893 0.166848 0.202213
1 0.265217 0.528169 0.122826 0.195171
1 0.441304 0.568410 0.122826 0.217304
1 0.285870 0.350101 0.095652 0.133803
1 0.459783 0.226358 0.064130 0.097586
1 0.383696 0.178068 0.057609 0.088531
2 0.469565 0.146881 0.056522 0.102616
1 0.342391 0.128773 0.044565 0.064386
1 0.370652 0.085513 0.043478 0.069417
2 0.482609 0.069417 0.038043 0.069416
