1 0.281915 0.423077 0.128546 0.174725
3 0.483156 0.084341 0.152482 0.168681
1 0.413121 0.414286 0.116135 0.171429
1 0.405142 0.301099 0.098404 0.125275
1 0.532801 0.293407 0.088652 0.119780
1 0.353723 0.189011 0.078014 0.089011
1 0.264184 0.252747 0.099291 0.106593
1 0.492021 0.217582 0.091312 0.106593
1 0.581560 0.092308 0.050532 0.078022
1 0.134752 0.331868 0.125000 0.127473
1 0.029034 0.413187 0.058067 0.138462
1 0.458333 0.520879 0.128546 0.192308
1 0.575355 0.147253 0.070035 0.091209
2 0.523936 0.118681 0.071809 0.098901
1 0.561170 0.367033 0.109043 0.167033
3 0.914894 0.960714 0.170213 0.078571
1 0.633865 0.260440 0.077128 0.114286
2 0.457447 0.169231 0.068262 0.101099
1 0.605496 0.198901 0.070922 0.089011
1 0.964539 0.870330 0.070922 0.162637
1 0.717199 0.185714 0.067376 0.091209
1 0.920213 0.682418 0.159574 0.195604
1 0.648050 0.895330 0.266844 0.209341
3 0.261525 0.954945 0.523050 0.090110
2 0.644504 0.676923 0.187057 0.247253
2 0.700355 0.100000 0.100177 0.146154
1 0.179078 0.858242 0.244681 0.180220
1 0.091755 0.774725 0.183511 0.201099
