1 0.403685 0.470238 0.054439 0.070578
1 0.459799 0.467687 0.057789 0.080782
1 0.348409 0.540816 0.056114 0.085034
3 0.212102 0.809524 0.424204 0.380952
1 0.416248 0.515306 0.067002 0.072279
1 0.583752 0.886054 0.108040 0.203231
3 0.333333 0.642857 0.187605 0.282313
1 0.866834 0.972789 0.126466 0.054422
1 0.506700 0.483844 0.057789 0.072279
1 0.518425 0.416667 0.061139 0.060374
1 0.576214 0.522109 0.054439 0.078231
1 0.664992 0.497449 0.047739 0.080782
1 0.575377 0.406463 0.056114 0.054422
1 0.620603 0.448980 0.043551 0.060374
1 0.644054 0.393707 0.036851 0.048469
1 0.550251 0.599490 0.070352 0.107143
1 0.774707 0.750000 0.154941 0.163265
2 0.667504 0.366497 0.036013 0.054422
