1 0.133929 0.252008 0.067460 0.055221
1 0.983135 0.501004 0.033730 0.114458
2 0.872024 0.461847 0.154762 0.192771
1 0.252976 0.281124 0.056548 0.066265
1 0.816468 0.406626 0.100198 0.090361
1 0.794643 0.564257 0.154762 0.149598
1 0.711310 0.412651 0.088294 0.100402
1 0.255952 0.335341 0.048611 0.076305
1 0.341270 0.352410 0.052579 0.085341
2 0.288690 0.252008 0.050595 0.076305
1 0.251984 0.437751 0.062500 0.114458
1 0.566468 0.337349 0.074405 0.085341
1 0.682540 0.336345 0.092262 0.092369
1 0.372024 0.445783 0.055556 0.100402
1 0.593254 0.296185 0.063492 0.078313
1 0.368056 0.605422 0.079365 0.168675
1 0.233135 0.633534 0.086309 0.154618
1 0.478175 0.279116 0.059524 0.071285
1 0.500992 0.252008 0.059524 0.076305
1 0.566468 0.252008 0.052579 0.066265
1 0.176587 0.941767 0.135913 0.116466
1 0.425595 0.239960 0.046627 0.069277
