1 0.907807 0.182060 0.097176 0.067496
1 0.240033 0.166075 0.083056 0.063055
1 0.388704 0.145648 0.082226 0.061279
1 0.755814 0.431616 0.159468 0.115453
3 0.467608 0.081705 0.213455 0.136767
2 0.813953 0.352575 0.128738 0.126110
1 0.982558 0.292185 0.034884 0.081705
1 0.524086 0.162522 0.093023 0.063055
1 0.617110 0.138544 0.083056 0.058615
1 0.449336 0.444050 0.148671 0.130551
1 0.581395 0.297513 0.123754 0.092362
1 0.387874 0.350799 0.140365 0.107460
3 0.879568 0.095915 0.240864 0.113677
1 0.886213 0.140320 0.087209 0.064831
1 0.113787 0.351687 0.137043 0.105684
3 0.029485 0.428064 0.058970 0.309059
