1 0.593543 0.428274 0.048841 0.086279
1 0.536424 0.427235 0.057119 0.103950
1 0.650662 0.498960 0.055464 0.103950
1 0.512417 0.759875 0.089404 0.190229
3 0.784975 0.798337 0.430050 0.403326
1 0.327815 0.803534 0.105132 0.212058
1 0.573675 0.468815 0.063742 0.086279
1 0.418046 0.580042 0.058775 0.130977
3 0.600166 0.515592 0.168874 0.273389
1 0.344371 0.483368 0.053808 0.127859
1 0.499172 0.374220 0.063742 0.064449
1 0.394868 0.354470 0.045530 0.066528
1 0.471026 0.348233 0.057119 0.059252
1 0.384934 0.321206 0.040563 0.054054
1 0.298841 0.314969 0.037252 0.064449
1 0.591887 0.432432 0.085265 0.084200
