3 0.166936 0.633513 0.333871 0.571685
0 0.618548 0.375448 0.231452 0.311828
1 0.840323 0.336021 0.107258 0.122760
1 0.929839 0.279570 0.083871 0.099462
3 0.978024 0.216846 0.043952 0.165771
1 0.060484 0.308244 0.120968 0.139785
1 0.299194 0.258961 0.165323 0.139785
3 0.544355 0.157706 0.279839 0.216846
3 0.319355 0.136201 0.335484 0.254480
1 0.739516 0.163082 0.070161 0.078853
3 0.686290 0.100358 0.193548 0.159498
1 0.808065 0.151434 0.070968 0.074373
3 0.857258 0.076165 0.161290 0.108423
2 0.218548 0.455197 0.206452 0.261649
1 0.462097 0.386201 0.167742 0.167563
2 0.620968 0.307348 0.121774 0.161290
1 0.749194 0.284050 0.108871 0.116487
3 0.875000 0.210573 0.190323 0.197133
