0 0.666110 0.225285 0.077629 0.130228
1 0.909015 0.732890 0.181970 0.288023
1 0.460768 0.090304 0.034224 0.049430
1 0.416528 0.097909 0.036728 0.047529
1 0.438230 0.075095 0.030885 0.044677
1 0.481636 0.069392 0.032554 0.044677
1 0.459933 0.057985 0.030885 0.040875
2 0.386477 0.091255 0.036728 0.058935
1 0.601836 0.082700 0.039232 0.044677
1 0.548414 0.087452 0.043406 0.044677
1 0.636895 0.085551 0.047579 0.060837
2 0.535058 0.174905 0.050083 0.085551
1 0.463272 0.142586 0.063439 0.067490
1 0.202003 0.161597 0.063439 0.067490
2 0.454925 0.175856 0.070952 0.087452
1 0.282137 0.117871 0.053422 0.052281
3 0.221202 0.092205 0.140234 0.157795
1 0.304674 0.249049 0.072621 0.080798
1 0.267947 0.349810 0.111018 0.119772
1 0.371452 0.072243 0.043406 0.044677
3 0.160476 0.657795 0.320952 0.655894
1 0.070117 0.407795 0.122705 0.108365
2 0.409850 0.061787 0.037563 0.049430
1 0.071786 0.515209 0.143573 0.155894
