1 0.385529 0.421649 0.143629 0.192784
1 0.287257 0.300000 0.098272 0.141237
1 0.156587 0.210309 0.095032 0.117526
1 0.085313 0.163918 0.069114 0.085567
1 0.033747 0.126804 0.067495 0.073196
1 0.491361 0.385567 0.134989 0.160825
1 0.386609 0.304124 0.111231 0.117526
1 0.288337 0.210309 0.096112 0.112371
1 0.206263 0.171134 0.074514 0.085567
1 0.124190 0.140206 0.076674 0.090722
1 0.669546 0.415464 0.160907 0.165979
3 0.482721 0.234021 0.280778 0.278351
1 0.285097 0.159794 0.083153 0.083505
1 0.511879 0.227835 0.125270 0.092784
1 0.411447 0.181443 0.113391 0.083505
1 0.354212 0.131959 0.082074 0.068041
1 0.299136 0.108247 0.068035 0.063918
1 0.625270 0.278351 0.128510 0.097938
1 0.813175 0.310309 0.145788 0.107217
1 0.649028 0.240206 0.117711 0.094845
1 0.528078 0.205155 0.115551 0.097938
2 0.442765 0.148454 0.107991 0.097938
1 0.363931 0.101031 0.083153 0.073196
1 0.431965 0.100000 0.068035 0.063918
1 0.196544 0.132990 0.090713 0.087629
1 0.966253 0.403093 0.067495 0.149485
1 0.194384 0.884794 0.342333 0.230412
2 0.116361 0.665979 0.232721 0.239175
1 0.759179 0.357732 0.151188 0.122680
1 0.114471 0.088660 0.077754 0.068041
1 0.562635 0.706186 0.268898 0.200000
1 0.458963 0.998969 0.404968 0.002062
1 0.034287 0.080412 0.068575 0.065979
