1 0.846090 0.753460 0.300333 0.297578
1 0.700499 0.526817 0.219634 0.197232
1 0.367720 0.419550 0.153078 0.139273
1 0.193844 0.346021 0.100666 0.115052
1 0.040349 0.327855 0.080699 0.073529
1 0.025582 0.294118 0.051165 0.067474
2 0.836938 0.434256 0.237105 0.227509
1 0.592346 0.380623 0.148918 0.145329
1 0.430116 0.326125 0.136439 0.128893
1 0.298669 0.293253 0.107321 0.094291
1 0.205491 0.280277 0.082363 0.086505
1 0.135607 0.259516 0.060732 0.067474
1 0.073211 0.251730 0.062396 0.079585
1 0.945923 0.304498 0.108153 0.131488
1 0.917637 0.381488 0.164725 0.153979
1 0.032446 0.237024 0.054077 0.070069
1 0.726290 0.324394 0.165557 0.133218
1 0.608153 0.248270 0.129784 0.115052
1 0.445923 0.266436 0.103993 0.096021
1 0.871880 0.197232 0.145591 0.102941
1 0.569052 0.166090 0.099002 0.082180
1 0.388519 0.153979 0.079867 0.065744
1 0.582363 0.125433 0.089018 0.077855
1 0.222962 0.142734 0.059068 0.059689
1 0.425125 0.122837 0.076539 0.070069
1 0.153078 0.142734 0.045757 0.047578
2 0.194676 0.115917 0.055740 0.059689
