1 0.624183 0.447368 0.151416 0.174229
1 0.725490 0.338476 0.113290 0.124319
1 0.864924 0.253176 0.096950 0.103448
1 0.937909 0.207804 0.069717 0.070780
1 0.980665 0.174229 0.038671 0.059891
1 0.492375 0.429220 0.147059 0.152450
1 0.613290 0.346642 0.114379 0.114338
1 0.739651 0.247731 0.095861 0.092559
1 0.822440 0.214156 0.078431 0.079855
1 0.900871 0.181488 0.077342 0.059891
1 0.189542 0.576225 0.191721 0.199637
3 0.482571 0.302178 0.306100 0.271325
1 0.739651 0.206897 0.079521 0.073503
1 0.510893 0.277677 0.117647 0.075318
1 0.599129 0.230490 0.095861 0.068966
1 0.673203 0.184211 0.078431 0.068966
1 0.726580 0.155172 0.068627 0.056261
1 0.399782 0.319419 0.135076 0.081670
1 0.210240 0.334846 0.147059 0.090744
1 0.379085 0.275862 0.126362 0.077132
1 0.491285 0.239564 0.117647 0.088022
2 0.574074 0.185118 0.082789 0.070780
1 0.654684 0.145191 0.064270 0.058076
1 0.589325 0.144283 0.069717 0.049909
1 0.828976 0.171506 0.087146 0.062613
1 0.043028 0.410163 0.086057 0.117967
2 0.925654 0.646098 0.148693 0.199637
1 0.258170 0.376588 0.149237 0.098911
1 0.913943 0.143376 0.081699 0.056261
1 0.559913 0.680581 0.274510 0.169691
1 0.980664 0.127042 0.038671 0.047187
1 0.061819 0.470962 0.123638 0.120690
1 0.403050 0.222323 0.113290 0.066243
1 0.996460 0.146098 0.007081 0.047187
