0 0.706219 0.546850 0.329787 0.403877
1 0.272504 0.435380 0.126841 0.126010
1 0.095745 0.348142 0.087561 0.088045
3 0.032324 0.289984 0.064648 0.149435
1 0.864975 0.357835 0.193944 0.149435
3 0.554828 0.244750 0.316694 0.212439
3 0.841244 0.232633 0.317512 0.265751
1 0.290507 0.239903 0.072831 0.074313
3 0.338789 0.179321 0.195581 0.141357
1 0.214403 0.226979 0.072013 0.067044
3 0.164484 0.159128 0.163666 0.097738
2 0.812602 0.500808 0.209493 0.235864
1 0.565466 0.438611 0.170213 0.151050
2 0.404255 0.367528 0.123568 0.145396
1 0.274141 0.346527 0.110475 0.105008
3 0.146481 0.280291 0.193126 0.177706
