1 0.672007 0.521505 0.110455 0.212366
1 0.605396 0.378136 0.087690 0.155018
2 0.629005 0.259857 0.068297 0.153226
1 0.564924 0.232079 0.058179 0.099462
1 0.895447 0.667563 0.168634 0.354839
1 0.613828 0.163082 0.054806 0.082437
2 0.732715 0.241039 0.071669 0.150538
1 0.688027 0.157706 0.053963 0.097670
1 0.839798 0.041219 0.043002 0.057348
1 0.796796 0.071685 0.046374 0.061828
1 0.672850 0.112007 0.044688 0.068100
1 0.596965 0.074373 0.039629 0.063620
1 0.888702 0.154122 0.060708 0.080645
1 0.918212 0.275986 0.095278 0.133513
1 0.971754 0.220430 0.056492 0.108423
1 0.643339 0.025762 0.030354 0.051523
2 0.569140 0.026882 0.026981 0.053763
3 0.446037 0.628808 0.233558 0.742383
