1 0.798990 0.178170 0.037374 0.049759
1 0.738384 0.205457 0.043434 0.056982
1 0.018434 0.574639 0.036869 0.144462
1 0.364646 0.776083 0.150505 0.212681
2 0.113131 0.573836 0.152525 0.191814
1 0.875758 0.199839 0.043434 0.051364
1 0.934343 0.176565 0.040404 0.047352
1 0.852525 0.246388 0.049495 0.062600
1 0.782828 0.265650 0.049495 0.065008
1 0.956566 0.264848 0.061616 0.080257
1 0.762626 0.345907 0.064646 0.081862
1 0.886869 0.310594 0.059596 0.073836
1 0.450505 0.338684 0.060606 0.080257
1 0.844444 0.565811 0.110101 0.152488
