1 0.840864 0.330189 0.112967 0.170991
1 0.104617 0.883844 0.209234 0.232311
1 0.990422 0.208726 0.019155 0.150943
1 0.301572 0.329009 0.144401 0.150943
1 0.099460 0.474057 0.198919 0.170991
1 0.092583 0.594340 0.185167 0.242925
1 0.958988 0.367925 0.082024 0.175708
1 0.402750 0.482311 0.219057 0.232311
1 0.596267 0.227594 0.137525 0.140330
1 0.415521 0.344340 0.172888 0.193396
1 0.720039 0.650943 0.232809 0.262972
1 0.725933 0.270047 0.138507 0.159198
1 0.741650 0.201651 0.122790 0.126179
1 0.440079 0.979953 0.408644 0.040094
1 0.749509 0.122642 0.105108 0.117925
1 0.923379 0.153302 0.105108 0.126179
