1 0.419037 0.390748 0.103939 0.205709
1 0.368709 0.749016 0.163020 0.350394
1 0.344639 0.065945 0.061269 0.079724
1 0.176149 0.185039 0.096280 0.121063
1 0.198031 0.031742 0.064551 0.063484
1 0.844639 0.688976 0.204595 0.333661
1 0.083151 0.377953 0.148797 0.195866
1 0.936816 0.363189 0.126368 0.172244
1 0.025985 0.243110 0.051969 0.153543
1 0.287746 0.251968 0.096280 0.144685
1 0.808534 0.123031 0.070022 0.079724
1 0.748359 0.286417 0.110503 0.142717
1 0.714442 0.116142 0.068928 0.088583
1 0.609409 0.132874 0.066740 0.109252
1 0.179431 0.636811 0.180525 0.306102
1 0.007112 0.778543 0.014223 0.379921
1 0.617068 0.044291 0.043764 0.062992
1 0.687090 0.043307 0.055799 0.061024
