3 0.652657 0.460707 0.694685 0.659136
0 0.175705 0.219057 0.241866 0.305501
1 0.039317 0.216110 0.078633 0.127701
1 0.959870 0.206287 0.080260 0.176817
1 0.716920 0.140471 0.212581 0.146365
3 0.408894 0.074165 0.367679 0.148330
3 0.727766 0.073919 0.450108 0.147839
1 0.170282 0.042240 0.094360 0.084479
3 0.241866 0.029961 0.260304 0.059921
1 0.078091 0.034627 0.095445 0.069253
3 0.060195 0.002701 0.120390 0.005403
2 0.866052 0.361493 0.267896 0.286837
1 0.543384 0.285855 0.225597 0.183693
2 0.329718 0.199411 0.163774 0.176817
1 0.157267 0.173870 0.146421 0.127701
3 0.058026 0.100688 0.116052 0.201375
