1 0.994919 0.940476 0.010163 0.119048
1 0.690041 0.931973 0.362805 0.136054
1 0.171494 0.926020 0.342988 0.147959
0 0.264228 0.675170 0.382114 0.289966
1 0.614837 0.202381 0.122967 0.085034
1 0.482724 0.234694 0.126016 0.070578
1 0.291667 0.270408 0.143293 0.098639
0 0.090193 0.254252 0.180386 0.130952
1 0.277439 0.228742 0.127033 0.070578
1 0.427846 0.209184 0.117886 0.074830
1 0.560976 0.184524 0.094512 0.064626
1 0.282520 0.161565 0.100610 0.062075
1 0.144309 0.189626 0.133130 0.088435
2 0.020833 0.223639 0.041667 0.161565
