2 0.599274 0.212274 0.052058 0.085513
1 0.276029 0.698189 0.139225 0.193159
1 0.069310 0.753521 0.138620 0.205231
1 0.049637 0.424547 0.087167 0.107646
1 0.691283 0.231388 0.048426 0.064386
1 0.784504 0.232394 0.056901 0.066398
1 0.368039 0.386318 0.082324 0.130785
2 0.728814 0.319920 0.072639 0.109658
1 0.284504 0.319920 0.062954 0.081489
1 0.858354 0.548290 0.116223 0.133803
1 0.406780 0.276660 0.054479 0.081489
2 0.352300 0.209256 0.049637 0.071429
1 0.819613 0.918008 0.187651 0.163984
1 0.276029 0.200201 0.047216 0.055332
