1 0.613393 0.079646 0.033036 0.048673
1 0.670536 0.090265 0.038393 0.062832
1 0.044643 0.881416 0.089286 0.237168
1 0.350893 0.546018 0.100893 0.168142
1 0.748214 0.113274 0.042857 0.058407
1 0.152679 0.395575 0.084821 0.117699
1 0.663393 0.276106 0.064286 0.098230
1 0.368750 0.208850 0.050893 0.079646
1 0.766964 0.294690 0.065179 0.100885
2 0.447321 0.203540 0.050000 0.096460
1 0.877679 0.175221 0.056250 0.071681
1 0.722321 0.523009 0.097321 0.146903
1 0.877679 0.524779 0.117857 0.151327
1 0.418750 0.130089 0.039286 0.064602
1 0.308036 0.098230 0.035714 0.048673
