1 0.455387 0.359375 0.080808 0.091667
1 0.517677 0.315625 0.070707 0.081250
1 0.576599 0.270833 0.059764 0.073958
1 0.622054 0.243750 0.050505 0.066667
1 0.365320 0.415625 0.097643 0.098958
1 0.220539 0.445833 0.111953 0.106250
1 0.345960 0.377083 0.084175 0.093750
1 0.438552 0.322917 0.070707 0.079167
2 0.500842 0.269792 0.066498 0.079167
1 0.569865 0.230208 0.056397 0.071875
1 0.516835 0.233333 0.054714 0.061458
1 0.062921 0.534375 0.125842 0.133333
1 0.260101 0.496875 0.118687 0.106250
1 0.094276 0.597917 0.152357 0.131250
1 0.446970 0.272917 0.061448 0.076042
1 0.378788 0.316667 0.066498 0.068750
2 0.395623 0.580208 0.106902 0.229167
1 0.629630 0.438542 0.074916 0.123958
1 0.824916 0.267708 0.050505 0.093750
