2 0.188907 0.816140 0.320740 0.367721
1 0.393087 0.490017 0.151125 0.189684
1 0.546624 0.044093 0.045820 0.054908
2 0.770900 0.407654 0.102894 0.201331
1 0.586013 0.086522 0.054662 0.060732
1 0.966238 0.311148 0.066720 0.113977
1 0.408360 0.084027 0.064309 0.069052
1 0.814309 0.214642 0.058682 0.086522
1 0.378617 0.235441 0.096463 0.089018
2 0.989349 0.181364 0.021302 0.110649
1 0.862540 0.139767 0.051447 0.076539
1 0.224277 0.194676 0.102090 0.089018
1 0.193730 0.265391 0.126206 0.116473
1 0.065916 0.203827 0.131833 0.098170
1 0.801447 0.103993 0.048232 0.067388
1 0.943730 0.115641 0.039389 0.060732
1 0.036977 0.274542 0.073955 0.099834
