1 0.773166 0.276831 0.057915 0.091141
1 0.403475 0.119250 0.041506 0.052811
1 0.645753 0.560477 0.120656 0.195911
1 0.344595 0.121806 0.038610 0.056218
1 0.645753 0.218910 0.055019 0.088586
1 0.563707 0.354344 0.081081 0.123509
1 0.370656 0.199319 0.055019 0.074957
1 0.292471 0.186542 0.057915 0.068995
1 0.581081 0.242760 0.057915 0.085179
1 0.657336 0.176320 0.043436 0.064736
1 0.601351 0.128620 0.038610 0.044293
1 0.271236 0.348382 0.083977 0.114991
1 0.633205 0.099659 0.031853 0.046848
1 0.585907 0.095400 0.031853 0.044293
1 0.155405 0.614991 0.168919 0.210392
