1 0.872814 0.859145 0.206677 0.281710
1 0.862480 0.243566 0.075517 0.115809
1 0.449126 0.106618 0.034181 0.060662
1 0.399046 0.116728 0.034976 0.065257
1 0.455485 0.161765 0.043720 0.076287
1 0.530207 0.233456 0.051669 0.095588
3 0.308426 0.132353 0.104928 0.187500
1 0.298092 0.354779 0.075517 0.136949
1 0.399841 0.450368 0.082671 0.168199
3 0.708267 0.195772 0.105723 0.213235
3 0.085056 0.551471 0.169316 0.531250
1 0.606518 0.145221 0.041335 0.084559
1 0.813196 0.166360 0.045310 0.074449
1 0.775835 0.114890 0.035771 0.056985
0 0.055644 0.906250 0.111288 0.187500
