1 0.416493 0.032833 0.076200 0.046904
2 0.360125 0.026032 0.084551 0.052064
1 0.289144 0.054409 0.100209 0.058161
2 0.234864 0.038462 0.087683 0.060038
1 0.176409 0.082552 0.094990 0.061914
1 0.103340 0.074109 0.090814 0.053471
1 0.061587 0.102251 0.096033 0.051595
1 0.016441 0.103189 0.032881 0.044090
0 0.601253 0.145403 0.097077 0.124765
1 0.114823 0.142589 0.099165 0.077861
1 0.728601 0.672608 0.316284 0.228893
1 0.543841 0.760788 0.317328 0.257974
1 0.112996 0.646341 0.225992 0.196060
1 0.978079 0.639775 0.043841 0.168856
1 0.955115 0.934334 0.089770 0.131332
1 0.665971 0.452158 0.122129 0.217636
1 0.664927 0.314259 0.094990 0.149156
1 0.707724 0.229831 0.078288 0.128518
1 0.732777 0.177298 0.075157 0.108818
1 0.774530 0.116323 0.066806 0.086304
1 0.799582 0.080675 0.066806 0.082552
1 0.814196 0.051595 0.054280 0.071295
1 0.111430 0.832083 0.222860 0.257974
1 0.635699 0.036585 0.092902 0.058161
