1 0.747115 0.997135 0.202885 0.005729
1 0.831731 0.034375 0.038462 0.061458
1 0.939183 0.701042 0.121635 0.268750
1 0.702885 0.369792 0.083654 0.153125
1 0.866346 0.057292 0.042308 0.064583
1 0.660577 0.246875 0.061538 0.113542
1 0.837500 0.387500 0.092308 0.153125
1 0.781731 0.026042 0.030769 0.052083
1 0.942308 0.073958 0.049039 0.068750
1 0.912500 0.112500 0.052885 0.071875
2 0.666346 0.155208 0.043269 0.101042
1 0.957692 0.153125 0.056731 0.084375
1 0.659615 0.090625 0.035577 0.061458
1 0.956731 0.273958 0.081731 0.123958
1 0.585577 0.041667 0.029808 0.059375
2 0.643269 0.033854 0.033654 0.067708
1 0.705769 0.040625 0.035577 0.059375
1 0.472115 0.220833 0.099038 0.088542
3 0.516346 0.422917 0.165385 0.446875
