1 0.012260 0.847619 0.024519 0.255238
1 0.045433 0.678095 0.090865 0.184762
1 0.547115 0.930476 0.149038 0.139048
1 0.350962 0.888571 0.126923 0.222857
1 0.094231 0.927619 0.176923 0.144762
1 0.360577 0.675238 0.107692 0.199048
1 0.539423 0.790476 0.118269 0.217143
1 0.116346 0.517143 0.107692 0.166667
1 0.172115 0.766667 0.146154 0.252381
2 0.172115 0.409524 0.095192 0.169524
1 0.508654 0.627619 0.085577 0.194286
0 0.523077 0.419048 0.083654 0.241905
1 0.256731 0.540952 0.091346 0.151429
3 0.153846 0.272381 0.164423 0.245714
1 0.303846 0.163810 0.041346 0.060952
