1 0.010364 0.987410 0.020728 0.025180
1 0.051396 0.869604 0.102792 0.245504
1 0.117597 0.709532 0.085448 0.177158
1 0.565144 0.942671 0.134518 0.114658
1 0.388325 0.901978 0.108291 0.196043
1 0.160745 0.936376 0.161591 0.127248
1 0.397631 0.705935 0.095601 0.185252
1 0.554992 0.812050 0.102369 0.213129
1 0.181895 0.553957 0.094755 0.161871
2 0.011421 0.419065 0.022843 0.164568
1 0.268190 0.679856 0.109137 0.197842
1 0.109983 0.326439 0.063452 0.080935
0 0.828257 0.267086 0.049915 0.082734
1 0.607445 0.260791 0.048223 0.065647
1 0.186971 0.248201 0.047377 0.057554
