0 0.361480 0.607537 0.355787 0.309743
1 0.088235 0.011029 0.082543 0.022059
2 0.810247 0.265625 0.150854 0.157169
1 0.308349 0.026425 0.090133 0.052849
1 0.977704 0.470588 0.044592 0.170037
3 0.847011 0.174632 0.305977 0.261029
1 0.556926 0.166360 0.133776 0.095588
1 0.788425 0.381434 0.204934 0.159007
1 0.492410 0.223346 0.156546 0.106618
1 0.555028 0.046875 0.107211 0.063419
1 0.550285 0.068934 0.097723 0.067096
2 0.189753 0.121324 0.109108 0.102022
1 0.193548 0.184743 0.133776 0.091912
3 0.877372 0.086397 0.245256 0.172794
1 0.028463 0.053309 0.056926 0.065257
1 0.013520 0.136029 0.027040 0.091912
