1 0.689916 0.621429 0.191597 0.260714
1 0.177311 0.058036 0.031092 0.038393
1 0.215126 0.047321 0.029412 0.038393
1 0.262185 0.040179 0.026050 0.029464
2 0.489916 0.604464 0.141176 0.262500
1 0.204202 0.525893 0.098319 0.163393
2 0.263025 0.069643 0.041176 0.065179
1 0.232773 0.092857 0.040336 0.038393
1 0.372269 0.065179 0.037815 0.044643
1 0.251260 0.218750 0.057143 0.075893
2 0.373950 0.125000 0.056302 0.067857
1 0.410924 0.105357 0.042857 0.052679
1 0.482353 0.181250 0.064706 0.065179
1 0.390756 0.178571 0.054622 0.057143
1 0.056303 0.274107 0.060504 0.091071
1 0.011765 0.147321 0.023529 0.057143
1 0.120168 0.119643 0.036975 0.055357
1 0.666387 0.276786 0.105042 0.089286
1 0.760504 0.256250 0.101681 0.091071
