1 0.224532 0.098639 0.030145 0.039966
1 0.103950 0.103741 0.037422 0.050170
1 0.238046 0.138605 0.041580 0.058673
1 0.162162 0.116497 0.036383 0.046769
1 0.198545 0.200680 0.053015 0.080782
1 0.094595 0.239796 0.065489 0.076531
2 0.023389 0.204932 0.046778 0.082483
1 0.007796 0.142007 0.015593 0.060374
1 0.161123 0.332483 0.074844 0.098639
1 0.589397 0.201531 0.057173 0.080782
1 0.697505 0.238946 0.065489 0.076531
1 0.017931 0.400510 0.035863 0.119048
1 0.115385 0.466837 0.112266 0.155612
1 0.515592 0.148810 0.046778 0.052721
1 0.377339 0.144558 0.041580 0.054422
1 0.601871 0.139456 0.048857 0.064626
1 0.039761 0.940476 0.079522 0.119048
