0 0.293037 0.711538 0.359768 0.393029
2 0.894584 0.376202 0.162476 0.233173
1 0.873308 0.503606 0.212766 0.222356
3 0.264023 0.011719 0.351064 0.023437
1 0.516441 0.159856 0.136364 0.128606
1 0.597679 0.319712 0.136364 0.199519
2 0.648936 0.257212 0.149903 0.207933
1 0.303675 0.076923 0.117021 0.114183
1 0.375242 0.224760 0.155706 0.170673
1 0.529981 0.054087 0.139265 0.099760
1 0.127660 0.034856 0.105416 0.069712
3 0.806335 0.054988 0.387331 0.109976
1 0.091876 0.153846 0.134429 0.125000
2 0.128627 0.076923 0.131528 0.147837
1 0.697292 0.008113 0.084139 0.016226
1 0.842360 0.145433 0.131528 0.110577
