1 0.565173 0.860269 0.281059 0.279461
1 0.282077 0.668350 0.167006 0.181818
1 0.135438 0.563973 0.117108 0.131313
1 0.057026 0.504209 0.092668 0.107744
1 0.011711 0.452020 0.023422 0.095960
3 0.060336 0.365320 0.120672 0.151515
1 0.117108 0.446970 0.086558 0.087542
3 0.414460 0.572391 0.537678 0.442761
3 0.864817 0.803030 0.270367 0.393939
1 0.889257 0.609428 0.221487 0.155724
1 0.503055 0.462963 0.109980 0.100168
1 0.361507 0.425926 0.110998 0.090067
3 0.319756 0.338384 0.212831 0.173401
1 0.514257 0.420034 0.123218 0.100168
1 0.703666 0.478956 0.159878 0.123737
1 0.922098 0.552189 0.155804 0.149832
1 0.809572 0.447811 0.158860 0.111953
1 0.593686 0.393098 0.118126 0.100168
3 0.434827 0.320707 0.218941 0.159933
