2 0.452148 0.100207 0.074219 0.119835
2 0.394531 0.159091 0.085938 0.110537
1 0.281250 0.225207 0.113281 0.125000
1 0.113281 0.291322 0.149414 0.141529
1 0.327148 0.080579 0.069336 0.073347
3 0.704102 0.142562 0.249023 0.252066
1 0.651367 0.014721 0.049805 0.029442
1 0.199219 0.073347 0.073242 0.056818
1 0.245117 0.716942 0.268555 0.210744
1 0.223633 0.040289 0.061523 0.048554
1 0.628906 0.020919 0.051758 0.041839
1 0.057373 0.917872 0.114746 0.164256
1 0.668945 0.747934 0.268555 0.193182
3 0.509277 0.925878 0.981445 0.148244
1 0.368164 0.018853 0.081055 0.037707
1 0.115234 0.018337 0.073242 0.036674
1 0.832031 0.915547 0.273438 0.168905
