1 0.340198 0.109715 0.039539 0.059464
2 0.415980 0.087940 0.038715 0.083752
1 0.331137 0.160804 0.055189 0.087102
1 0.330313 0.231993 0.058484 0.091290
1 0.253707 0.308208 0.078254 0.114740
1 0.111203 0.572864 0.147446 0.212730
1 0.895387 0.881281 0.205107 0.237437
1 0.551895 0.699330 0.127677 0.253769
1 0.674629 0.438023 0.095552 0.154941
2 0.519769 0.365997 0.085667 0.198493
1 0.691928 0.293970 0.068369 0.107203
1 0.654860 0.159967 0.055189 0.071189
2 0.499176 0.189280 0.046129 0.097152
1 0.541186 0.125628 0.040362 0.065327
1 0.578254 0.088777 0.032949 0.049414
1 0.524712 0.084590 0.035420 0.049414
