1 0.504340 0.156447 0.063368 0.043239
2 0.457465 0.143082 0.076389 0.063679
1 0.401042 0.173742 0.087674 0.057390
2 0.353299 0.165094 0.075521 0.061321
1 0.307292 0.198899 0.082465 0.059748
1 0.245660 0.191824 0.075521 0.055818
1 0.210938 0.218553 0.083333 0.051887
1 0.151042 0.219340 0.069444 0.044811
1 0.037543 0.253931 0.075087 0.059748
0 0.661458 0.252359 0.082465 0.104560
1 0.769097 0.691038 0.263021 0.191824
1 0.924696 0.884434 0.150608 0.231132
1 0.979167 0.663522 0.041667 0.141509
1 0.717014 0.506289 0.101562 0.182390
1 0.716146 0.390723 0.078993 0.125000
1 0.751736 0.319969 0.065104 0.107704
1 0.772569 0.275943 0.062500 0.091195
1 0.807292 0.224843 0.055556 0.072327
1 0.828125 0.194969 0.055556 0.069182
1 0.840278 0.170597 0.045139 0.059748
1 0.471354 0.726415 0.260417 0.194182
1 0.198785 0.266509 0.099826 0.074686
1 0.097439 0.696541 0.194878 0.171384
1 0.677083 0.165094 0.082465 0.048742
1 0.009766 0.893082 0.019531 0.169811
