1 0.492970 0.132299 0.062390 0.099453
1 0.536028 0.447080 0.108963 0.205292
1 0.582601 0.108577 0.057118 0.116788
1 0.668717 0.249088 0.081722 0.149635
1 0.685413 0.092153 0.052724 0.097628
1 0.619508 0.042883 0.048330 0.077555
1 0.900703 0.069343 0.066784 0.088504
1 0.860281 0.162409 0.080844 0.108577
1 0.688928 0.032619 0.042179 0.065237
2 0.631810 0.015055 0.044816 0.030109
2 0.964192 0.146898 0.071617 0.156022
1 0.438489 0.097628 0.078207 0.086679
1 0.985940 0.370438 0.028120 0.186131
3 0.511424 0.049726 0.140598 0.099453
