1 0.147901 0.431992 0.170801 0.163793
1 0.329198 0.380268 0.126908 0.113985
1 0.495229 0.310345 0.103053 0.106322
2 0.622137 0.264368 0.083015 0.084291
2 0.821565 0.590996 0.137405 0.200192
1 0.735687 0.232759 0.062023 0.054598
1 0.456107 0.392720 0.115458 0.109195
2 0.210878 0.852969 0.324427 0.294061
1 0.497137 0.705939 0.187977 0.208812
3 0.730916 0.363985 0.222328 0.251916
1 0.083015 0.663793 0.166031 0.245211
1 0.428435 0.609195 0.202290 0.183908
1 0.689886 0.557471 0.138359 0.160920
2 0.207061 0.694444 0.206107 0.263410
1 0.044847 0.874521 0.089695 0.204023
1 0.275763 0.552682 0.187023 0.152299
1 0.495229 0.443487 0.137405 0.127395
1 0.870229 0.393678 0.083015 0.115900
1 0.786260 0.473180 0.090649 0.124521
1 0.620229 0.376437 0.102099 0.120690
1 0.857824 0.324713 0.053435 0.074713
