1 0.931444 0.122468 0.075868 0.084715
1 0.803473 0.189687 0.094150 0.100368
0 0.276965 0.421731 0.295247 0.377532
1 0.607861 0.346225 0.120658 0.157459
3 0.574954 0.154696 0.260512 0.224678
1 0.222121 0.255064 0.106033 0.113260
1 0.162706 0.231123 0.112431 0.119705
2 0.492687 0.484346 0.153565 0.222836
1 0.264168 0.151934 0.077697 0.092081
1 0.323583 0.171271 0.080439 0.084715
1 0.094835 0.807551 0.189671 0.248619
2 0.221207 0.339779 0.095978 0.116022
1 0.286106 0.929098 0.211152 0.141805
1 0.335466 0.100368 0.068556 0.074586
