1 0.253043 0.198492 0.052174 0.059464
1 0.282609 0.218593 0.046087 0.057789
1 0.960870 0.412898 0.078261 0.117253
1 0.755652 0.438023 0.128696 0.114740
1 0.875652 0.444724 0.134783 0.107203
1 0.821739 0.364322 0.112174 0.089615
1 0.809565 0.316583 0.101739 0.085427
2 0.673913 0.287270 0.105217 0.130653
1 0.350435 0.300670 0.052174 0.081240
1 0.692174 0.275544 0.077391 0.083752
1 0.580000 0.330821 0.089565 0.087102
1 0.589565 0.264657 0.060000 0.073702
1 0.277391 0.367672 0.073043 0.092965
1 0.400870 0.414573 0.063478 0.107203
2 0.484348 0.345896 0.070435 0.108878
1 0.265217 0.536013 0.087826 0.162479
1 0.496522 0.215243 0.045217 0.063652
1 0.581739 0.211893 0.063478 0.071189
1 0.381739 0.597990 0.086087 0.159129
1 0.526087 0.190117 0.042609 0.061139
1 0.375652 0.870394 0.117391 0.259213
