1 0.692229 0.165850 0.032720 0.044935
1 0.708589 0.211601 0.046012 0.053922
1 0.796524 0.200163 0.044990 0.056373
1 0.094325 0.814542 0.188650 0.240196
1 0.210634 0.414216 0.097137 0.102941
1 0.353783 0.736928 0.159509 0.220588
1 0.740286 0.276961 0.053170 0.066176
1 0.047546 0.438726 0.095092 0.114379
1 0.350716 0.395425 0.084867 0.106209
2 0.870143 0.321895 0.066462 0.100490
2 0.775051 0.436275 0.101227 0.139706
1 0.972137 0.308007 0.055726 0.090686
1 0.953221 0.442810 0.093558 0.116013
1 0.452965 0.233660 0.052147 0.066176
1 0.998211 0.260621 0.003579 0.069444
1 0.547035 0.200163 0.046012 0.056373
1 0.418200 0.170752 0.036810 0.046569
2 0.934816 0.888889 0.130368 0.222222
1 0.496933 0.169118 0.039877 0.052288
