1 0.553543 0.823260 0.097638 0.247253
1 0.391339 0.847070 0.103150 0.258242
1 0.438583 0.556777 0.085039 0.195055
1 0.248819 0.799451 0.115748 0.232601
1 0.044291 0.953297 0.088583 0.093407
1 0.325197 0.537546 0.077953 0.147436
1 0.151969 0.700549 0.106299 0.188645
1 0.365354 0.412088 0.062205 0.106227
1 0.242520 0.493590 0.077953 0.130037
1 0.380315 0.321429 0.050394 0.091575
1 0.315748 0.321429 0.052756 0.093407
1 0.341732 0.259157 0.044882 0.077839
1 0.366929 0.201465 0.031496 0.069597
3 0.412598 0.189560 0.068504 0.160256
3 0.067913 0.607143 0.135827 0.438645
3 0.233071 0.266484 0.114173 0.204212
3 0.326772 0.139194 0.094488 0.163004
3 0.425984 0.117216 0.046457 0.097985
1 0.962205 0.195055 0.075591 0.060440
0 0.438583 0.096154 0.043307 0.091575
1 0.611024 0.124542 0.032284 0.045788
1 0.688189 0.210623 0.050394 0.065018
1 0.400787 0.069597 0.024409 0.041209
1 0.454331 0.067766 0.016535 0.032967
