1 0.518182 0.266423 0.093636 0.177007
1 0.477273 0.578467 0.138182 0.322080
1 0.517273 0.897810 0.195455 0.204380
1 0.165455 0.027600 0.070000 0.055201
1 0.163636 0.119526 0.082727 0.140511
0 0.253636 0.132527 0.181818 0.265055
1 0.988636 0.145985 0.022727 0.114963
1 0.880909 0.021214 0.075455 0.042427
1 0.422727 0.049270 0.062727 0.098540
2 0.739091 0.040374 0.060909 0.080748
1 0.656364 0.039690 0.060909 0.079380
3 0.870000 0.083942 0.191818 0.167883
1 0.058409 0.320255 0.116818 0.187956
1 0.183636 0.888686 0.250909 0.222628
