1 0.610068 0.516963 0.055461 0.071082
1 0.555461 0.508078 0.055461 0.068659
1 0.672355 0.572698 0.057167 0.088045
1 0.558020 0.696284 0.087884 0.122779
3 0.756826 0.819871 0.407850 0.360259
1 0.400171 0.832795 0.096416 0.166397
1 0.417235 0.628433 0.060580 0.097738
1 0.593003 0.558158 0.065700 0.067044
1 0.408703 0.546850 0.048635 0.071082
3 0.536689 0.540388 0.136519 0.174475
1 0.342150 0.504039 0.047782 0.074313
1 0.408703 0.465267 0.054607 0.050081
1 0.359215 0.449111 0.040956 0.044426
1 0.400171 0.447496 0.040956 0.042003
1 0.317406 0.419225 0.033276 0.040388
