1 0.872120 0.349602 0.167051 0.118526
1 0.654378 0.275896 0.133641 0.115538
2 0.495392 0.226096 0.109447 0.096614
1 0.382488 0.200199 0.086406 0.070717
1 0.292627 0.178287 0.069124 0.061753
1 0.945276 0.471116 0.109447 0.163347
2 0.873848 0.834661 0.252304 0.330677
1 0.603687 0.666335 0.233871 0.217132
3 0.319124 0.318725 0.267281 0.263944
1 0.685484 0.569721 0.244240 0.189243
1 0.372120 0.516932 0.169355 0.163347
2 0.913018 0.648406 0.173963 0.259960
1 0.869816 0.511952 0.225807 0.167331
1 0.656682 0.416335 0.179724 0.136454
1 0.171659 0.361554 0.102535 0.127490
1 0.263825 0.434263 0.115207 0.127490
1 0.471198 0.333665 0.101383 0.120518
1 0.173963 0.283865 0.055300 0.075697
1 0.116359 0.259960 0.061060 0.075697
1 0.056452 0.285857 0.063364 0.077689
