1 0.299277 0.262376 0.049729 0.078383
1 0.633816 0.113036 0.029837 0.051155
1 0.688065 0.127063 0.031646 0.058581
1 0.661844 0.157591 0.043400 0.068482
1 0.472875 0.349010 0.072333 0.113036
1 0.727848 0.170792 0.043400 0.058581
1 0.335443 0.429868 0.097649 0.127063
1 0.443942 0.178218 0.043400 0.068482
1 0.510850 0.254125 0.053345 0.074257
1 0.711573 0.273927 0.064195 0.095710
1 0.818264 0.277228 0.073237 0.091584
1 0.507233 0.172442 0.037071 0.060231
1 0.427667 0.150165 0.033454 0.052805
1 0.471067 0.118812 0.029837 0.041254
1 0.910488 0.611386 0.150995 0.178218
