1 0.933455 0.473726 0.133091 0.109076
1 0.900485 0.521497 0.151295 0.109076
1 0.777508 0.402070 0.109223 0.081210
1 0.739482 0.437102 0.117314 0.085191
1 0.641586 0.339172 0.083333 0.071656
1 0.638350 0.378981 0.100324 0.073248
1 0.618123 0.299363 0.068770 0.054936
1 0.556634 0.300159 0.071197 0.060510
1 0.552589 0.332803 0.080097 0.075637
1 0.541262 0.259554 0.064725 0.054936
1 0.479773 0.253185 0.062298 0.056529
1 0.448220 0.269108 0.067152 0.056529
1 0.461974 0.222134 0.048544 0.045382
1 0.417476 0.226911 0.052589 0.049363
1 0.369741 0.231688 0.052589 0.056529
1 0.313916 0.210987 0.046116 0.049363
