1 0.669831 0.500833 0.070675 0.069167
1 0.600211 0.486667 0.064346 0.079167
1 0.729958 0.553333 0.070675 0.083333
1 0.644515 0.528333 0.084388 0.070833
1 0.438819 0.915833 0.129747 0.168333
3 0.768987 0.684167 0.231013 0.327500
1 0.533755 0.500833 0.072785 0.076667
1 0.515823 0.431667 0.077004 0.059167
1 0.470464 0.788333 0.108650 0.152500
1 0.201477 0.896875 0.164557 0.206250
1 0.482068 0.700833 0.089662 0.120833
1 0.481013 0.600000 0.077004 0.092500
2 0.451477 0.476667 0.049578 0.083333
1 0.387131 0.544167 0.072785 0.085000
1 0.351266 0.493333 0.059072 0.086667
1 0.334388 0.455833 0.060127 0.060833
1 0.674051 0.586667 0.098101 0.092500
