0 0.515741 0.657643 0.330556 0.254777
1 0.259259 0.203025 0.084259 0.060510
1 0.967824 0.275478 0.064352 0.070064
1 0.970370 0.317675 0.059259 0.081210
2 0.207407 0.219745 0.106481 0.081210
1 0.375000 0.224522 0.122222 0.073248
1 0.797222 0.242834 0.133333 0.090764
1 0.330556 0.246815 0.113889 0.073248
1 0.637037 0.207803 0.125926 0.090764
1 0.502778 0.285828 0.132407 0.090764
1 0.512037 0.182325 0.096296 0.066083
1 0.515741 0.243631 0.122222 0.081210
0 0.692593 0.267516 0.181482 0.124204
2 0.636111 0.195860 0.139815 0.113057
