1 0.148148 0.669027 0.110022 0.131858
1 0.225490 0.607965 0.088235 0.115044
1 0.214597 0.458407 0.070806 0.067257
1 0.282135 0.452212 0.075163 0.084071
1 0.136166 0.524779 0.064270 0.088496
1 0.347495 0.692035 0.094771 0.142478
3 0.589325 0.695575 0.227669 0.438053
1 0.515251 0.539823 0.072985 0.105310
1 0.478213 0.485841 0.059913 0.094690
1 0.350763 0.502655 0.074074 0.085841
1 0.515251 0.418584 0.053377 0.058407
1 0.565359 0.437168 0.057734 0.069027
3 0.460784 0.375221 0.103486 0.121239
1 0.579521 0.377876 0.046841 0.061062
