1 0.580460 0.887387 0.132184 0.200901
1 0.628736 0.478378 0.077011 0.072973
1 0.555172 0.472973 0.079310 0.090090
1 0.710345 0.542342 0.077011 0.085586
1 0.602299 0.623423 0.097701 0.117117
1 0.352874 0.894595 0.147126 0.210811
3 0.463218 0.500000 0.105747 0.202703
1 0.101437 0.914640 0.202874 0.170721
1 0.312644 0.575676 0.078161 0.102703
3 0.375862 0.431532 0.093104 0.138739
1 0.241379 0.439640 0.060920 0.063964
1 0.281609 0.417117 0.049425 0.055856
1 0.242529 0.399099 0.042529 0.057658
1 0.277012 0.381982 0.044828 0.053153
