3 0.341785 0.564236 0.683570 0.578125
0 0.807302 0.342882 0.226166 0.269965
1 0.949037 0.340278 0.101927 0.112847
1 0.999493 0.298611 0.001014 0.096354
1 0.055781 0.331597 0.111562 0.156250
1 0.301217 0.273437 0.198783 0.129340
1 0.005071 0.270833 0.010142 0.135417
3 0.589249 0.175347 0.343813 0.210069
3 0.291075 0.159722 0.420892 0.240451
1 0.812373 0.185764 0.088235 0.076389
3 0.745436 0.125000 0.243408 0.154514
1 0.898580 0.174479 0.089249 0.072049
3 0.929513 0.101562 0.140974 0.105035
2 0.157201 0.468750 0.259635 0.253472
1 0.463489 0.401910 0.210953 0.162326
2 0.663286 0.325521 0.153144 0.156250
1 0.824544 0.302951 0.136917 0.112847
3 0.931542 0.231771 0.136917 0.190972
