1 0.575301 0.531802 0.065261 0.064488
1 0.509036 0.515901 0.059237 0.079505
1 0.638554 0.593640 0.067269 0.088339
3 0.804970 0.871908 0.390060 0.256184
1 0.557229 0.567138 0.080321 0.075088
1 0.356426 0.941034 0.124498 0.117933
3 0.666667 0.697880 0.228916 0.284452
1 0.451807 0.537986 0.069277 0.081272
1 0.434739 0.464664 0.073293 0.062721
1 0.388554 0.778269 0.095382 0.144876
1 0.240964 0.693463 0.088353 0.129859
1 0.571285 0.508834 0.107430 0.071555
1 0.393574 0.651060 0.073293 0.102474
1 0.351406 0.534452 0.052209 0.071555
1 0.189759 0.918286 0.177711 0.163428
2 0.337349 0.463781 0.049197 0.071555
1 0.245984 0.490283 0.049197 0.062721
1 0.225904 0.447880 0.044177 0.056537
1 0.169679 0.425795 0.048193 0.050353
