1 0.468085 0.333973 0.099613 0.186180
1 0.424565 0.662188 0.147002 0.338772
1 0.467118 0.945297 0.207930 0.109405
1 0.164410 0.089251 0.074468 0.111324
0 0.276596 0.054463 0.097679 0.108925
1 0.865571 0.101727 0.066731 0.102687
1 0.499033 0.012716 0.066731 0.025432
2 0.889749 0.431862 0.143133 0.261996
1 0.783366 0.643954 0.197292 0.391555
3 0.908849 0.309021 0.182302 0.550864
1 0.091876 0.210173 0.130561 0.142994
1 0.312379 0.282150 0.113153 0.186180
1 0.697292 0.046785 0.062863 0.093570
1 0.024178 0.446257 0.048356 0.236084
0 0.611219 0.048225 0.082205 0.096449
3 0.721470 0.011276 0.108317 0.022553
1 0.830754 0.040067 0.062863 0.080134
