1 0.693471 0.027052 0.037420 0.051306
1 0.749204 0.055037 0.037420 0.048507
1 0.763535 0.023321 0.034236 0.046642
2 0.585191 0.342351 0.097930 0.177239
1 0.781051 0.281716 0.067675 0.111007
1 0.879777 0.334888 0.069268 0.119403
1 0.625000 0.056903 0.043790 0.055037
1 0.743631 0.198694 0.059713 0.088619
1 0.839968 0.183769 0.051752 0.083955
1 0.631369 0.122201 0.050955 0.059701
1 0.582006 0.110075 0.058121 0.064366
1 0.459395 0.095149 0.056529 0.061567
1 0.950637 0.129664 0.038217 0.068097
1 0.414809 0.258395 0.098726 0.095149
1 0.103503 0.369403 0.139331 0.125933
1 0.943471 0.058769 0.028662 0.048507
1 0.047771 0.487873 0.095541 0.110075
