1 0.933533 0.210970 0.132933 0.193038
2 0.769297 0.118143 0.132933 0.142405
1 0.527444 0.035601 0.078902 0.071203
1 0.453688 0.018724 0.058319 0.037447
1 0.517153 0.082278 0.076329 0.107595
2 0.854202 0.703586 0.291595 0.443038
1 0.601201 0.488397 0.172384 0.232068
3 0.388508 0.129483 0.201544 0.258966
1 0.971055 0.447257 0.057890 0.240506
1 0.662093 0.379747 0.178388 0.195148
1 0.428816 0.334388 0.124357 0.167722
2 0.866209 0.475738 0.191252 0.290084
1 0.983705 0.664557 0.032590 0.202532
1 0.836192 0.340717 0.177530 0.180380
1 0.642367 0.224684 0.131218 0.140295
1 0.278731 0.170886 0.076329 0.132911
1 0.347341 0.245781 0.088336 0.135021
1 0.519726 0.148734 0.091767 0.132911
1 0.283019 0.087553 0.048027 0.074894
1 0.236707 0.063291 0.044597 0.069620
1 0.226415 0.131857 0.051458 0.092827
