0 0.424875 0.657468 0.297997 0.259740
1 0.656093 0.193994 0.075960 0.061688
1 0.024207 0.267857 0.048414 0.068182
1 0.020868 0.310877 0.041736 0.082792
2 0.702838 0.211039 0.095993 0.082792
1 0.551753 0.215909 0.110184 0.074675
1 0.171119 0.234578 0.120200 0.092532
1 0.591820 0.238636 0.102671 0.074675
1 0.315526 0.198864 0.113523 0.092532
1 0.438230 0.280032 0.117696 0.090097
1 0.428214 0.172890 0.086811 0.067370
1 0.424875 0.235390 0.110184 0.082792
0 0.127713 0.299513 0.176127 0.142045
2 0.647746 0.101461 0.063439 0.098214
