1 0.618887 0.525118 0.051433 0.066719
1 0.563238 0.523548 0.058179 0.078493
1 0.679595 0.577708 0.056492 0.078493
1 0.548904 0.741758 0.084317 0.122449
3 0.796585 0.831436 0.406830 0.337127
1 0.393761 0.704867 0.088533 0.124804
1 0.601180 0.554945 0.064924 0.065149
1 0.435919 0.589482 0.060708 0.081633
3 0.591062 0.565149 0.155987 0.195447
1 0.363406 0.535322 0.051433 0.081633
1 0.474705 0.477237 0.070826 0.050235
1 0.396290 0.458399 0.046374 0.048666
1 0.456155 0.457614 0.053120 0.043171
1 0.371838 0.429356 0.039629 0.039246
1 0.704047 0.545526 0.088533 0.063579
