1 0.632445 0.242373 0.034483 0.060169
1 0.701411 0.245763 0.039969 0.058475
1 0.757837 0.213559 0.032132 0.055932
1 0.653605 0.313559 0.043887 0.068644
1 0.406740 0.348305 0.053292 0.086441
1 0.745298 0.343220 0.056426 0.092373
1 0.397335 0.232203 0.034483 0.050000
1 0.827586 0.230508 0.037618 0.055932
1 0.329937 0.243220 0.041536 0.068644
1 0.509404 0.240678 0.032132 0.058475
1 0.419279 0.191525 0.030564 0.048305
1 0.521944 0.194915 0.025862 0.046610
2 0.467868 0.187288 0.035266 0.082203
1 0.898119 0.361017 0.069749 0.100847
1 0.381661 0.182203 0.028213 0.052542
1 0.747649 0.762712 0.118339 0.209322
1 0.964734 0.527966 0.070533 0.112712
