1 0.616387 0.444346 0.187151 0.169611
1 0.850093 0.331272 0.112663 0.129859
3 0.975559 0.242933 0.048883 0.180212
2 0.112197 0.458481 0.224395 0.264134
1 0.386406 0.388693 0.192737 0.163428
2 0.570764 0.317138 0.140596 0.169611
1 0.717877 0.291519 0.126629 0.114841
3 0.862197 0.223498 0.215084 0.190813
1 0.963454 0.224382 0.073091 0.079505
1 0.223464 0.258834 0.179702 0.136042
1 0.508380 0.257067 0.155494 0.125442
1 0.518622 0.151060 0.116387 0.105124
1 0.851955 0.118375 0.059590 0.052120
2 0.900372 0.159011 0.069832 0.068905
1 0.041434 0.133392 0.082868 0.105124
1 0.181564 0.111307 0.134078 0.096290
1 0.340782 0.099823 0.114525 0.079505
3 0.529795 0.059850 0.226257 0.119700
1 0.012104 0.095406 0.024209 0.098940
1 0.124767 0.083039 0.125698 0.081272
1 0.275605 0.068905 0.104283 0.077739
1 0.412477 0.053887 0.088454 0.073322
1 0.735568 0.047703 0.053073 0.048587
1 0.760708 0.072438 0.059590 0.052120
1 0.806331 0.047703 0.051210 0.044170
