1 0.655754 0.185685 0.072421 0.051867
2 0.602183 0.170124 0.080357 0.073651
1 0.534722 0.209544 0.095238 0.064315
2 0.483135 0.191909 0.083333 0.066390
1 0.427579 0.240664 0.090278 0.068465
1 0.358135 0.231328 0.086309 0.059129
1 0.318452 0.262448 0.091270 0.057054
1 0.250992 0.263485 0.080357 0.048755
1 0.110119 0.307054 0.104167 0.066390
0 0.830357 0.312241 0.094246 0.150415
1 0.901042 0.883299 0.197917 0.233402
1 0.914931 0.952541 0.170139 0.094917
1 0.892857 0.649378 0.116071 0.240664
1 0.891865 0.496888 0.090278 0.164938
1 0.932540 0.403527 0.074405 0.142116
1 0.956349 0.345436 0.071429 0.120332
1 0.982143 0.278008 0.035714 0.095436
1 0.994048 0.238589 0.011905 0.091286
1 0.475198 0.891857 0.284722 0.216286
1 0.560516 0.254149 0.094246 0.078838
1 0.090774 0.898081 0.181548 0.203838
