2 0.388357 0.169672 0.029506 0.052459
2 0.959729 0.509836 0.080542 0.229508
1 0.369218 0.232787 0.035885 0.058197
1 0.737640 0.574590 0.095694 0.137705
1 0.308612 0.224590 0.035885 0.062295
1 0.246411 0.231967 0.040670 0.059836
2 0.839713 0.364754 0.093301 0.161475
1 0.204944 0.194262 0.039075 0.046721
1 0.354864 0.312295 0.050239 0.083607
1 0.624402 0.232787 0.038278 0.056557
1 0.678628 0.235246 0.039075 0.058197
1 0.122010 0.349180 0.063796 0.083607
1 0.180223 0.529508 0.082935 0.118852
1 0.548644 0.190164 0.034290 0.056557
1 0.493620 0.186066 0.027911 0.050820
