1 0.084288 0.292535 0.108020 0.131944
1 0.574468 0.127604 0.036825 0.057292
1 0.506547 0.220486 0.053191 0.084201
3 0.702946 0.099826 0.085106 0.135417
1 0.716039 0.269097 0.065466 0.103299
1 0.621113 0.316840 0.066285 0.118924
3 0.276596 0.254340 0.153846 0.269965
3 0.902005 0.382812 0.195990 0.381076
1 0.414075 0.189236 0.052373 0.103299
1 0.181669 0.190972 0.052373 0.065972
1 0.238953 0.119792 0.036007 0.045139
1 0.738953 0.841797 0.171031 0.316406
0 0.922259 0.776910 0.155483 0.446181
1 0.375614 0.138021 0.036825 0.067708
