1 0.236686 0.376543 0.079882 0.156379
1 0.219921 0.139918 0.056213 0.099794
1 0.315582 0.129630 0.064103 0.104938
2 0.846154 0.240741 0.164694 0.180041
1 0.993343 0.301440 0.013314 0.151235
1 0.620316 0.147119 0.097633 0.104938
1 0.428994 0.256173 0.117357 0.124486
1 0.379684 0.427984 0.097633 0.175926
1 0.563116 0.073045 0.075937 0.092593
1 0.757396 0.122428 0.103550 0.117284
1 0.447732 0.041152 0.062130 0.080247
1 0.496055 0.031121 0.052268 0.062243
1 0.175542 0.709877 0.130178 0.265432
1 0.541420 0.023920 0.055227 0.047840
