1 0.102060 0.693861 0.204120 0.265751
3 0.136470 0.485460 0.272940 0.427302
1 0.441011 0.413570 0.182584 0.145396
1 0.699438 0.344103 0.131086 0.103393
1 0.831461 0.298061 0.092697 0.093700
1 0.950140 0.312601 0.099719 0.076737
1 0.958567 0.273021 0.082865 0.072698
2 0.069991 0.406300 0.139981 0.212439
1 0.281835 0.356220 0.167603 0.135703
1 0.465356 0.304523 0.152622 0.120355
1 0.613296 0.274637 0.120787 0.088045
1 0.716292 0.261712 0.092697 0.078352
1 0.798689 0.241519 0.070225 0.063005
1 0.864232 0.235864 0.070225 0.071082
1 0.005384 0.357835 0.010768 0.143780
1 0.914794 0.221325 0.058989 0.063005
1 0.133895 0.304523 0.184457 0.128433
1 0.485955 0.210016 0.111423 0.089661
1 0.651685 0.222940 0.087079 0.074313
3 0.006554 0.144588 0.013109 0.189015
1 0.263109 0.160743 0.118914 0.076737
1 0.479401 0.147819 0.092697 0.063005
1 0.154494 0.138934 0.116105 0.076737
1 0.624532 0.142973 0.074906 0.053312
1 0.458801 0.114701 0.082397 0.063005
1 0.751873 0.137318 0.059925 0.050081
1 0.581461 0.117124 0.072097 0.053312
