3 0.353188 0.585789 0.623322 0.566724
0 0.765101 0.370017 0.187081 0.269497
1 0.889262 0.367418 0.098154 0.112652
1 0.961829 0.325823 0.076342 0.096187
3 0.997273 0.265165 0.005453 0.160312
1 0.094799 0.358752 0.189597 0.155979
1 0.346477 0.300693 0.164430 0.129116
1 0.052852 0.298094 0.105705 0.135182
3 0.584732 0.202773 0.284396 0.209705
3 0.338087 0.187175 0.348154 0.240035
1 0.769295 0.213172 0.072987 0.076257
3 0.713926 0.152513 0.201342 0.154246
1 0.840604 0.201906 0.073825 0.071924
3 0.891779 0.129116 0.167785 0.104853
2 0.227349 0.495667 0.214765 0.253033
1 0.480705 0.428943 0.174497 0.162045
2 0.645973 0.352686 0.126678 0.155979
1 0.779362 0.330156 0.113255 0.112652
3 0.905621 0.259099 0.188758 0.190641
