1 0.661431 0.363208 0.115183 0.081761
1 0.542757 0.365566 0.102094 0.076258
1 0.542757 0.315252 0.088133 0.061321
1 0.359511 0.270440 0.061955 0.054245
1 0.440663 0.270440 0.065445 0.059748
1 0.301047 0.238994 0.052356 0.050314
1 0.466841 0.259434 0.058464 0.055818
1 0.385689 0.247642 0.049738 0.044811
1 0.251309 0.209119 0.039267 0.039308
1 0.417103 0.227987 0.048866 0.044811
1 0.338569 0.220126 0.048866 0.048742
1 0.472949 0.615566 0.130017 0.179245
1 0.836824 0.440252 0.135253 0.089623
1 0.729494 0.461478 0.138743 0.096698
1 0.116928 0.252358 0.054974 0.061321
1 0.972513 0.511792 0.054974 0.081761
