2 0.839080 0.032649 0.033525 0.046642
1 0.383142 0.841418 0.233716 0.282649
2 0.776820 0.055037 0.039272 0.046642
1 0.771073 0.393657 0.099617 0.135261
2 0.766284 0.037313 0.039272 0.048507
1 0.782567 0.082090 0.039272 0.048507
1 0.839080 0.201493 0.062261 0.075560
2 0.816092 0.985075 0.214559 0.029851
1 0.742337 0.133396 0.058429 0.055037
1 0.578544 0.132463 0.064176 0.061567
2 0.970307 0.151119 0.050766 0.083955
1 0.940613 0.121269 0.039272 0.048507
1 0.346743 0.184701 0.083333 0.072761
1 0.281609 0.244403 0.108238 0.108209
1 0.370690 0.315299 0.130268 0.106343
2 0.051964 0.276119 0.103927 0.127798
1 0.010297 0.347948 0.020594 0.121269
1 0.043822 0.442164 0.087644 0.132463
