2 0.105236 0.541071 0.210472 0.264286
1 0.389117 0.471429 0.212526 0.169643
2 0.594456 0.395536 0.156057 0.163393
1 0.755647 0.370536 0.138604 0.116071
3 0.895534 0.301786 0.208932 0.192857
1 0.993326 0.300893 0.013347 0.080357
2 0.076489 0.450893 0.152977 0.230357
1 0.312115 0.398214 0.185832 0.150000
1 0.511294 0.333036 0.164271 0.129464
1 0.672485 0.306250 0.135524 0.109821
1 0.779261 0.284821 0.089322 0.084821
1 0.897331 0.250000 0.078029 0.069643
1 0.900411 0.224107 0.090349 0.067857
1 0.026951 0.208036 0.053901 0.103571
1 0.163244 0.187500 0.143737 0.086607
1 0.337782 0.175000 0.123203 0.086607
3 0.535934 0.128571 0.253593 0.141964
1 0.003593 0.178571 0.007187 0.095536
1 0.165298 0.151786 0.130390 0.080357
1 0.329569 0.136607 0.114990 0.069643
1 0.493840 0.131250 0.082136 0.063393
1 0.701232 0.156250 0.083162 0.063393
1 0.665298 0.130357 0.056468 0.050893
1 0.791581 0.150000 0.062628 0.058929
1 0.759754 0.130357 0.060575 0.049107
1 0.861396 0.147321 0.056468 0.046429
1 0.820329 0.116964 0.056468 0.044643
