1 0.372420 0.526096 0.259850 0.269311
2 0.312383 0.323591 0.198874 0.265136
1 0.710131 0.207724 0.142589 0.153445
3 0.898452 0.112213 0.203096 0.224426
1 0.999062 0.101253 0.001876 0.088727
2 0.119371 0.272443 0.238743 0.272443
1 0.381801 0.209812 0.168856 0.175365
1 0.564728 0.137787 0.151032 0.153445
1 0.712007 0.103340 0.122889 0.121086
1 0.813321 0.082463 0.087242 0.101253
1 0.907129 0.050104 0.070356 0.081420
1 0.983583 0.043841 0.032833 0.084551
1 0.369606 0.055063 0.135084 0.110125
1 0.384615 0.117954 0.158537 0.128392
1 0.999765 0.033664 0.000469 0.067328
1 0.755159 0.037578 0.087242 0.075157
1 0.045263 0.028706 0.090525 0.057411
1 0.201689 0.015919 0.135084 0.031837
1 0.377111 0.003392 0.113509 0.006785
1 0.001642 0.003653 0.003283 0.007307
