1 0.643443 0.992133 0.109836 0.015734
1 0.573771 0.826049 0.087705 0.166084
1 0.602459 0.507867 0.054918 0.070804
1 0.550000 0.502622 0.056557 0.087413
1 0.660656 0.569930 0.054918 0.083042
1 0.586885 0.649476 0.071311 0.104021
1 0.421312 0.789336 0.084426 0.155594
3 0.480328 0.512238 0.076230 0.175699
1 0.290164 0.800699 0.101639 0.213287
1 0.377869 0.562063 0.045082 0.087413
3 0.417213 0.451923 0.062295 0.128496
1 0.314754 0.453671 0.038525 0.063811
1 0.347541 0.439685 0.031967 0.051573
1 0.315574 0.423951 0.031967 0.043706
