1 0.520833 0.131886 0.074405 0.047579
1 0.586309 0.141068 0.076389 0.043406
1 0.373016 0.164441 0.080357 0.039232
1 0.383929 0.181135 0.088294 0.047579
0 0.770833 0.243740 0.095238 0.111018
1 0.964286 0.633556 0.071429 0.227880
1 0.831349 0.533389 0.103175 0.171953
1 0.825397 0.368948 0.088294 0.118531
1 0.875000 0.259599 0.072421 0.101002
1 0.915675 0.206177 0.055556 0.073456
1 0.842014 0.934265 0.315972 0.131469
1 0.216270 0.277129 0.119048 0.073456
1 0.605159 0.761269 0.293651 0.190317
1 0.403770 0.212020 0.106151 0.073456
1 0.741071 0.146077 0.088294 0.057596
1 0.974950 0.157763 0.050099 0.060935
1 0.160714 0.774624 0.245040 0.190317
1 0.020833 0.254591 0.041667 0.059265
1 0.978671 0.125209 0.042659 0.049249
