1 0.466862 0.855364 0.219298 0.256705
3 0.070419 0.333333 0.140838 0.172414
1 0.141326 0.442529 0.089669 0.104406
3 0.422027 0.568966 0.514620 0.503831
3 0.865741 0.806753 0.268519 0.386494
3 0.331384 0.302682 0.203704 0.197318
1 0.517544 0.395594 0.117934 0.113985
1 0.698830 0.462644 0.153021 0.140805
1 0.916667 0.545977 0.166667 0.170498
3 0.995127 0.476054 0.009747 0.251916
1 0.800195 0.427203 0.152047 0.127395
1 0.593567 0.364943 0.113060 0.113985
3 0.441520 0.282567 0.209552 0.181992
1 0.175439 0.590996 0.128655 0.181992
3 0.055799 0.415709 0.111598 0.227011
