0 0.620413 0.606218 0.427752 0.282383
1 0.947248 0.031952 0.100917 0.055268
1 0.918578 0.051813 0.097477 0.063040
2 0.066514 0.322107 0.133028 0.153713
1 0.093750 0.403282 0.187500 0.141624
3 0.569954 0.061313 0.431193 0.122625
1 0.469037 0.186528 0.141055 0.083765
1 0.354358 0.299655 0.157110 0.132988
2 0.342890 0.240933 0.169725 0.128670
1 0.696101 0.037133 0.106651 0.061313
1 0.706422 0.132988 0.131881 0.079447
1 0.614679 0.239206 0.177752 0.118307
1 0.236239 0.150259 0.168578 0.075993
1 0.915138 0.108808 0.122706 0.061313
3 0.080562 0.107081 0.161124 0.147668
1 0.940654 0.191710 0.118693 0.092401
2 0.938073 0.130397 0.123853 0.083765
1 0.061353 0.088946 0.122706 0.069948
