1 0.246394 0.969101 0.360577 0.061798
3 0.980469 0.393258 0.039062 0.168539
1 0.952224 0.497191 0.095553 0.100187
3 0.614183 0.623596 0.634615 0.492509
3 0.117788 0.834270 0.235577 0.331461
3 0.725962 0.363296 0.251202 0.192884
1 0.496394 0.454120 0.145433 0.111423
1 0.272837 0.519663 0.188702 0.137640
1 0.053486 0.601124 0.106971 0.166667
1 0.147837 0.485019 0.187500 0.124532
1 0.402644 0.424157 0.139423 0.111423
3 0.590144 0.343633 0.258413 0.177903
1 0.772837 0.742509 0.203125 0.215356
3 0.966046 0.506554 0.067909 0.268727
