1 0.255932 0.883809 0.248305 0.232381
1 0.677119 0.400952 0.097458 0.151429
1 0.794068 0.511429 0.105932 0.171429
1 0.765254 0.020238 0.033051 0.040476
1 0.846610 0.011905 0.030508 0.023810
1 0.580508 0.350476 0.100847 0.138095
1 0.948517 0.616190 0.102966 0.207619
1 0.799153 0.025714 0.034746 0.042857
1 0.722881 0.020476 0.036441 0.040952
2 0.822881 0.256190 0.067797 0.151429
1 0.706780 0.083810 0.050000 0.049524
1 0.533898 0.081905 0.050000 0.062857
1 0.984958 0.120952 0.030085 0.074286
2 0.953390 0.059048 0.037288 0.072381
1 0.914407 0.042857 0.030508 0.049524
1 0.408475 0.261905 0.097458 0.092381
1 0.091525 0.295238 0.128814 0.110476
