1 0.056042 0.515873 0.112084 0.112875
1 0.079028 0.568783 0.158056 0.106702
1 0.205779 0.437390 0.119089 0.091711
1 0.246060 0.481481 0.122592 0.085538
1 0.333625 0.376543 0.090193 0.083774
1 0.358144 0.411817 0.105079 0.088183
1 0.375657 0.322751 0.070928 0.060847
1 0.431699 0.331570 0.076182 0.071429
1 0.450088 0.363316 0.084063 0.073192
1 0.444834 0.288360 0.065674 0.060847
1 0.498249 0.286596 0.065674 0.062610
1 0.514010 0.320106 0.072680 0.064374
1 0.514010 0.259259 0.059545 0.060847
1 0.569177 0.251323 0.060420 0.062610
1 0.575306 0.283951 0.063047 0.067019
1 0.622592 0.261905 0.056918 0.060847
1 0.384413 0.620811 0.123468 0.144621
1 0.582312 0.523809 0.098949 0.131393
1 0.774081 0.300705 0.069177 0.085538
