1 0.332317 0.118803 0.074187 0.042735
2 0.387195 0.105983 0.082317 0.060684
1 0.456301 0.138462 0.097561 0.052991
2 0.509146 0.123932 0.085366 0.054701
1 0.566057 0.164103 0.092480 0.056410
1 0.637195 0.156410 0.088415 0.048718
1 0.677846 0.182051 0.093496 0.047009
1 0.746951 0.182906 0.082317 0.040171
1 0.891260 0.218803 0.106707 0.054701
0 0.153455 0.221368 0.094512 0.109402
1 0.300813 0.147863 0.089431 0.062393
1 0.091209 0.701709 0.182419 0.208547
1 0.394309 0.724786 0.285569 0.202564
1 0.767276 0.670085 0.272358 0.164103
1 0.124746 0.896795 0.249492 0.206410
3 0.021341 0.921368 0.042683 0.157265
1 0.089431 0.500855 0.118902 0.198291
1 0.090447 0.375214 0.092480 0.135897
1 0.048780 0.298291 0.076220 0.117094
1 0.030488 0.250427 0.060976 0.099145
1 0.008130 0.194872 0.016260 0.078632
1 0.882622 0.823077 0.234756 0.208547
