1 0.805512 0.318345 0.179528 0.155576
1 0.437795 0.214928 0.116535 0.116906
1 0.282677 0.168165 0.085827 0.085432
3 0.668504 0.513489 0.581890 0.603417
0 0.283465 0.292266 0.175591 0.279676
1 0.166929 0.289568 0.092126 0.116906
1 0.095276 0.238309 0.081102 0.107014
3 0.034252 0.177158 0.068504 0.170863
1 0.912795 0.281475 0.174409 0.157374
1 0.674803 0.218525 0.155118 0.136691
1 0.951181 0.217626 0.097638 0.140288
3 0.452756 0.118705 0.266929 0.217626
3 0.684252 0.113534 0.326772 0.227068
1 0.279528 0.123201 0.069291 0.080935
3 0.331496 0.073291 0.188976 0.146583
1 0.212598 0.117806 0.069291 0.074640
3 0.164567 0.048336 0.157480 0.096673
2 0.788189 0.422662 0.201575 0.262590
1 0.550394 0.353417 0.163780 0.168165
2 0.395276 0.274281 0.118898 0.161871
1 0.270079 0.250899 0.106299 0.116906
3 0.147244 0.177158 0.185827 0.197842
