0 0.542490 0.120370 0.206522 0.240741
1 0.224308 0.066872 0.091897 0.104938
2 0.307312 0.118313 0.105731 0.129630
1 0.566206 0.290123 0.126482 0.126543
2 0.336957 0.046296 0.086957 0.092593
1 0.393281 0.240741 0.101779 0.129630
1 0.999012 0.330247 0.001976 0.136831
3 0.849308 0.277778 0.301383 0.458848
1 0.943676 0.228395 0.102767 0.117284
1 0.848814 0.500000 0.180830 0.190329
2 0.597826 0.439300 0.127470 0.215021
1 0.964180 0.153292 0.071640 0.112140
1 0.900198 0.082305 0.086957 0.092593
1 0.811265 0.080247 0.078063 0.090535
1 0.864625 0.857510 0.213439 0.284979
