0 0.341129 0.228669 0.075000 0.116894
1 0.235484 0.565700 0.129032 0.214164
1 0.538710 0.107509 0.033065 0.044369
1 0.581452 0.115188 0.035484 0.042662
1 0.560484 0.093003 0.029839 0.038396
1 0.518548 0.087884 0.029839 0.040102
1 0.539516 0.078498 0.029032 0.036689
1 0.445968 0.100683 0.041129 0.044369
1 0.402419 0.097270 0.038710 0.046928
2 0.609677 0.108362 0.035484 0.052901
1 0.483871 0.155290 0.050806 0.050341
2 0.958871 0.221843 0.063710 0.078498
1 0.535484 0.150171 0.050806 0.048635
1 0.526613 0.204778 0.078226 0.075085
1 0.805645 0.186007 0.063710 0.056314
2 0.604032 0.324232 0.076613 0.113481
1 0.702419 0.253413 0.087903 0.081058
1 0.649194 0.107509 0.044355 0.046928
2 0.787097 0.351536 0.120161 0.129693
1 0.616129 0.087884 0.039516 0.034130
3 0.650806 0.064846 0.104032 0.110921
1 0.972379 0.465017 0.055242 0.104949
