3 0.039225 0.278270 0.078450 0.197339
1 0.081285 0.376940 0.089792 0.126386
3 0.430057 0.603104 0.573724 0.646341
3 0.993620 0.855044 0.012760 0.289911
3 0.265595 0.226164 0.196597 0.191796
1 0.445180 0.335920 0.116257 0.118625
1 0.628544 0.410200 0.154064 0.151885
1 0.843100 0.492240 0.189981 0.184036
3 0.978497 0.400222 0.043006 0.276053
1 0.747637 0.374723 0.155009 0.139690
1 0.520794 0.298226 0.110586 0.115299
3 0.368620 0.205100 0.203214 0.197339
1 0.942344 0.273836 0.098299 0.094235
1 0.019612 0.427938 0.039225 0.128603
