0 0.282209 0.790625 0.381391 0.340625
2 0.937372 0.521875 0.125256 0.207292
1 0.917689 0.655208 0.164622 0.200000
3 0.220859 0.116667 0.371166 0.167708
1 0.549080 0.326042 0.146217 0.120833
1 0.638037 0.469792 0.143149 0.178125
2 0.701431 0.412500 0.159509 0.182292
1 0.121677 0.095833 0.091002 0.079167
1 0.323108 0.252083 0.127812 0.111458
1 0.396728 0.382292 0.163599 0.147917
1 0.498978 0.217708 0.143149 0.086458
1 0.143149 0.213542 0.110429 0.068750
3 0.793200 0.183333 0.413599 0.187500
1 0.098160 0.313542 0.144172 0.118750
2 0.150307 0.255208 0.138037 0.123958
1 0.677914 0.146875 0.093047 0.084375
1 0.820041 0.290625 0.138037 0.095833
