1 0.014943 0.453097 0.029886 0.205310
1 0.361480 0.363717 0.173624 0.145133
1 0.572106 0.289381 0.124288 0.105310
1 0.727704 0.255752 0.098672 0.090265
3 0.275380 0.609735 0.550759 0.593805
0 0.664137 0.392035 0.211575 0.275221
1 0.804554 0.389381 0.111006 0.115044
1 0.890892 0.338938 0.097723 0.105310
3 0.961575 0.278761 0.076850 0.168142
1 0.005455 0.381416 0.010911 0.154867
1 0.192600 0.319469 0.186907 0.134513
3 0.460152 0.221239 0.321632 0.214159
3 0.189042 0.205310 0.378083 0.245133
1 0.668880 0.225664 0.083491 0.079646
3 0.606262 0.169912 0.227704 0.157522
1 0.749526 0.220354 0.083491 0.073451
3 0.807400 0.146018 0.189753 0.107080
2 0.088710 0.520354 0.177419 0.258407
1 0.342505 0.452212 0.197343 0.165487
2 0.529412 0.374336 0.143264 0.159292
1 0.680266 0.351327 0.128083 0.115044
3 0.828273 0.278761 0.223909 0.194690
