1 0.963746 0.282343 0.072509 0.149476
2 0.779359 0.199301 0.149466 0.128496
1 0.496441 0.121503 0.081851 0.072552
1 0.416370 0.097028 0.061388 0.062063
1 0.483096 0.169580 0.079181 0.089161
2 0.838968 0.687937 0.309609 0.376748
1 0.571174 0.505245 0.178826 0.194930
3 0.347865 0.201049 0.209075 0.229895
1 0.963746 0.469406 0.072509 0.196678
1 0.633452 0.416084 0.185053 0.161713
1 0.391459 0.378497 0.129004 0.138986
2 0.845196 0.495629 0.198399 0.240385
1 0.975089 0.652098 0.049822 0.167832
1 0.814057 0.383741 0.184164 0.149476
1 0.612989 0.287587 0.136121 0.116259
1 0.235765 0.243007 0.079182 0.110140
1 0.306939 0.305070 0.091637 0.111888
1 0.485765 0.224650 0.095196 0.110140
1 0.240214 0.173951 0.049822 0.062063
1 0.192171 0.153846 0.046263 0.057692
1 0.181495 0.210664 0.053381 0.076923
