1 0.294764 0.370141 0.176520 0.148410
1 0.646115 0.273852 0.114020 0.108657
1 0.790541 0.242049 0.084459 0.091873
3 0.338682 0.589223 0.624155 0.592756
0 0.751689 0.371908 0.188345 0.274735
1 0.876689 0.369258 0.098818 0.114841
1 0.953547 0.318905 0.086993 0.105124
3 0.991132 0.258834 0.017736 0.167845
1 0.085093 0.361307 0.170186 0.154594
1 0.331926 0.299470 0.166385 0.134276
1 0.043919 0.298587 0.087838 0.137809
3 0.570101 0.201413 0.286318 0.213781
3 0.321791 0.185512 0.350507 0.244700
1 0.755912 0.205830 0.074324 0.079505
3 0.700169 0.150177 0.202703 0.157244
1 0.827703 0.200530 0.074324 0.073322
3 0.879223 0.126325 0.168919 0.106890
2 0.210304 0.500000 0.216216 0.257951
1 0.465372 0.431979 0.175676 0.165194
2 0.631757 0.354240 0.127534 0.159011
1 0.766047 0.331272 0.114020 0.114841
3 0.897804 0.258834 0.199324 0.194346
