0 0.598569 0.626079 0.294913 0.288428
3 0.872019 0.050734 0.229730 0.101468
1 0.074324 0.384283 0.148649 0.137306
1 0.255167 0.297064 0.118442 0.106218
1 0.158983 0.435233 0.161367 0.170121
1 0.678855 0.106218 0.093005 0.065630
1 0.429253 0.217617 0.094595 0.069948
3 0.438792 0.092401 0.309221 0.153713
1 0.469793 0.319516 0.134340 0.126943
2 0.392687 0.270294 0.127186 0.132988
1 0.594595 0.071675 0.078696 0.061313
1 0.506359 0.140760 0.085056 0.071675
1 0.585851 0.227979 0.108903 0.086356
1 0.619237 0.178756 0.101749 0.073402
1 0.720986 0.266839 0.116852 0.100173
1 0.747218 0.145078 0.096184 0.092401
1 0.786169 0.198618 0.101749 0.065630
1 0.889507 0.228843 0.105723 0.088083
1 0.231320 0.119171 0.092210 0.059586
1 0.142289 0.158031 0.093005 0.059586
1 0.072337 0.252159 0.118442 0.079447
1 0.926073 0.129534 0.094595 0.063040
1 0.954889 0.164940 0.090223 0.069948
