1 0.433198 0.188581 0.069838 0.088235
1 0.504049 0.267301 0.088057 0.145329
1 0.533401 0.632353 0.169028 0.272491
1 0.651822 0.287197 0.086032 0.137543
1 0.559717 0.160900 0.064777 0.088235
1 0.836032 0.048443 0.049595 0.065744
1 0.788462 0.092561 0.060729 0.073529
1 0.661943 0.173010 0.063765 0.094291
2 0.585020 0.074394 0.060729 0.102941
2 0.872470 0.078720 0.064777 0.094291
1 0.399798 0.160900 0.104251 0.077855
1 0.896761 0.172145 0.079959 0.096021
1 0.880567 0.287197 0.108300 0.133218
3 0.458502 0.083910 0.170041 0.167820
