1 0.924188 0.228889 0.151625 0.192222
2 0.726534 0.132222 0.144404 0.157778
1 0.457581 0.041944 0.083032 0.083889
1 0.379964 0.024167 0.061372 0.048333
1 0.446751 0.095556 0.080325 0.113333
2 0.807762 0.754444 0.314079 0.478889
1 0.536101 0.522222 0.181408 0.247778
3 0.309567 0.140833 0.212094 0.281667
1 0.948782 0.476667 0.102437 0.250000
1 0.599278 0.408889 0.187726 0.205556
1 0.353791 0.361111 0.130866 0.176667
2 0.814079 0.510000 0.201264 0.305556
1 0.960289 0.708889 0.079422 0.213333
1 0.782491 0.367778 0.186823 0.190000
1 0.578520 0.245556 0.138087 0.147778
1 0.195848 0.188889 0.080325 0.140000
1 0.268051 0.267778 0.092960 0.142222
1 0.449458 0.165556 0.096570 0.140000
1 0.200361 0.101111 0.050542 0.078889
1 0.151625 0.075556 0.046931 0.073333
1 0.140794 0.147778 0.054152 0.097778
