1 0.212398 0.852991 0.150407 0.294018
2 0.462398 0.214447 0.131098 0.134312
1 0.298780 0.240406 0.055894 0.101580
2 0.308943 0.128668 0.039634 0.107223
1 0.252033 0.102709 0.043699 0.072235
1 0.055894 0.161400 0.048781 0.085779
1 0.061992 0.134312 0.053862 0.072235
1 0.048780 0.099323 0.045732 0.066591
1 0.106707 0.093679 0.044715 0.064334
1 0.106707 0.033860 0.037602 0.066591
2 0.129065 0.059819 0.040650 0.077878
1 0.149390 0.048533 0.036585 0.064334
1 0.177845 0.025677 0.033537 0.051354
1 0.137195 0.020598 0.035569 0.041196
1 0.275407 0.059819 0.035569 0.058691
1 0.334350 0.040632 0.031504 0.056433
