1 0.218227 0.241830 0.050167 0.058007
1 0.958194 0.580882 0.083612 0.125817
1 0.244983 0.262255 0.042642 0.056373
1 0.912207 0.441993 0.134615 0.102941
1 0.688127 0.468137 0.117893 0.108660
1 0.797659 0.471405 0.126254 0.106209
1 0.750000 0.398693 0.102843 0.087418
1 0.743311 0.350490 0.096990 0.079248
2 0.612876 0.324346 0.101171 0.131536
1 0.308528 0.342320 0.051003 0.083333
1 0.629599 0.310458 0.072742 0.079248
1 0.520067 0.362745 0.082776 0.084967
1 0.532609 0.302288 0.059365 0.067810
1 0.234114 0.408497 0.071070 0.087418
1 0.356187 0.459967 0.062709 0.110294
2 0.445652 0.396242 0.071070 0.108660
1 0.223244 0.581699 0.086957 0.158497
1 0.444816 0.253268 0.044314 0.066176
1 0.526756 0.252451 0.061037 0.069444
1 0.334448 0.645425 0.081104 0.162582
1 0.474080 0.230392 0.040134 0.059641
1 0.330268 0.892974 0.117893 0.214052
