1 0.428414 0.351171 0.115639 0.160535
1 0.294053 0.034281 0.053965 0.065217
1 0.338106 0.096154 0.058370 0.071070
1 0.378855 0.683110 0.171806 0.321070
1 0.300661 0.211538 0.095815 0.117057
1 0.113436 0.301003 0.136564 0.140468
1 0.096916 0.141304 0.100220 0.099498
1 0.842511 0.288462 0.127753 0.134615
1 0.650881 0.173077 0.088106 0.102843
1 0.027808 0.623746 0.055617 0.299331
1 0.772026 0.125418 0.069383 0.083612
1 0.197137 0.535953 0.181718 0.235786
1 0.770925 0.066054 0.056167 0.055184
1 0.648678 0.078595 0.053965 0.065217
1 0.690529 0.044314 0.044053 0.053512
