1 0.889961 0.334038 0.176641 0.130021
1 0.840734 0.400634 0.181467 0.130021
1 0.694015 0.245243 0.128378 0.102537
1 0.649614 0.294926 0.138996 0.105708
1 0.553089 0.172304 0.099421 0.089852
1 0.529923 0.212474 0.114865 0.093023
1 0.510618 0.107822 0.077220 0.072939
1 0.445946 0.118393 0.085907 0.080338
1 0.428571 0.157505 0.093629 0.087738
1 0.433398 0.067653 0.076255 0.072939
1 0.373552 0.062368 0.074324 0.075053
1 0.354247 0.109937 0.084942 0.080338
1 0.353282 0.030127 0.064672 0.060254
1 0.295367 0.030127 0.069498 0.060254
1 0.282819 0.064482 0.074324 0.072939
1 0.237452 0.033827 0.058880 0.067653
1 0.522201 0.779070 0.195946 0.320296
1 0.209459 0.213531 0.105212 0.142706
