1 0.811475 0.186364 0.042155 0.050000
1 0.771663 0.215455 0.045667 0.056364
1 0.146370 0.444545 0.094848 0.110000
1 0.701405 0.265455 0.052693 0.064545
1 0.802108 0.285455 0.065574 0.070909
1 0.891101 0.261818 0.059719 0.060000
1 0.307963 0.434545 0.092506 0.124545
1 0.442623 0.434545 0.085480 0.114545
1 0.318501 0.285455 0.057377 0.060000
1 0.922717 0.218182 0.051522 0.051818
1 0.375878 0.336364 0.064403 0.077273
2 0.781030 0.528182 0.094848 0.140000
1 0.956967 0.535455 0.086066 0.118182
1 0.989169 0.406364 0.021663 0.094545
2 0.432084 0.213636 0.056206 0.094545
1 0.509368 0.241818 0.051522 0.066364
