0 0.404274 0.795732 0.317094 0.339431
3 0.086111 0.109756 0.172222 0.147358
1 0.988675 0.558943 0.022650 0.142276
1 0.863248 0.454268 0.137607 0.137195
1 0.960470 0.639228 0.079060 0.180894
1 0.264957 0.174797 0.096581 0.074187
1 0.678632 0.348577 0.123077 0.082317
3 0.519658 0.159553 0.325641 0.163618
1 0.667521 0.493902 0.153846 0.158537
2 0.688034 0.415650 0.143590 0.175813
1 0.346154 0.145325 0.076068 0.067073
1 0.440171 0.221545 0.094872 0.077236
1 0.487180 0.351626 0.122222 0.108740
1 0.450427 0.291667 0.109402 0.082317
1 0.347863 0.401423 0.135897 0.120935
1 0.307692 0.243902 0.110256 0.115854
1 0.274359 0.314024 0.117094 0.093496
1 0.159829 0.350610 0.117094 0.101626
1 0.705983 0.192073 0.088889 0.067073
1 0.824786 0.236789 0.103419 0.077236
1 0.884615 0.329268 0.123077 0.086382
1 0.118803 0.225610 0.106838 0.079268
1 0.092308 0.270325 0.106838 0.086382
1 0.027991 0.321138 0.055983 0.105691
