1 0.044386 0.676809 0.088772 0.226151
0 0.187140 0.236842 0.089251 0.112664
1 0.127639 0.462171 0.088292 0.162007
1 0.423225 0.120888 0.039347 0.042763
1 0.474088 0.128289 0.042227 0.041118
1 0.448177 0.106908 0.035509 0.037007
1 0.398273 0.101974 0.035509 0.038651
1 0.423225 0.092105 0.034549 0.035362
1 0.166987 0.106086 0.049904 0.048520
1 0.333973 0.118421 0.046065 0.045230
1 0.260077 0.117599 0.054702 0.050987
1 0.298464 0.180921 0.062380 0.052632
1 0.823417 0.196546 0.050864 0.046875
1 0.413628 0.163651 0.062380 0.042763
1 0.400192 0.189145 0.071977 0.058388
2 0.797505 0.200658 0.072937 0.068257
2 0.505758 0.121711 0.042227 0.050987
1 0.563340 0.285362 0.093090 0.068257
2 0.659309 0.135691 0.046065 0.052632
1 0.643954 0.278783 0.092131 0.066612
1 0.843570 0.446546 0.172745 0.130757
1 0.525912 0.118421 0.047025 0.041118
2 0.969770 0.782072 0.060461 0.138158
