1 0.703061 0.538724 0.131633 0.220957
1 0.794898 0.398633 0.094898 0.161731
1 0.918367 0.299544 0.089796 0.129841
1 0.976276 0.249431 0.047449 0.096811
1 0.603061 0.490888 0.126531 0.145786
1 0.703061 0.395216 0.101020 0.129841
1 0.791837 0.299544 0.084694 0.118451
1 0.873469 0.256264 0.072449 0.092255
1 0.944898 0.216401 0.066327 0.083144
1 0.436735 0.521640 0.152041 0.129841
3 0.609184 0.322323 0.258163 0.305239
1 0.802041 0.243736 0.073469 0.100228
1 0.233673 0.520501 0.166327 0.140091
1 0.616327 0.275626 0.097959 0.100228
1 0.719388 0.210706 0.090816 0.083144
1 0.784694 0.179954 0.058163 0.067198
1 0.124490 0.512528 0.159184 0.113895
1 0.301020 0.402050 0.130612 0.116173
1 0.441837 0.331435 0.089796 0.102506
1 0.553061 0.279043 0.081633 0.100228
2 0.633673 0.214123 0.072449 0.088838
1 0.714286 0.176538 0.066327 0.078588
1 0.215306 0.383827 0.123469 0.110478
1 0.012755 0.886105 0.025510 0.145786
2 0.631633 0.890945 0.278571 0.218109
1 0.946429 0.971241 0.107143 0.057517
