1 0.694611 0.938359 0.199601 0.123282
1 0.398204 0.152921 0.076846 0.093643
2 0.566866 0.292096 0.096806 0.182990
1 0.604790 0.539519 0.130739 0.197595
1 0.537924 0.211340 0.062874 0.095361
1 0.795409 0.026632 0.038922 0.053265
1 0.784431 0.387457 0.138722 0.197595
1 0.476048 0.098797 0.043912 0.073024
1 0.824351 0.091065 0.056886 0.069588
1 0.581836 0.094502 0.056886 0.081615
1 0.491018 0.047251 0.035928 0.047251
1 0.541916 0.026632 0.032934 0.047251
1 0.590818 0.026632 0.038922 0.053265
3 0.358283 0.493986 0.230539 0.535223
