3 0.061215 0.401770 0.122430 0.161947
1 0.119626 0.476106 0.086916 0.100885
3 0.436449 0.631858 0.544860 0.505310
3 0.992523 0.865487 0.014953 0.269027
3 0.307477 0.356637 0.191589 0.165487
1 0.481308 0.442478 0.112150 0.092035
1 0.660748 0.501770 0.149533 0.117699
1 0.875701 0.569027 0.185981 0.140708
3 0.978738 0.492035 0.042523 0.234513
1 0.766355 0.472566 0.144860 0.123894
1 0.557009 0.415929 0.105608 0.088496
3 0.406542 0.339823 0.199065 0.154867
1 0.537383 0.898230 0.254206 0.203540
1 0.785981 0.357522 0.113084 0.077876
1 0.003972 0.463717 0.007944 0.090265
