1 0.181501 0.488117 0.107330 0.180073
1 0.333333 0.356490 0.072426 0.127971
2 0.472077 0.188300 0.096859 0.108775
1 0.365620 0.143510 0.039267 0.071298
2 0.373473 0.088665 0.028796 0.074040
1 0.335951 0.064899 0.031414 0.052102
1 0.073298 0.170932 0.046248 0.077697
1 0.150960 0.152651 0.042757 0.074040
1 0.147469 0.133455 0.044503 0.066728
1 0.157941 0.110603 0.049738 0.066728
1 0.192845 0.094150 0.039267 0.052102
1 0.172775 0.063985 0.037522 0.066728
2 0.210297 0.070384 0.035777 0.069470
1 0.226003 0.061243 0.032286 0.053931
1 0.246946 0.045704 0.030541 0.042962
1 0.208551 0.039305 0.034031 0.045704
