1 0.553965 0.157598 0.075991 0.046904
2 0.575991 0.132270 0.091410 0.064728
1 0.702643 0.185741 0.102423 0.061914
2 0.786344 0.177298 0.092511 0.066604
1 0.848018 0.216698 0.104626 0.071295
1 0.926211 0.208255 0.095815 0.066604
1 0.958700 0.240150 0.082599 0.061914
0 0.398678 0.282364 0.109031 0.137899
1 0.259912 0.650094 0.185022 0.224203
1 0.333700 0.463415 0.080397 0.160413
1 0.285242 0.345216 0.088106 0.102251
1 0.227974 0.265478 0.075991 0.079737
1 0.201542 0.211069 0.075991 0.071295
1 0.171806 0.182927 0.057269 0.071295
1 0.238987 0.914165 0.353524 0.171670
3 0.887390 0.238274 0.225220 0.178236
1 0.900055 0.899156 0.199890 0.201689
1 0.485683 0.183865 0.100220 0.058161
