1 0.487443 0.579055 0.069635 0.087269
1 0.414384 0.571869 0.074201 0.090349
1 0.569635 0.651951 0.073059 0.097536
1 0.461187 0.731006 0.101598 0.124230
3 0.432648 0.794148 0.234018 0.411704
3 0.292237 0.627310 0.136986 0.270021
1 0.050514 0.956109 0.101027 0.087782
1 0.222603 0.582136 0.054795 0.085216
1 0.195205 0.550308 0.059361 0.074949
1 0.578767 0.559548 0.108447 0.072895
1 0.140411 0.678645 0.082192 0.119097
1 0.286530 0.568789 0.094749 0.087269
1 0.108447 0.501027 0.054795 0.067762
3 0.165525 0.457906 0.094749 0.126283
1 0.068493 0.458932 0.045662 0.065708
