1 0.666344 0.085513 0.034816 0.064386
1 0.727273 0.094567 0.041586 0.064386
1 0.392650 0.411469 0.093810 0.184105
1 0.786267 0.221328 0.057060 0.090543
1 0.260155 0.186117 0.050290 0.081489
1 0.691489 0.249497 0.057060 0.097585
1 0.429400 0.178068 0.050290 0.092555
1 0.893617 0.131791 0.047389 0.069417
1 0.892650 0.240443 0.062863 0.092555
1 0.902321 0.478873 0.103482 0.145875
1 0.973646 0.197183 0.052708 0.100604
1 0.794004 0.601610 0.119923 0.179074
1 0.986460 0.793763 0.027079 0.223340
1 0.534816 0.086519 0.035783 0.057344
