1 0.233663 0.621886 0.201980 0.238434
1 0.355446 0.441281 0.100000 0.152135
0 0.393069 0.225089 0.091089 0.124555
1 0.294059 0.317616 0.083168 0.126334
1 0.634653 0.099644 0.039604 0.044484
1 0.688119 0.109431 0.043564 0.044484
1 0.661386 0.086299 0.036634 0.040036
3 0.442574 0.083630 0.109901 0.158363
1 0.543564 0.104093 0.060396 0.048932
1 0.608911 0.079181 0.035644 0.040036
1 0.557426 0.138790 0.063366 0.061388
1 0.699010 0.184164 0.079208 0.063167
2 0.626733 0.235765 0.092079 0.101424
1 0.634653 0.070285 0.034653 0.038256
1 0.900000 0.150356 0.064356 0.052491
1 0.729703 0.235765 0.088119 0.072064
1 0.890099 0.290925 0.109901 0.084520
1 0.769307 0.103203 0.058416 0.052491
1 0.857426 0.115658 0.051485 0.046263
