1 0.711009 0.823675 0.167890 0.323675
1 0.459633 0.544702 0.124771 0.201987
1 0.442202 0.221026 0.066055 0.082781
1 0.661468 0.378311 0.096330 0.200331
1 0.535780 0.274007 0.080734 0.127483
1 0.648624 0.125828 0.046789 0.070364
1 0.591743 0.091060 0.035780 0.052980
1 0.768807 0.156457 0.052294 0.076159
1 0.832110 0.141556 0.055046 0.076159
1 0.895413 0.115894 0.055963 0.070364
1 0.824771 0.081954 0.044037 0.057119
1 0.991743 0.076159 0.016514 0.066225
1 0.562385 0.188742 0.058716 0.084437
2 0.575229 0.114238 0.040367 0.082781
1 0.872477 0.399007 0.121101 0.157285
3 0.461468 0.112583 0.145872 0.170530
