1 0.415741 0.235417 0.029630 0.057292
1 0.333333 0.268750 0.048148 0.076042
1 0.300926 0.214583 0.032407 0.052083
1 0.402778 0.276042 0.036111 0.059375
1 0.240741 0.214583 0.034259 0.052083
1 0.622222 0.557292 0.073148 0.128125
1 0.373148 0.348958 0.049074 0.086458
1 0.256481 0.276042 0.047222 0.059375
1 0.293519 0.375000 0.051852 0.088542
1 0.379630 0.432292 0.062963 0.104167
1 0.199074 0.357292 0.058333 0.084375
1 0.167593 0.288542 0.048148 0.064583
1 0.316667 0.702083 0.091667 0.172917
1 0.567593 0.303125 0.041667 0.068750
1 0.087037 0.562500 0.092593 0.131250
1 0.076852 0.855208 0.137963 0.219792
1 0.018518 0.500000 0.037037 0.112500
