1 0.003002 0.373777 0.006004 0.099804
1 0.000000 0.450098 0.000000 0.129158
1 0.962882 0.092955 0.069869 0.053816
1 0.835153 0.104697 0.052402 0.060665
1 0.890830 0.128180 0.056769 0.071429
1 0.311135 0.284736 0.131004 0.104697
1 0.173581 0.275930 0.144105 0.120352
1 0.795852 0.139922 0.055677 0.062622
1 0.344978 0.210372 0.104804 0.086106
1 0.770742 0.196673 0.057860 0.090020
1 0.865721 0.177104 0.053493 0.079256
1 0.474891 0.195695 0.094978 0.086106
1 0.494542 0.150685 0.091703 0.071429
1 0.445415 0.141879 0.081878 0.071429
1 0.844978 0.254403 0.061135 0.092955
1 0.590611 0.152642 0.070961 0.071429
1 0.728166 0.388454 0.084061 0.127202
2 0.912664 0.491194 0.116812 0.223092
1 0.591703 0.101761 0.053493 0.069472
1 0.521834 0.098826 0.057860 0.069472
1 0.711790 0.654599 0.117904 0.223092
3 0.133188 0.706458 0.266376 0.587084
