1 0.572451 0.960000 0.224508 0.080000
1 0.781753 0.893636 0.262075 0.212727
1 0.827370 0.733636 0.229875 0.262727
1 0.334526 0.102727 0.050089 0.058182
1 0.418605 0.095455 0.057245 0.062727
1 0.304115 0.120909 0.056351 0.058182
1 0.250447 0.355455 0.086762 0.124545
1 0.078712 0.341818 0.070662 0.114545
1 0.501789 0.170000 0.074240 0.075455
1 0.161002 0.249091 0.061717 0.092727
1 0.586762 0.161818 0.078712 0.081818
1 0.516995 0.226364 0.079606 0.075455
2 0.219141 0.182727 0.054562 0.103636
1 0.784436 0.187273 0.093023 0.080000
1 0.899821 0.275455 0.125224 0.108182
1 0.920394 0.437273 0.158318 0.133636
1 0.969589 0.386364 0.060823 0.111818
