1 0.741736 0.079960 0.069215 0.050607
2 0.710744 0.054656 0.070248 0.064777
1 0.583678 0.111336 0.091942 0.064777
2 0.465909 0.117409 0.094008 0.066802
1 0.393595 0.165992 0.090909 0.059717
1 0.313017 0.153846 0.089876 0.071862
1 0.272727 0.188259 0.099174 0.064777
1 0.200413 0.189271 0.082645 0.057692
1 0.072314 0.233806 0.106405 0.071862
0 0.806818 0.233806 0.096074 0.148785
1 0.964618 0.726721 0.070764 0.278340
1 0.888430 0.510121 0.087810 0.208502
1 0.882231 0.354251 0.089876 0.124494
1 0.952479 0.234818 0.073347 0.098178
1 0.973140 0.163968 0.053719 0.081984
1 0.988895 0.129555 0.022211 0.069838
3 0.093233 0.282389 0.186467 0.220648
1 0.525826 0.896255 0.315083 0.207490
1 0.474174 0.188259 0.100207 0.071862
