2 0.996094 0.307985 0.007812 0.173954
1 0.821875 0.241445 0.151042 0.121673
1 0.668750 0.189164 0.113542 0.095057
1 0.497917 0.131179 0.084375 0.080798
1 0.546875 0.206274 0.088542 0.090304
2 0.889323 0.761407 0.221354 0.396388
1 0.645833 0.569392 0.209375 0.211977
3 0.386458 0.238593 0.244792 0.241445
1 0.720833 0.476236 0.215625 0.173954
1 0.437500 0.432509 0.150000 0.153042
2 0.924740 0.560836 0.150521 0.259506
1 0.912240 0.440114 0.175521 0.157795
1 0.694792 0.333650 0.163542 0.119772
1 0.254167 0.287072 0.090625 0.113118
1 0.337500 0.356464 0.104167 0.121673
1 0.547917 0.266160 0.107292 0.130228
1 0.260417 0.219582 0.059375 0.072243
1 0.204167 0.192966 0.055208 0.069392
1 0.190625 0.253802 0.059375 0.087452
