1 0.359232 0.359712 0.117916 0.230216
1 0.276965 0.219424 0.090494 0.161871
1 0.166362 0.117506 0.081353 0.142686
1 0.106947 0.063549 0.063071 0.101918
1 0.052102 0.027278 0.062157 0.054556
1 0.452468 0.314149 0.114260 0.170264
1 0.359232 0.220623 0.094150 0.136691
1 0.276965 0.113909 0.086837 0.128297
1 0.208410 0.061151 0.066728 0.091127
1 0.141682 0.035072 0.063071 0.070144
1 0.596892 0.347722 0.134369 0.153477
3 0.443327 0.147482 0.230347 0.294964
1 0.276965 0.059952 0.072212 0.107914
1 0.709324 0.306954 0.134369 0.133094
1 0.384826 0.061151 0.074040 0.101918
1 0.329982 0.027578 0.055759 0.055156
1 0.288848 0.014388 0.058501 0.028777
1 0.862888 0.332134 0.146252 0.128297
1 0.721207 0.221823 0.121572 0.110312
1 0.591408 0.142686 0.077697 0.107914
1 0.481718 0.082734 0.072212 0.091127
2 0.418647 0.038369 0.079525 0.076739
1 0.342779 0.011091 0.065814 0.022182
1 0.730347 0.163070 0.113346 0.110312
1 0.921161 0.715827 0.157678 0.213429
1 0.670018 0.922362 0.281536 0.155276
2 0.297989 0.731415 0.252285 0.252998
1 0.031079 0.890887 0.062157 0.218225
1 0.954068 0.913969 0.091865 0.172062
