1 0.264469 0.198706 0.045820 0.059150
1 0.931069 0.508318 0.137862 0.142329
1 0.930064 0.415896 0.129421 0.126617
1 0.333601 0.205176 0.036174 0.050832
1 0.777331 0.353050 0.090836 0.105360
1 0.364952 0.241220 0.038585 0.076710
1 0.299839 0.227357 0.039389 0.063771
1 0.672026 0.341035 0.081190 0.092421
1 0.646302 0.281885 0.086817 0.078558
1 0.636656 0.246765 0.067524 0.063771
1 0.317524 0.268946 0.036174 0.070240
1 0.557074 0.280037 0.067524 0.074861
1 0.391479 0.339187 0.051447 0.089649
2 0.310289 0.390018 0.057074 0.142329
1 0.532154 0.220887 0.042605 0.070240
1 0.580386 0.214418 0.047428 0.067468
1 0.417203 0.458410 0.061093 0.126617
3 0.684887 0.517560 0.381833 0.488909
1 0.493569 0.191312 0.034566 0.059150
1 0.380225 0.867837 0.102090 0.264325
