3 0.913939 0.267928 0.172122 0.179283
1 0.828442 0.353586 0.111738 0.110558
3 0.352991 0.611554 0.705982 0.665339
3 0.608352 0.211155 0.233634 0.177291
1 0.392777 0.308765 0.138826 0.106574
1 0.170429 0.378486 0.188488 0.136454
1 0.016083 0.452191 0.032167 0.151394
1 0.027935 0.364542 0.055869 0.129482
1 0.265237 0.287849 0.139955 0.108566
3 0.484199 0.197211 0.242664 0.167331
1 0.565463 0.691235 0.226862 0.222112
1 0.651242 0.166335 0.077878 0.056773
1 0.494357 0.136454 0.077878 0.072709
1 0.969244 0.362550 0.061512 0.120518
