1 0.123836 0.032748 0.033520 0.031949
2 0.359404 0.971446 0.231844 0.057109
1 0.548417 0.479233 0.183426 0.193291
1 0.181564 0.031150 0.036313 0.030351
1 0.072626 0.058307 0.040037 0.034345
1 0.224395 0.388978 0.121974 0.158946
1 0.279330 0.076677 0.047486 0.049521
1 0.202980 0.079073 0.043762 0.049521
1 0.189013 0.105431 0.047486 0.043930
1 0.021182 0.178914 0.042365 0.070288
1 0.533520 0.165335 0.085661 0.070288
1 0.602421 0.245208 0.114525 0.083067
3 0.774674 0.152556 0.280261 0.200479
2 0.001164 0.078275 0.002328 0.045527
1 0.935987 0.452875 0.128026 0.128594
