2 0.054991 0.498918 0.109982 0.198052
1 0.350707 0.376623 0.068021 0.091991
3 0.408127 0.260823 0.149293 0.177489
1 0.204064 0.331169 0.064488 0.069264
1 0.235866 0.303030 0.066254 0.063853
1 0.118375 0.282468 0.053887 0.069264
1 0.560954 0.397186 0.085689 0.082251
1 0.689929 0.251082 0.069788 0.056277
1 0.687279 0.470779 0.095406 0.102814
3 0.459364 0.942641 0.918728 0.114719
1 0.050353 0.244589 0.066254 0.061688
1 0.607774 0.478355 0.098057 0.104978
1 0.892226 0.601732 0.148410 0.138528
1 0.750000 0.943723 0.214664 0.112554
