1 0.460461 0.817152 0.098847 0.237864
1 0.526359 0.207929 0.033773 0.051780
2 0.296540 0.851133 0.128501 0.245146
1 0.034185 0.898058 0.068369 0.203884
1 0.205931 0.560680 0.107908 0.141586
1 0.490115 0.218447 0.033773 0.055825
1 0.043863 0.665858 0.087727 0.180421
1 0.643328 0.189320 0.029654 0.040453
3 0.148270 0.360841 0.197694 0.257282
2 0.453871 0.213592 0.036244 0.065534
1 0.608731 0.197411 0.028830 0.044498
1 0.299012 0.383495 0.065074 0.101942
1 0.678748 0.252427 0.042834 0.061489
1 0.750412 0.313916 0.053542 0.078479
1 0.641680 0.326861 0.049423 0.076861
3 0.814662 0.245146 0.130972 0.184466
1 0.339374 0.262945 0.045305 0.065534
1 0.386326 0.220874 0.037068 0.053398
1 0.724876 0.545307 0.081549 0.122977
1 0.901977 0.658576 0.124382 0.155340
3 0.353377 0.168285 0.065898 0.099515
