1 0.987694 0.291262 0.024611 0.057282
1 0.580311 0.988592 0.117444 0.022816
1 0.198618 0.997087 0.138169 0.005825
1 0.574266 0.854369 0.089810 0.193204
1 0.425734 0.858252 0.093264 0.193204
1 0.277202 0.889320 0.113126 0.206796
1 0.109672 0.910922 0.123489 0.178155
1 0.044473 0.827184 0.088946 0.179612
1 0.460276 0.665049 0.082902 0.174757
1 0.327288 0.733010 0.082902 0.156311
1 0.180484 0.745631 0.099309 0.202913
1 0.358377 0.630097 0.069948 0.126214
1 0.256477 0.633010 0.073402 0.129126
1 0.373921 0.551456 0.061313 0.112621
1 0.296200 0.533981 0.062176 0.103884
1 0.404145 0.482524 0.052677 0.082524
1 0.320380 0.476699 0.048359 0.080583
1 0.400691 0.426214 0.044041 0.073786
1 0.332470 0.423301 0.044041 0.078641
1 0.356649 0.389320 0.044041 0.073786
1 0.375648 0.352427 0.035406 0.068932
3 0.424007 0.333981 0.066494 0.159223
3 0.121114 0.577670 0.242228 0.372816
3 0.232297 0.415534 0.113990 0.211651
3 0.287565 0.335922 0.085492 0.159223
3 0.348014 0.270874 0.092401 0.151456
3 0.435233 0.275728 0.051813 0.124272
1 0.989421 0.325243 0.021157 0.062136
3 0.065846 0.573786 0.131693 0.366019
1 0.986399 0.409709 0.027202 0.070874
0 0.257340 0.224272 0.041451 0.087379
