1 0.973737 0.224826 0.052525 0.051215
1 0.474747 0.917752 0.137374 0.164497
1 0.264646 0.934028 0.154545 0.131944
1 0.054545 0.925347 0.109091 0.149306
1 0.467677 0.725694 0.105050 0.172743
1 0.293939 0.729167 0.109091 0.172743
1 0.120202 0.756944 0.132323 0.184896
1 0.334343 0.556424 0.096970 0.156250
1 0.178788 0.617187 0.096970 0.139757
1 0.032576 0.628472 0.065152 0.181424
1 0.215152 0.525174 0.081818 0.112847
1 0.095960 0.527778 0.085859 0.115451
1 0.233333 0.454861 0.071717 0.100694
1 0.142424 0.439236 0.072727 0.092882
1 0.268687 0.393229 0.061616 0.073785
1 0.170707 0.388021 0.056566 0.072049
1 0.264646 0.342882 0.051515 0.065972
1 0.184848 0.340278 0.051515 0.070312
1 0.213131 0.309896 0.051515 0.065972
1 0.235354 0.276910 0.041414 0.061632
3 0.291919 0.260417 0.077778 0.142361
3 0.039646 0.478299 0.079293 0.333333
3 0.067677 0.333333 0.133333 0.189236
3 0.132323 0.262153 0.100000 0.142361
3 0.203030 0.203993 0.108081 0.135417
3 0.305050 0.208333 0.060606 0.111111
1 0.968687 0.252604 0.057576 0.051215
1 0.970960 0.335937 0.058081 0.072049
