0 0.591537 0.677609 0.324698 0.271044
1 0.788428 0.127946 0.057858 0.055556
1 0.730570 0.152357 0.059585 0.058081
1 0.674439 0.158249 0.054404 0.055556
1 0.054836 0.446128 0.109672 0.135522
1 0.058938 0.504209 0.117876 0.143939
1 0.677893 0.132155 0.065630 0.061448
1 0.543178 0.176768 0.086356 0.065657
2 0.308290 0.308081 0.142487 0.123737
1 0.320380 0.382155 0.145941 0.107744
1 0.552677 0.139731 0.079447 0.061448
1 0.103627 0.566498 0.177029 0.171717
3 0.880397 0.148148 0.239206 0.127946
3 0.657168 0.202020 0.287565 0.167508
1 0.415371 0.154882 0.094128 0.049663
1 0.449914 0.198653 0.113126 0.069865
1 0.565630 0.324074 0.124352 0.100168
1 0.364421 0.196128 0.087219 0.061448
1 0.459413 0.416667 0.165803 0.119529
1 0.216753 0.211279 0.097582 0.065657
1 0.199482 0.250842 0.120898 0.084175
1 0.273748 0.176768 0.093264 0.058081
1 0.784974 0.301347 0.123489 0.091751
1 0.109672 0.198653 0.093264 0.052189
1 0.051813 0.225589 0.103627 0.071549
1 0.963731 0.258418 0.072539 0.075758
1 0.120035 0.171717 0.099309 0.047980
