0 0.663780 0.176311 0.074803 0.122061
1 0.468504 0.045208 0.034646 0.047016
1 0.427559 0.051537 0.033858 0.042495
1 0.447244 0.028933 0.030709 0.042495
1 0.487402 0.026221 0.032283 0.047016
1 0.466142 0.016501 0.031496 0.033002
2 0.394488 0.046112 0.035433 0.057866
2 0.367717 0.066004 0.031496 0.064195
1 0.630709 0.027125 0.038583 0.042495
1 0.420472 0.027125 0.034646 0.042495
1 0.548819 0.033454 0.040158 0.045208
1 0.582677 0.037071 0.037795 0.045208
1 0.481890 0.112116 0.054331 0.053345
3 0.476378 0.226944 0.244882 0.331826
3 0.200787 0.084087 0.177165 0.150090
3 0.358268 0.127486 0.158268 0.169078
1 0.421260 0.165461 0.066142 0.068716
1 0.065354 0.389693 0.109449 0.109403
1 0.436220 0.009946 0.033858 0.019891
