1 0.773171 0.339015 0.121951 0.186553
1 0.719512 0.661932 0.176829 0.321023
1 0.052439 0.231061 0.104878 0.155303
1 0.768293 0.945312 0.243902 0.109375
1 0.629268 0.015862 0.068293 0.031723
1 0.657317 0.065341 0.076829 0.091856
1 0.548780 0.049953 0.091463 0.099905
1 0.813415 0.017992 0.087805 0.035985
1 0.978354 0.291667 0.043293 0.181818
1 0.591463 0.296402 0.141463 0.186553
1 0.435366 0.243371 0.147561 0.152462
1 0.975000 0.132576 0.050000 0.112689
1 0.096341 0.517045 0.192683 0.291667
1 0.086585 0.879735 0.173171 0.240530
