2 0.355914 0.203593 0.043011 0.070858
1 0.727957 0.936377 0.179570 0.127246
1 0.951613 0.994012 0.096774 0.011976
1 0.927957 0.537924 0.103226 0.127745
1 0.286022 0.209581 0.035484 0.054890
1 0.208602 0.217565 0.043011 0.061876
1 0.582796 0.498004 0.089247 0.163673
2 0.254839 0.280439 0.051613 0.087824
1 0.665591 0.407186 0.065591 0.099800
1 0.163441 0.459082 0.086022 0.103792
1 0.534409 0.346307 0.052688 0.084830
2 0.584946 0.262475 0.047312 0.084830
1 0.233333 0.660679 0.108602 0.146707
1 0.655914 0.244511 0.044086 0.061876
1 0.008333 0.714571 0.016667 0.191617
