1 0.492662 0.308896 0.147799 0.098023
3 0.258124 0.595552 0.516247 0.552718
0 0.641509 0.392916 0.233753 0.256178
1 0.796646 0.390445 0.122642 0.107084
1 0.892034 0.343493 0.107966 0.098023
3 0.963836 0.287479 0.072327 0.156507
1 0.120545 0.325371 0.206499 0.125206
3 0.416143 0.233937 0.355346 0.199341
3 0.162736 0.219110 0.325472 0.228171
1 0.646751 0.238056 0.092243 0.074135
3 0.577568 0.186161 0.251572 0.146623
1 0.735849 0.233114 0.092243 0.068369
3 0.799790 0.163921 0.209644 0.099671
2 0.051887 0.512356 0.103774 0.240527
1 0.286164 0.448929 0.218029 0.154036
2 0.492662 0.376442 0.158281 0.148270
1 0.659329 0.355025 0.141509 0.107084
3 0.822851 0.287479 0.247379 0.181219
