1 0.530335 0.822959 0.283473 0.354082
1 0.255230 0.577551 0.178870 0.232653
1 0.109833 0.461225 0.120293 0.159184
1 0.038441 0.388776 0.076883 0.130612
3 0.047333 0.220408 0.094665 0.183673
1 0.091004 0.319388 0.087866 0.104082
3 0.396444 0.471429 0.552301 0.536735
3 0.860879 0.751020 0.278243 0.497959
1 0.849372 0.496939 0.213389 0.174490
1 0.487448 0.338776 0.112971 0.121429
1 0.342050 0.293878 0.112971 0.109184
3 0.299163 0.187755 0.218619 0.210204
1 0.498954 0.286735 0.126569 0.121429
1 0.693515 0.358163 0.164226 0.150000
1 0.918933 0.446939 0.162134 0.181633
1 0.802301 0.320408 0.163180 0.135714
1 0.580544 0.254082 0.121339 0.121429
3 0.417364 0.166327 0.224895 0.193878
