2 0.597868 0.537246 0.166667 0.294582
1 0.588178 0.393905 0.121124 0.152370
1 0.518411 0.961625 0.296512 0.076749
1 0.722868 0.001411 0.047481 0.002822
1 0.822674 0.008465 0.046512 0.016930
1 0.971899 0.237020 0.056202 0.120767
1 0.882752 0.202032 0.068798 0.107223
2 0.611434 0.010440 0.055233 0.020880
1 0.639535 0.025113 0.046512 0.050226
1 0.720930 0.023138 0.047481 0.046275
1 0.955426 0.139955 0.057171 0.103837
1 0.875000 0.092551 0.062016 0.095937
1 0.982316 0.056433 0.035368 0.072235
1 0.929990 0.916761 0.140019 0.166479
1 0.508721 0.132054 0.080426 0.088036
1 0.619186 0.127540 0.070736 0.074492
1 0.958333 0.020880 0.039729 0.041761
1 0.407946 0.213318 0.101744 0.117382
1 0.238372 0.206546 0.116279 0.109481
1 0.029797 0.524831 0.059593 0.154628
