1 0.412852 0.175174 0.064261 0.058005
2 0.460387 0.157773 0.071303 0.082367
1 0.520246 0.201856 0.084507 0.071926
2 0.566021 0.182135 0.073944 0.074246
1 0.615317 0.236659 0.080106 0.076566
1 0.676937 0.226218 0.076584 0.066125
1 0.712148 0.261021 0.080986 0.063805
1 0.772007 0.262181 0.071303 0.054524
1 0.897007 0.310905 0.092430 0.074246
0 0.256162 0.313225 0.080986 0.150812
1 0.329225 0.199536 0.073944 0.074246
1 0.149648 0.910383 0.266725 0.179234
1 0.486796 0.926914 0.245599 0.146172
1 0.808979 0.906903 0.235915 0.186195
1 0.202465 0.693735 0.102993 0.269141
1 0.203345 0.523202 0.080106 0.184455
1 0.167253 0.418794 0.066021 0.158933
1 0.146127 0.353828 0.063380 0.134571
1 0.110916 0.278422 0.056338 0.106729
1 0.089789 0.234339 0.056338 0.102088
1 0.077465 0.198376 0.045775 0.088167
1 0.924076 0.996230 0.151849 0.007541
