2 0.656667 0.187037 0.045833 0.110185
1 0.717500 0.191667 0.033333 0.072222
1 0.107500 0.920602 0.166667 0.158796
1 0.359167 0.820370 0.129167 0.256481
1 0.041042 0.772222 0.082083 0.195370
1 0.230833 0.451852 0.095833 0.120370
1 0.773333 0.321296 0.063333 0.099074
1 0.408333 0.320370 0.060833 0.136111
1 0.364167 0.255556 0.046667 0.078704
1 0.500000 0.280556 0.050833 0.087963
1 0.884167 0.346296 0.063333 0.085185
1 0.743333 0.600000 0.093333 0.166667
1 0.946667 0.291667 0.062500 0.089815
1 0.454167 0.212963 0.035833 0.072222
1 0.908333 0.571296 0.100000 0.162037
1 0.355833 0.186111 0.037500 0.065741
