1 0.883471 0.415268 0.139669 0.089765
1 0.896694 0.492450 0.154545 0.091443
1 0.691736 0.326342 0.098347 0.077181
1 0.652893 0.365772 0.104959 0.077181
1 0.552893 0.264262 0.071901 0.069631
1 0.538017 0.294463 0.085950 0.077181
1 0.547934 0.234899 0.063636 0.059564
1 0.485950 0.234899 0.057025 0.055369
1 0.425620 0.234899 0.063636 0.059564
1 0.492562 0.203859 0.057025 0.053691
1 0.428926 0.193792 0.056198 0.052013
1 0.362810 0.193792 0.050413 0.049497
1 0.299174 0.171141 0.046281 0.043624
1 0.140496 0.200503 0.055372 0.065436
