1 0.137543 0.066735 0.082180 0.080082
1 0.192042 0.050308 0.072664 0.072895
2 0.218858 0.085216 0.070069 0.106776
1 0.287197 0.156057 0.082180 0.102669
1 0.393599 0.146817 0.089965 0.102669
3 0.481834 0.075205 0.194637 0.150411
1 0.363322 0.241273 0.089965 0.124230
1 0.525952 0.264887 0.103806 0.126283
1 0.994810 0.293635 0.010381 0.143737
1 0.972318 0.375770 0.055363 0.206365
1 0.923010 0.208419 0.101211 0.126283
1 0.462803 0.345996 0.108131 0.145791
1 0.656574 0.385010 0.128028 0.156057
1 0.578720 0.501027 0.128028 0.182752
1 0.796713 0.585216 0.159169 0.199179
1 0.825259 0.117043 0.072664 0.102669
2 0.732699 0.270021 0.134948 0.170431
1 0.762111 0.157084 0.080450 0.111910
1 0.904196 0.867556 0.191609 0.264887
1 0.695502 0.864733 0.191177 0.270534
1 0.767301 0.058522 0.055363 0.092402
