1 0.909263 0.643145 0.181474 0.298387
1 0.996219 0.506048 0.007561 0.213710
2 0.792060 0.366935 0.238185 0.298387
1 0.507561 0.288306 0.195652 0.188508
2 0.319471 0.203629 0.143667 0.184476
1 0.170132 0.174395 0.128544 0.131048
3 0.068762 0.102823 0.137524 0.205645
2 0.857278 0.265121 0.264650 0.260081
1 0.578450 0.205645 0.171078 0.169355
1 0.395085 0.132056 0.151229 0.143145
1 0.246692 0.101815 0.124764 0.123992
1 0.141777 0.079637 0.086957 0.104839
1 0.038752 0.038810 0.072779 0.077621
1 0.997401 0.027974 0.005199 0.055948
1 0.891304 0.024698 0.150283 0.049395
1 0.715501 0.008317 0.132325 0.016633
1 0.554820 0.001260 0.113422 0.002520
1 0.918715 0.003024 0.154064 0.006048
