1 0.578993 0.981995 0.100694 0.036010
1 0.567708 0.721854 0.092882 0.173013
1 0.407118 0.768212 0.100694 0.192053
1 0.443576 0.578642 0.090278 0.166391
1 0.236979 0.832781 0.129340 0.221854
1 0.297743 0.636589 0.094618 0.149007
1 0.135417 0.721854 0.124132 0.173013
1 0.346354 0.500000 0.070312 0.110099
1 0.229167 0.540563 0.079861 0.115894
1 0.382813 0.419702 0.056424 0.082781
1 0.289063 0.432947 0.062500 0.088576
1 0.389757 0.352649 0.048611 0.067053
1 0.322049 0.348510 0.045139 0.070364
1 0.346354 0.313742 0.042535 0.062914
1 0.365451 0.282285 0.035590 0.057119
3 0.414062 0.262417 0.070312 0.139073
3 0.002821 0.724338 0.005642 0.286424
3 0.103516 0.478477 0.207031 0.280629
3 0.252604 0.293874 0.100694 0.154801
3 0.335069 0.213576 0.090278 0.123344
3 0.425347 0.204470 0.046007 0.080298
1 0.985460 0.282285 0.029080 0.051324
0 0.435764 0.185430 0.065104 0.076159
1 0.771701 0.333609 0.068576 0.068709
1 0.957899 0.495033 0.084201 0.100166
