1 0.612540 0.325095 0.089228 0.090304
1 0.394695 0.245247 0.053858 0.062738
1 0.528939 0.284221 0.067524 0.076996
1 0.331994 0.176806 0.031350 0.044677
1 0.449357 0.235741 0.049035 0.060837
1 0.483923 0.226236 0.047428 0.058935
1 0.409164 0.206274 0.039389 0.060837
1 0.442926 0.187262 0.032154 0.049430
1 0.745177 0.407795 0.103698 0.095057
1 0.513666 0.327947 0.077170 0.085551
1 0.557074 0.693916 0.125402 0.198669
1 0.933883 0.522814 0.132235 0.119772
1 0.268489 0.307034 0.057074 0.083650
1 0.188103 0.245247 0.051447 0.067490
2 0.114952 0.189163 0.067524 0.078897
