1 0.990278 0.347087 0.019444 0.092233
1 0.902778 0.256068 0.037963 0.077670
1 0.595370 0.900789 0.097222 0.198422
1 0.434259 0.906553 0.100000 0.186893
1 0.275000 0.914442 0.119444 0.171117
1 0.096296 0.942354 0.134259 0.115291
1 0.035648 0.892900 0.071296 0.214199
1 0.470370 0.686893 0.088889 0.218447
1 0.327778 0.766990 0.088889 0.189320
1 0.171296 0.782767 0.111111 0.250000
1 0.360185 0.643204 0.077778 0.155340
1 0.250926 0.641990 0.080556 0.166262
1 0.377778 0.544903 0.067593 0.132282
1 0.296296 0.526699 0.067593 0.126214
1 0.413889 0.456311 0.052778 0.111650
1 0.320370 0.449029 0.054630 0.109223
1 0.406481 0.393204 0.043518 0.103155
1 0.335185 0.393204 0.048148 0.098301
1 0.362037 0.342233 0.041667 0.088592
1 0.382407 0.294903 0.044444 0.086165
3 0.429630 0.291262 0.078704 0.203884
3 0.118981 0.578883 0.237963 0.463592
3 0.226852 0.373786 0.117593 0.264563
3 0.288889 0.273058 0.075000 0.201456
3 0.351852 0.186893 0.092593 0.189320
3 0.443519 0.151699 0.062963 0.123786
1 0.847222 0.327670 0.052778 0.083738
1 0.728704 0.411408 0.062037 0.094660
1 0.212037 0.291262 0.030556 0.057039
1 0.175000 0.271845 0.041667 0.066748
1 0.068519 0.463592 0.070370 0.106796
1 0.927778 0.490291 0.088889 0.123786
1 0.983796 0.483010 0.032407 0.126214
1 0.998148 0.746359 0.003704 0.184466
