0 0.664308 0.237838 0.074686 0.123423
1 0.470912 0.109009 0.033805 0.046847
1 0.429245 0.116216 0.033805 0.045045
1 0.448899 0.092793 0.030660 0.042342
1 0.489780 0.089189 0.031447 0.045045
1 0.468553 0.077477 0.030660 0.038739
2 0.398585 0.109910 0.034591 0.055856
1 0.623428 0.073874 0.025943 0.040541
1 0.647799 0.077477 0.031447 0.040541
3 0.698113 0.062162 0.088050 0.110811
1 0.571541 0.092793 0.037736 0.042342
2 0.367138 0.129730 0.032233 0.065766
1 0.609277 0.100000 0.038522 0.046847
1 0.031053 0.272072 0.062107 0.081081
1 0.555031 0.139640 0.047956 0.055856
1 0.492138 0.139640 0.052673 0.051351
1 0.184748 0.186486 0.065252 0.059459
1 0.428459 0.227027 0.071541 0.072973
1 0.304245 0.124324 0.050314 0.049550
1 0.429245 0.082883 0.034591 0.042342
1 0.261792 0.383784 0.103774 0.098198
3 0.381289 0.060360 0.128145 0.102703
