1 0.794776 0.397287 0.150498 0.154070
1 0.987873 0.287791 0.024254 0.124031
1 0.212687 0.351744 0.164179 0.117248
1 0.064366 0.466085 0.128731 0.149225
1 0.100746 0.506783 0.201493 0.179264
1 0.866915 0.499031 0.235075 0.169574
1 0.456468 0.420543 0.230100 0.167636
1 0.570896 0.279070 0.150498 0.107558
1 0.429104 0.343992 0.192786 0.144380
1 0.917910 0.593023 0.164179 0.190891
1 0.442786 0.776163 0.349502 0.250000
1 0.968284 0.776163 0.063433 0.266473
1 0.799751 0.277132 0.155473 0.110465
1 0.787313 0.244186 0.134328 0.103682
