0 0.401815 0.700717 0.294554 0.286738
1 0.630363 0.189068 0.075082 0.068100
1 0.013820 0.268817 0.027640 0.078853
1 0.011551 0.318100 0.023102 0.091398
2 0.676568 0.207885 0.094884 0.091398
1 0.527228 0.213262 0.108911 0.082437
1 0.150990 0.233871 0.118812 0.102151
1 0.566832 0.238351 0.101485 0.082437
1 0.293729 0.194444 0.112211 0.102151
1 0.413366 0.283154 0.117987 0.106631
1 0.405116 0.165771 0.085809 0.074373
1 0.401815 0.234767 0.108911 0.091398
0 0.244224 0.261649 0.161716 0.139785
2 0.165842 0.224910 0.137789 0.173835
