1 0.111208 0.284958 0.147110 0.168432
1 0.309107 0.217161 0.098949 0.110170
1 0.496497 0.127119 0.073555 0.095339
1 0.211033 0.902542 0.290718 0.194915
1 0.718039 0.421610 0.098949 0.161017
2 0.605079 0.076271 0.058669 0.073093
1 0.366900 0.236229 0.084063 0.108051
2 0.132443 0.805879 0.264886 0.388242
1 0.372154 0.608051 0.171629 0.238347
3 0.591068 0.238347 0.204028 0.280720
1 0.035683 0.568856 0.071366 0.278602
1 0.415937 0.452331 0.172504 0.153602
1 0.660245 0.343220 0.088441 0.140890
2 0.107706 0.594280 0.190017 0.276483
1 0.000657 0.805085 0.001314 0.230932
1 0.202277 0.434322 0.164623 0.175847
1 0.370403 0.327331 0.129597 0.148305
1 0.744308 0.181144 0.049037 0.093220
1 0.755692 0.252119 0.063923 0.095339
1 0.498249 0.243644 0.095447 0.143008
