1 0.813241 0.017263 0.044466 0.034526
1 0.883399 0.039933 0.044466 0.041597
1 0.902174 0.015183 0.039526 0.030366
2 0.607707 0.346090 0.135376 0.173877
1 0.884387 0.276206 0.089921 0.106489
1 0.982460 0.326955 0.035079 0.118136
1 0.734190 0.040765 0.051383 0.051581
1 0.834980 0.192180 0.079051 0.086522
1 0.963439 0.178037 0.070158 0.083195
1 0.747036 0.096506 0.059289 0.051581
1 0.690711 0.084859 0.070158 0.059068
1 0.546443 0.072379 0.064229 0.057404
1 0.504941 0.202995 0.110672 0.079035
1 0.157115 0.288686 0.165020 0.104825
1 0.083992 0.386023 0.151186 0.116473
