1 0.507859 0.544224 0.062868 0.073105
1 0.572692 0.539711 0.057957 0.081227
1 0.445972 0.619134 0.065815 0.090253
3 0.265472 0.858529 0.530943 0.282942
1 0.525540 0.586643 0.074656 0.083032
1 0.723969 0.951489 0.125737 0.097022
3 0.417485 0.703971 0.228880 0.265343
1 0.628684 0.562274 0.067780 0.083032
1 0.645383 0.487365 0.071709 0.064079
1 0.694499 0.703069 0.070727 0.117329
1 0.813360 0.632671 0.063851 0.100181
1 0.616896 0.498195 0.079568 0.053249
1 0.713163 0.600181 0.063851 0.085740
1 0.757367 0.500903 0.047151 0.059567
1 0.749509 0.818592 0.130648 0.157942
1 0.931238 0.943141 0.132613 0.113718
2 0.776031 0.455776 0.043222 0.062274
