1 0.241745 0.146602 0.080189 0.097087
1 0.557783 0.928398 0.250000 0.143204
1 0.402123 0.116505 0.070755 0.094175
2 0.330189 0.284466 0.095519 0.198058
1 0.606132 0.001942 0.050708 0.003883
1 0.517689 0.176699 0.084906 0.112621
1 0.719340 0.022816 0.060142 0.045631
1 0.668632 0.069903 0.069575 0.085437
1 0.403302 0.038350 0.056604 0.076699
1 0.509434 0.038592 0.057783 0.077184
1 0.787736 0.105825 0.086085 0.100971
1 0.511792 0.010194 0.048349 0.020388
1 0.438679 0.012379 0.047170 0.024757
3 0.267689 0.060194 0.193396 0.120388
