1 0.314286 0.017691 0.041176 0.035382
1 0.370588 0.023045 0.043697 0.046089
1 0.242017 0.023045 0.039496 0.046089
1 0.357143 0.072626 0.047059 0.093110
1 0.274790 0.065177 0.047059 0.077281
1 0.249580 0.149907 0.064706 0.125698
1 0.131933 0.186220 0.079832 0.125698
1 0.279832 0.324022 0.093277 0.154562
2 0.088235 0.543762 0.140336 0.246741
1 0.650420 0.132216 0.049580 0.083799
2 0.782353 0.784916 0.174790 0.430168
1 0.510084 0.631285 0.111765 0.282123
1 0.557143 0.132216 0.059664 0.099628
1 0.469748 0.148045 0.057983 0.119181
1 0.460504 0.049348 0.043697 0.070763
