1 0.915584 0.710309 0.168831 0.290722
1 0.707792 0.465979 0.085227 0.205155
0 0.661526 0.125773 0.074675 0.141237
1 0.729708 0.269072 0.073864 0.153608
1 0.463474 0.003093 0.032468 0.006186
1 0.419643 0.008763 0.035714 0.017526
1 0.539773 0.005928 0.042208 0.011856
2 0.607955 0.014175 0.048701 0.028351
1 0.018060 0.175258 0.036120 0.075258
1 0.562500 0.013144 0.044643 0.026289
1 0.461039 0.040206 0.057630 0.068041
1 0.394481 0.277320 0.109578 0.149485
1 0.357955 0.148454 0.088474 0.105155
1 0.111201 0.125773 0.085227 0.100000
1 0.062500 0.106186 0.062500 0.073196
1 0.274351 0.013144 0.048701 0.026289
2 0.362825 0.004381 0.039773 0.008763
1 0.252435 0.184536 0.085227 0.100000
1 0.191558 0.302062 0.120130 0.144330
