1 0.503145 0.016386 0.057390 0.032772
1 0.447327 0.017556 0.057390 0.035112
1 0.627358 0.039326 0.055818 0.046816
1 0.597484 0.052434 0.066824 0.058052
0 0.332547 0.134831 0.075472 0.124532
1 0.128145 0.571161 0.161164 0.257491
1 0.284591 0.459738 0.084119 0.195693
1 0.294811 0.290262 0.069182 0.137640
1 0.254717 0.165730 0.060535 0.113296
1 0.222484 0.102060 0.047170 0.088951
1 0.159591 0.929073 0.283805 0.141854
1 0.851415 0.205993 0.098270 0.090824
1 0.391509 0.730337 0.235849 0.228464
1 0.687107 0.125468 0.085692 0.075843
1 0.405660 0.040262 0.073113 0.071161
1 0.164308 0.044007 0.060535 0.073034
1 0.746069 0.721910 0.191038 0.208802
1 0.910377 0.132022 0.074686 0.064607
1 0.187107 0.020131 0.066824 0.040262
