2 0.297927 0.228827 0.044905 0.098534
1 0.231434 0.230456 0.037133 0.059446
1 0.183938 0.187296 0.037996 0.048046
1 0.760794 0.692997 0.126943 0.188925
1 0.568221 0.616449 0.096718 0.163681
1 0.860967 0.584691 0.113990 0.135179
1 0.698618 0.389251 0.078584 0.092834
1 0.163212 0.369707 0.069085 0.094463
1 0.541451 0.282573 0.051813 0.090391
1 0.588083 0.245114 0.041451 0.053746
1 0.455095 0.262215 0.044041 0.063518
1 0.035406 0.395765 0.070812 0.094463
1 0.182211 0.697068 0.117444 0.187296
1 0.003238 0.333876 0.006477 0.081433
1 0.501727 0.210098 0.033679 0.050489
1 0.015760 0.675896 0.031520 0.171824
