0 0.342105 0.258532 0.087114 0.115188
1 0.625227 0.249147 0.043557 0.072526
1 0.628857 0.181741 0.039020 0.052901
1 0.598004 0.121160 0.036298 0.038396
1 0.571688 0.140785 0.039020 0.048635
1 0.572595 0.103242 0.039020 0.036689
2 0.656987 0.134812 0.040835 0.056314
2 0.694192 0.172355 0.040835 0.064846
1 0.632486 0.125427 0.039927 0.038396
1 0.879310 0.250853 0.077132 0.058874
1 0.916515 0.206485 0.071688 0.052901
2 0.665154 0.116894 0.035390 0.046928
1 0.977541 0.287543 0.044918 0.066553
1 0.533575 0.110921 0.035390 0.038396
