1 0.095547 0.316308 0.122449 0.125448
1 0.708720 0.409498 0.242115 0.199821
3 0.281076 0.232079 0.333952 0.278674
1 0.082560 0.210573 0.095547 0.095878
2 0.870130 0.318100 0.259740 0.233871
1 0.599258 0.264337 0.166976 0.150538
1 0.418367 0.204301 0.151206 0.131720
1 0.271800 0.172939 0.121521 0.102151
1 0.171614 0.156810 0.088126 0.086918
1 0.083488 0.131720 0.069573 0.069892
1 0.030844 0.129032 0.061688 0.069892
1 0.967532 0.189068 0.064935 0.133513
1 0.937848 0.265233 0.124304 0.161290
1 0.670686 0.192652 0.163265 0.139785
1 0.986085 0.077957 0.027829 0.089606
1 0.780148 0.064516 0.140074 0.103943
3 0.487013 0.038754 0.260668 0.077509
1 0.837662 0.036290 0.129870 0.072581
1 0.295918 0.028450 0.080705 0.056900
1 0.581633 0.024642 0.123377 0.049283
1 0.196660 0.023297 0.066790 0.046595
1 0.348794 0.017921 0.071429 0.035842
1 0.125232 0.022625 0.052876 0.045251
1 0.268089 0.014785 0.067718 0.029570
1 0.075139 0.018145 0.039889 0.036290
1 0.182746 0.010305 0.058442 0.020609
