1 0.436034 0.319383 0.071429 0.091410
1 0.504264 0.309471 0.069296 0.093612
1 0.358209 0.397577 0.071429 0.120044
1 0.458422 0.460352 0.094883 0.133260
3 0.269723 0.941905 0.312367 0.116189
3 0.303838 0.703744 0.500000 0.548458
1 0.681237 0.587004 0.097015 0.169603
1 0.673774 0.409692 0.068230 0.122247
1 0.454158 0.372247 0.077825 0.085903
1 0.699360 0.321586 0.056503 0.083700
3 0.562900 0.314978 0.139659 0.219163
1 0.781450 0.276432 0.050107 0.091410
1 0.728145 0.226872 0.052239 0.062775
1 0.775053 0.212555 0.045842 0.062775
