0 0.530550 0.580808 0.382892 0.325252
1 0.554990 0.004798 0.084521 0.009596
2 0.971232 0.191919 0.057536 0.184848
1 0.964868 0.289899 0.070265 0.153535
3 0.237271 0.018687 0.334012 0.037374
3 0.599796 0.079798 0.362525 0.159596
1 0.680244 0.014141 0.098778 0.028283
1 0.724033 0.205051 0.161914 0.141414
1 0.741344 0.007828 0.086558 0.015657
1 0.925917 0.364646 0.148167 0.186869
1 0.905295 0.023990 0.118126 0.047980
1 0.881874 0.048485 0.141548 0.096970
1 0.838086 0.003283 0.104888 0.006566
1 0.481670 0.197980 0.167006 0.136364
1 0.982434 0.013889 0.035132 0.027778
1 0.243381 0.127273 0.142566 0.108081
1 0.142566 0.041919 0.100815 0.083838
