0 0.595935 0.629816 0.290244 0.268007
1 0.370732 0.151591 0.073984 0.063652
1 0.982317 0.227806 0.035366 0.073702
1 0.984553 0.272194 0.030894 0.085427
2 0.325203 0.169179 0.093496 0.085427
1 0.472358 0.174204 0.107317 0.077052
1 0.843089 0.193467 0.117073 0.095477
1 0.433333 0.197655 0.100000 0.077052
1 0.702439 0.156616 0.110569 0.095477
1 0.584553 0.237018 0.116260 0.095477
1 0.592683 0.129816 0.084553 0.069514
1 0.595935 0.194305 0.107317 0.085427
0 0.751220 0.219430 0.159350 0.130653
2 0.725203 0.150754 0.130081 0.124791
