1 0.618998 0.532149 0.259916 0.226734
3 0.141441 0.331641 0.282881 0.282572
2 0.886482 0.459391 0.227035 0.252961
1 0.591858 0.392555 0.216075 0.156514
2 0.384134 0.324027 0.157620 0.160745
1 0.219207 0.299492 0.141962 0.109983
3 0.089248 0.234349 0.178497 0.182741
1 0.913361 0.380711 0.173278 0.180203
1 0.395616 0.164975 0.113779 0.084602
2 0.339248 0.245347 0.154489 0.122673
1 0.029228 0.175973 0.058455 0.068528
1 0.966075 0.147208 0.067850 0.100677
1 0.821503 0.126904 0.149269 0.090525
1 0.643006 0.115059 0.126305 0.077834
3 0.437370 0.069374 0.257829 0.138748
1 0.920407 0.101523 0.159186 0.082064
1 0.744259 0.085448 0.132568 0.076142
1 0.594990 0.067682 0.103340 0.068528
1 0.282881 0.066836 0.067850 0.061760
1 0.231733 0.093063 0.078288 0.054146
1 0.176409 0.066836 0.075157 0.046531
1 0.121086 0.085448 0.058455 0.043993
