1 0.973597 0.211538 0.052805 0.070850
1 0.542904 0.943573 0.112211 0.112854
1 0.371287 0.962551 0.126238 0.074899
1 0.178218 0.952429 0.132013 0.095142
1 0.033828 0.970648 0.067657 0.058704
1 0.537129 0.759109 0.085809 0.201417
1 0.395215 0.763158 0.089109 0.201417
1 0.253300 0.795547 0.108086 0.215587
1 0.093234 0.830972 0.117987 0.211538
1 0.036716 0.730769 0.073432 0.187247
1 0.428218 0.561741 0.079208 0.182186
1 0.301155 0.632591 0.079208 0.162956
1 0.160891 0.645749 0.094884 0.211538
1 0.330858 0.525304 0.066832 0.131579
1 0.233498 0.528340 0.070132 0.134615
1 0.345710 0.443320 0.058581 0.117409
1 0.271452 0.425101 0.059406 0.108300
1 0.374587 0.371458 0.050330 0.086032
1 0.294554 0.365385 0.046205 0.084008
1 0.371287 0.312753 0.042079 0.076923
1 0.306106 0.309717 0.042079 0.081984
1 0.329208 0.274291 0.042079 0.076923
1 0.347360 0.235830 0.033828 0.071862
3 0.393564 0.216599 0.063531 0.165992
3 0.109942 0.470648 0.219884 0.388664
3 0.210396 0.301619 0.108911 0.220648
3 0.263201 0.218623 0.081683 0.165992
3 0.320957 0.150810 0.088284 0.157895
3 0.404290 0.155870 0.049505 0.129555
0 0.880363 0.217611 0.052805 0.112348
1 0.562706 0.066802 0.022277 0.038462
1 0.735974 0.157895 0.032178 0.059717
1 0.970297 0.335020 0.059406 0.091093
3 0.337459 0.073887 0.065182 0.078947
1 0.935025 0.832996 0.129950 0.225709
