1 0.343543 0.180833 0.029801 0.041667
2 0.270695 0.196667 0.033940 0.076667
1 0.802152 0.491667 0.086093 0.128333
1 0.314570 0.262500 0.043046 0.069167
1 0.176325 0.188333 0.036424 0.060833
2 0.536424 0.405000 0.058775 0.142500
1 0.605960 0.363333 0.066225 0.102500
1 0.215232 0.304167 0.053808 0.076667
1 0.305464 0.373333 0.060430 0.100833
1 0.146523 0.290000 0.052152 0.070833
2 0.548841 0.229167 0.040563 0.085000
1 0.250828 0.570833 0.082781 0.148333
1 0.110099 0.560833 0.111755 0.165833
2 0.024834 0.478333 0.049669 0.152500
2 0.459437 0.162500 0.025662 0.057500
2 0.602649 0.153333 0.025662 0.053333
