1 0.185451 0.023374 0.070697 0.046748
1 0.349385 0.024390 0.049180 0.048780
1 0.305328 0.044715 0.052254 0.077236
1 0.947746 0.285569 0.104508 0.128049
1 0.991547 0.242886 0.016906 0.132114
1 0.392418 0.056911 0.050205 0.067073
1 0.884221 0.174797 0.106557 0.103659
1 0.418033 0.107724 0.050205 0.089431
1 0.334016 0.088415 0.045082 0.072154
1 0.746926 0.153455 0.093238 0.093496
1 0.726434 0.105691 0.103484 0.084350
1 0.751025 0.083333 0.078893 0.072154
1 0.355533 0.145325 0.054303 0.086382
1 0.623975 0.106707 0.073770 0.077236
1 0.459016 0.243902 0.070697 0.110772
2 0.329918 0.326220 0.093238 0.193089
1 0.609631 0.043699 0.050205 0.070122
1 0.679303 0.043699 0.062500 0.070122
1 0.486680 0.439024 0.093238 0.166667
3 0.849641 0.593496 0.300717 0.759146
1 0.564549 0.024898 0.042008 0.049797
1 0.429303 0.943343 0.136271 0.113313
