0 0.557531 0.174145 0.193515 0.214744
1 0.882845 0.141026 0.104603 0.098291
2 0.786611 0.180556 0.100418 0.121795
1 0.533473 0.318376 0.111925 0.116453
2 0.787657 0.115385 0.092050 0.096154
1 0.678870 0.285256 0.096234 0.123932
3 0.226987 0.275641 0.380753 0.367521
1 0.027981 0.348291 0.055962 0.146367
1 0.300209 0.456197 0.151674 0.154915
2 0.509414 0.412393 0.111925 0.182692
1 0.026935 0.250000 0.053870 0.123932
1 0.100418 0.238248 0.091004 0.116453
1 0.325314 0.644231 0.163180 0.199786
1 0.102510 0.172009 0.082636 0.101496
1 0.207113 0.157051 0.071130 0.090812
