1 0.684375 0.182602 0.028125 0.040752
1 0.742969 0.181818 0.031250 0.039185
1 0.645312 0.237461 0.033594 0.059561
2 0.717188 0.241379 0.034375 0.076019
1 0.788281 0.180251 0.031250 0.046238
2 0.107031 0.446708 0.111719 0.169279
1 0.759375 0.221787 0.037500 0.059561
1 0.380469 0.347179 0.053125 0.081505
1 0.835938 0.229624 0.038281 0.046238
1 0.678906 0.385580 0.056250 0.089342
2 0.800781 0.429467 0.069531 0.128527
1 0.392969 0.229624 0.031250 0.054075
1 0.767187 0.670063 0.102344 0.161442
1 0.930469 0.402821 0.078906 0.107367
2 0.518750 0.188871 0.024219 0.059561
