2 0.046053 0.285581 0.092105 0.170412
1 0.268640 0.220974 0.158991 0.119850
1 0.429825 0.169476 0.119517 0.093633
1 0.633772 0.104869 0.084430 0.071161
1 0.558114 0.186330 0.093202 0.088951
2 0.158443 0.739700 0.316886 0.390449
1 0.451754 0.548689 0.219298 0.204120
3 0.725877 0.221910 0.257675 0.246255
1 0.008772 0.505618 0.017544 0.202247
1 0.375000 0.452247 0.226974 0.171348
1 0.673246 0.409176 0.157895 0.150749
2 0.119792 0.535581 0.239583 0.255618
1 0.152412 0.416667 0.226974 0.155431
1 0.402412 0.311798 0.172149 0.117978
1 0.866228 0.265918 0.095395 0.111423
1 0.778509 0.334270 0.109649 0.119850
1 0.557018 0.245318 0.112939 0.128277
1 0.859649 0.199438 0.062500 0.071161
1 0.918860 0.173221 0.058114 0.068352
1 0.933114 0.233146 0.062500 0.086142
