1 0.664646 0.750501 0.286869 0.280561
3 0.697727 0.524048 0.604546 0.486974
1 0.304040 0.445892 0.157576 0.156313
1 0.068687 0.374749 0.118182 0.111222
2 0.887121 0.484970 0.225758 0.263527
1 0.621212 0.422846 0.181818 0.168337
1 0.424242 0.357715 0.164646 0.147295
1 0.264646 0.320641 0.130303 0.111222
1 0.153535 0.304609 0.097980 0.097194
1 0.063636 0.279559 0.075758 0.078156
1 0.016919 0.273547 0.033838 0.085170
1 0.993182 0.338677 0.013636 0.154309
1 0.955556 0.425852 0.088889 0.178357
1 0.780808 0.359719 0.198990 0.161323
1 0.217172 0.216433 0.097980 0.088176
1 0.063636 0.221443 0.064646 0.078156
3 0.830556 0.152305 0.338889 0.228457
1 0.488889 0.171343 0.112121 0.078156
1 0.297980 0.157315 0.083838 0.073146
1 0.504040 0.135271 0.106061 0.081162
1 0.180808 0.152305 0.075758 0.057114
1 0.342424 0.125250 0.081818 0.076152
1 0.086869 0.145291 0.060606 0.062124
1 0.243434 0.119238 0.071717 0.066132
