1 0.632000 0.136444 0.029600 0.056338
2 0.157600 0.770246 0.136800 0.321303
1 0.647200 0.191021 0.039200 0.066901
1 0.708000 0.176056 0.040800 0.071303
2 0.769600 0.165493 0.034400 0.073063
2 0.466400 0.323063 0.050400 0.135563
2 0.236000 0.287852 0.053600 0.108275
1 0.752800 0.288732 0.054400 0.094190
1 0.824000 0.168134 0.042400 0.051937
1 0.805600 0.125880 0.038400 0.060739
2 0.712000 0.457746 0.101600 0.231514
1 0.819200 0.433099 0.076000 0.135563
1 0.867200 0.289613 0.066400 0.091549
1 0.429600 0.203345 0.039200 0.068662
1 0.503200 0.206866 0.035200 0.066901
1 0.373600 0.187500 0.039200 0.060739
1 0.410400 0.137324 0.038400 0.054577
