1 0.343352 0.155797 0.128415 0.179952
1 0.500911 0.130435 0.112933 0.171498
1 0.471767 0.053140 0.102004 0.106280
1 0.644809 0.020229 0.080146 0.040459
1 0.325137 0.015097 0.105647 0.030193
1 0.561931 0.003019 0.094718 0.006039
1 0.193989 0.067633 0.124772 0.131643
1 0.056694 0.165459 0.113388 0.146135
1 0.532787 0.263285 0.130237 0.211353
1 0.708561 0.035024 0.084699 0.070048
1 0.812386 0.561594 0.243169 0.225845
3 0.380237 0.862319 0.760474 0.275362
2 0.173042 0.153382 0.123862 0.175121
1 0.122040 0.731884 0.244080 0.177536
2 0.649362 0.765700 0.319672 0.332126
