1 0.034298 0.883048 0.068595 0.233903
1 0.314876 0.526157 0.086777 0.193159
1 0.404959 0.623742 0.082645 0.229376
1 0.200826 0.401408 0.062810 0.092555
1 0.637190 0.241449 0.035537 0.085513
1 0.752893 0.205231 0.033058 0.050302
1 0.714050 0.255533 0.042975 0.057344
1 0.814876 0.212274 0.037190 0.052314
1 0.812397 0.311871 0.043802 0.073441
1 0.666942 0.417505 0.056198 0.111670
1 0.771901 0.422535 0.065289 0.109658
1 0.699174 0.630785 0.091736 0.184105
1 0.876033 0.405433 0.066116 0.102616
1 0.971901 0.406439 0.056198 0.108652
