1 0.478745 0.098616 0.065789 0.040657
1 0.413968 0.108131 0.073887 0.043253
0 0.286437 0.224913 0.093117 0.122837
1 0.064524 0.634083 0.129049 0.250000
1 0.224696 0.528547 0.110324 0.176471
1 0.240891 0.393599 0.092105 0.131488
1 0.210526 0.291522 0.079959 0.112457
1 0.160931 0.231834 0.061741 0.083910
1 0.029352 0.878893 0.058704 0.229239
1 0.739879 0.224913 0.110324 0.070069
1 0.096154 0.172145 0.061741 0.073529
1 0.327935 0.794118 0.260121 0.211073
1 0.808704 0.179066 0.086032 0.053633
1 0.361336 0.149654 0.089069 0.057093
2 0.941296 0.221453 0.110324 0.061419
1 0.900304 0.800173 0.199393 0.197232
1 0.145749 0.116782 0.088057 0.055363
