1 0.939457 0.967601 0.117954 0.064799
1 0.871608 0.828371 0.187891 0.240806
1 0.760960 0.669877 0.108559 0.172504
1 0.211900 0.922067 0.162839 0.155867
1 0.427975 0.882662 0.137787 0.234676
1 0.706681 0.915937 0.195198 0.168126
1 0.416493 0.667250 0.120042 0.180385
1 0.219207 0.773205 0.125261 0.203152
1 0.682672 0.521016 0.117954 0.155867
1 0.618998 0.749562 0.161795 0.234676
2 0.621086 0.425569 0.101253 0.149737
2 0.977035 0.456217 0.042797 0.128722
1 0.256785 0.622592 0.091858 0.174256
2 0.854906 0.361646 0.107516 0.119965
0 0.385177 0.263573 0.080376 0.140981
