1 0.721366 0.201835 0.042951 0.056881
1 0.655286 0.224771 0.049559 0.071560
2 0.759912 0.247706 0.053965 0.077982
1 0.829295 0.222018 0.047357 0.047706
1 0.864537 0.196330 0.040749 0.047706
1 0.683921 0.332110 0.057269 0.076147
2 0.102423 0.467890 0.095815 0.154128
1 0.733480 0.495413 0.093612 0.133028
1 0.910793 0.311009 0.067181 0.071560
1 0.450441 0.309174 0.061674 0.082569
2 0.393172 0.224771 0.053965 0.100000
1 0.963932 0.570642 0.072137 0.134862
1 0.895374 0.800000 0.142070 0.212844
1 0.342511 0.213761 0.040749 0.050459
