1 0.464416 0.406190 0.091241 0.187621
1 0.550182 0.142166 0.059307 0.100580
1 0.651460 0.191489 0.077555 0.117021
3 0.735401 0.116054 0.181569 0.232108
1 0.604927 0.321083 0.079380 0.142166
1 0.507299 0.827369 0.150547 0.345261
1 0.697080 0.779497 0.175182 0.339458
1 0.867701 0.716634 0.216241 0.348162
1 0.983805 0.296905 0.032391 0.160542
1 0.920849 0.455513 0.158303 0.227273
1 0.119526 0.085106 0.040146 0.075435
1 0.274635 0.063830 0.041058 0.066731
1 0.345803 0.033849 0.039234 0.059961
1 0.244526 0.033849 0.037409 0.053191
