1 0.627306 0.334507 0.091328 0.073063
1 0.559963 0.294894 0.081181 0.064261
1 0.493542 0.260563 0.069188 0.062500
1 0.447417 0.235915 0.059041 0.054577
1 0.727860 0.387324 0.107934 0.074824
1 0.883764 0.412852 0.122694 0.088028
1 0.748155 0.353873 0.095941 0.083627
1 0.649446 0.306338 0.081181 0.066901
2 0.581181 0.265845 0.071033 0.064261
1 0.503690 0.230634 0.067343 0.060739
1 0.563653 0.231514 0.065498 0.058099
1 0.994696 0.490317 0.010609 0.117077
1 0.840406 0.453345 0.131919 0.089789
1 0.970018 0.537852 0.059963 0.110916
1 0.633764 0.265845 0.067343 0.064261
1 0.703875 0.302817 0.078413 0.066901
1 0.407749 0.319542 0.083948 0.080986
1 0.303506 0.241197 0.061808 0.060739
