0 0.433105 0.582645 0.316467 0.470041
1 0.831046 0.470041 0.123499 0.161157
1 0.972985 0.367769 0.054031 0.114669
1 0.222985 0.372934 0.192110 0.183884
3 0.527444 0.236570 0.322470 0.262397
3 0.210978 0.221074 0.421955 0.323347
1 0.788165 0.236570 0.075472 0.098140
3 0.731561 0.161157 0.205832 0.183884
1 0.861063 0.220041 0.075472 0.085744
3 0.913379 0.133264 0.171527 0.125000
2 0.234134 0.570248 0.219554 0.301653
1 0.493139 0.490702 0.178388 0.193182
2 0.662093 0.399793 0.129503 0.185950
1 0.798456 0.372934 0.115780 0.134298
3 0.915523 0.288223 0.168954 0.227273
