1 0.157759 0.343177 0.207759 0.181263
1 0.462931 0.252546 0.155172 0.147658
1 0.752586 0.165988 0.096552 0.110998
3 0.321552 0.554990 0.637069 0.683299
0 0.743103 0.304481 0.192241 0.316701
1 0.870690 0.301426 0.100862 0.132383
1 0.949138 0.243381 0.088793 0.121181
3 0.989224 0.174134 0.021552 0.193483
1 0.074784 0.292261 0.149569 0.178208
1 0.314655 0.220978 0.169828 0.154786
1 0.032759 0.219959 0.065517 0.158859
3 0.557759 0.115580 0.292241 0.231161
3 0.304310 0.115326 0.357759 0.230652
1 0.747414 0.113035 0.075862 0.091650
3 0.690517 0.069756 0.206897 0.139511
1 0.820690 0.106925 0.075862 0.084521
3 0.873276 0.041497 0.172414 0.082994
2 0.190517 0.452138 0.220690 0.297352
1 0.450862 0.373727 0.179310 0.190428
2 0.620690 0.284114 0.130172 0.183299
1 0.757759 0.257637 0.116379 0.132383
3 0.892241 0.174134 0.203448 0.224033
