1 0.300857 0.334146 0.101713 0.073171
1 0.382227 0.294309 0.088865 0.061789
1 0.455032 0.265854 0.077088 0.061789
1 0.510707 0.241463 0.071734 0.050407
1 0.185225 0.374797 0.128480 0.073171
1 0.038276 0.397561 0.076552 0.073171
1 0.159529 0.348780 0.108137 0.069106
1 0.280514 0.303252 0.094218 0.061789
2 0.359743 0.264228 0.078158 0.059350
1 0.444325 0.232520 0.072805 0.057724
1 0.377944 0.231707 0.072805 0.046341
1 0.063437 0.439837 0.126874 0.084553
1 0.294433 0.265854 0.080300 0.053659
1 0.204497 0.296748 0.091006 0.057724
1 0.135974 0.518699 0.146681 0.123577
1 0.326552 0.495935 0.128480 0.126829
2 0.511777 0.318699 0.088865 0.113821
1 0.701285 0.271545 0.071734 0.063415
