1 0.453355 0.292391 0.098200 0.131522
3 0.569558 0.050272 0.135025 0.100543
1 0.689853 0.136957 0.072013 0.103261
1 0.599836 0.151087 0.074468 0.100000
1 0.779869 0.075000 0.058102 0.071739
1 0.445172 0.138043 0.075286 0.095652
1 0.323241 0.229348 0.102291 0.116304
1 0.725859 0.054348 0.063011 0.071739
1 0.593290 0.085870 0.061375 0.064130
1 0.199673 0.314130 0.125205 0.146739
3 0.762684 0.775000 0.474632 0.450000
1 0.772504 0.757609 0.196399 0.247826
1 0.055033 0.406522 0.110065 0.154348
3 0.307283 0.926087 0.614566 0.147826
1 0.877250 0.031250 0.045008 0.062500
1 0.064034 0.727174 0.128069 0.221739
1 0.951718 0.011685 0.056465 0.023370
1 0.346154 0.755435 0.236498 0.242391
1 0.121931 0.626087 0.172668 0.182609
