1 0.265625 0.470447 0.143914 0.146166
1 0.818257 0.166134 0.046053 0.064697
1 0.906250 0.154952 0.036184 0.060703
2 0.716283 0.202875 0.063322 0.092652
2 0.146382 0.387380 0.140625 0.164537
2 0.229441 0.396965 0.111842 0.151757
1 0.305921 0.260383 0.078947 0.077476
1 0.545230 0.224441 0.065789 0.075879
1 0.486842 0.206869 0.069079 0.081470
1 0.682566 0.468051 0.107730 0.143770
1 0.833059 0.464058 0.085526 0.142173
1 0.520559 0.156550 0.052632 0.049521
1 0.599507 0.138179 0.046875 0.051118
1 0.531250 0.123802 0.046053 0.043930
