1 0.356275 0.871514 0.307692 0.256972
1 0.743927 0.587649 0.167004 0.200199
1 0.934211 0.436255 0.106275 0.139442
3 0.946103 0.231076 0.107794 0.179283
1 0.891700 0.337649 0.101215 0.108566
3 0.600202 0.476096 0.534413 0.523904
3 0.140688 0.758964 0.281377 0.482072
1 0.017206 0.634462 0.034413 0.245020
3 0.694332 0.195219 0.209514 0.179283
1 0.501012 0.295817 0.122470 0.118526
1 0.312753 0.365538 0.158907 0.146414
1 0.086538 0.452191 0.173077 0.177291
3 0.007085 0.361554 0.014170 0.268924
1 0.207490 0.328685 0.157895 0.132470
1 0.422065 0.263944 0.117409 0.118526
3 0.579959 0.178287 0.217611 0.189243
